10000 43.2743393884
20000 30.7765716295
30000 25.4767906601
40000 22.2480569732
50000 19.8275940141
60000 18.1824031402
70000 16.7910840684
80000 15.5726534338
90000 14.7396868925
100000 13.8714780186
110000 13.179262247
120000 12.5763288652
130000 12.0525680814
140000 11.587037049
150000 11.1803685319
160000 10.8140378478
170000 10.4674278891
180000 10.1599718665
190000 9.97383223043
200000 9.60228932285
210000 9.3562939545
220000 9.13602283473
230000 9.02045670882
240000 8.72095139729
250000 8.5323911326
260000 8.35404505494
270000 8.18390571574
280000 8.02909979362
290000 7.87623782129
300000 7.73484045916
310000 7.59857422944
320000 7.46978538375
330000 7.34601986947
340000 7.2270676158
350000 7.11481128423
360000 7.0070120981
370000 6.90326297164
380000 6.80496582556
390000 6.70998412104
400000 6.61804495403
410000 6.52990682787
420000 6.44572712947
430000 6.3636804769
440000 6.2855183243
450000 6.20981582715
460000 6.13685396538
470000 6.06637555438
480000 5.99762971037
490000 5.93140257588
500000 5.86728927176
510000 5.80598577066
520000 5.74568172675
530000 5.68794575436
540000 5.63115724468
550000 5.57591772107
560000 5.52329859248
570000 5.47158369025
580000 5.42189889021
590000 5.37286260756
600000 5.3256653304
610000 5.27925661867
620000 5.23523697103
630000 5.19178795354
640000 5.14951200211
650000 5.10886371266
660000 5.06868944162
670000 5.02961395126
680000 4.99142664079
690000 4.95425680978
700000 4.91769399664
710000 4.88207429219
720000 4.84662878572
730000 4.81189383126
740000 4.77852073314
750000 4.74566190428
760000 4.71476156091
770000 4.68263998598
780000 4.65203882489
790000 4.6223174153
800000 4.59249650112
810000 4.56380603036
820000 4.53548849846
830000 4.50712793463
840000 4.47957342635
850000 4.45193034505
860000 4.42646269277
870000 4.40056207072
880000 4.37555986054
890000 4.35044394964
900000 4.32660389165
910000 4.30289199231
920000 4.27900110799
930000 4.25578922436
940000 4.23338732558
950000 4.21101214593
960000 4.18917635386
970000 4.16740354402
980000 4.14626168791
990000 4.12510888801
1000000 4.10442086817
1010000 4.08464658296
1020000 4.06556784189
1030000 4.04595979402
1040000 4.02651347727
1050000 4.00779183865
1060000 3.98905935209
1070000 3.97073418906
1080000 3.95247170395
1090000 3.93451415435
1100000 3.9166532183
1110000 3.89934717127
1120000 3.88195648813
1130000 3.86494341789
1140000 3.84979656278
1150000 3.83151810711
1160000 3.81525747889
1170000 3.79922498824
1180000 3.78351379698
1190000 3.76802903093
1200000 3.75285280654
1210000 3.73755907291
1220000 3.72232070525
1230000 3.7081247944
1240000 3.69338451158
1250000 3.68218581751
1260000 3.66460704569
1270000 3.65038978984
1280000 3.6397428739
1290000 3.62275667233
1300000 3.60931105976
1310000 3.59604778475
1320000 3.58258089286
1330000 3.56930176206
1340000 3.55650505433
1350000 3.54832755733
1360000 3.53089802505
1370000 3.51828601556
1380000 3.50613796602
1390000 3.49364811386
1400000 3.4868889732
1410000 3.46955723683
1420000 3.45792216205
1430000 3.44598111816
1440000 3.4347047192
1450000 3.42315327958
1460000 3.41173658758
1470000 3.40025584446
1480000 3.38897618219
1490000 3.37790356841
1500000 3.36697225085
1510000 3.36260101508
1520000 3.35193421453
1530000 3.33474263048
1540000 3.32422346786
1550000 3.31363418517
1560000 3.31041515037
1570000 3.29254849473
1580000 3.29003246376
1590000 3.27272288883
1600000 3.26323326176
1610000 3.25346381002
1620000 3.24341840856
1630000 3.23359171332
1640000 3.22392288246
1650000 3.21451426551
1660000 3.21332576104
1670000 3.19583231005
1680000 3.19509015199
1690000 3.17748561568
1700000 3.16860288104
1710000 3.15946627724
1720000 3.15070271154
1730000 3.14195394453
1740000 3.13304996725
1750000 3.12447919768
1760000 3.11587805107
1770000 3.10731320748
1780000 3.09884646362
1790000 3.09060858998
1800000 3.09242341972
1810000 3.07437909878
1820000 3.06627322455
1830000 3.05810833017
1840000 3.05011662975
1850000 3.04200462978
1860000 3.03417488232
1870000 3.03689111401
1880000 3.01869910467
1890000 3.01113917739
1900000 3.00327485068
1910000 2.99571290259
1920000 2.98837330543
1930000 2.99231627884
1940000 2.97350695942
1950000 2.96604208861
1960000 2.95880523388
1970000 2.95144739745
1980000 2.95619658893
1990000 2.93707675537
2000000 2.93000539606
2010000 2.92307176845
2020000 2.91619638332
2030000 2.90936512623
2040000 2.90261298994
2050000 2.89584372324
2060000 2.88907960273
2070000 2.88235057679
2080000 2.87564572962
2090000 2.86891807227
2100000 2.87560310079
2110000 2.86912138154
2120000 2.86301411904
2130000 2.85684057288
2140000 2.83672451391
2150000 2.83015415029
2160000 2.823681958
2170000 2.81727703277
2180000 2.82442076921
2190000 2.80478463316
2200000 2.81245670927
2210000 2.80641385508
2220000 2.80036550331
2230000 2.78032245478
2240000 2.77436439526
2250000 2.76842020558
2260000 2.76244059178
2270000 2.75679437251
2280000 2.75101737497
2290000 2.74515773437
2300000 2.73944118771
2310000 2.74841828825
2320000 2.72812005272
2330000 2.72246299899
2340000 2.7170647037
2350000 2.71154334337
2360000 2.70608746493
2370000 2.71598414852
2380000 2.69526844345
2390000 2.6899115796
2400000 2.68462516875
2410000 2.69500482695
2420000 2.67387646068
2430000 2.66879224415
2440000 2.66347822829
2450000 2.65827706177
2460000 2.65308471558
2470000 2.64796411916
2480000 2.64277669448
2490000 2.63777523129
2500000 2.63266452175
2510000 2.62751484778
2520000 2.62244623439
2530000 2.6173878477
2540000 2.61236809491
2550000 2.6075593003
2560000 2.60259715593
2570000 2.59770922611
2580000 2.59291725496
2590000 2.58820533712
2600000 2.58354241337
2610000 2.59603021546
2620000 2.57395900488
2630000 2.56914193039
2640000 2.56445529248
2650000 2.55993504598
2660000 2.55533470863
2670000 2.55074783108
2680000 2.54626197325
2690000 2.54176852129
2700000 2.53719447139
2710000 2.53287899603
2720000 2.52844521945
2730000 2.52395566795
2740000 2.51958564643
2750000 2.51521355117
2760000 2.5107060708
2770000 2.50640078752
2780000 2.50206437669
2790000 2.49774253854
2800000 2.49341431284
2810000 2.48920196388
2820000 2.50365736534
2830000 2.48089290765
2840000 2.49562263679
2850000 2.47249924781
2860000 2.4685111758
2870000 2.46434253999
2880000 2.47963576446
2890000 2.45617989672
2900000 2.45224718611
2910000 2.44818080178
2920000 2.44414310008
2930000 2.44020183345
2940000 2.45566769554
2950000 2.43230826491
2960000 2.42846031294
2970000 2.44461844191
2980000 2.42070345993
2990000 2.43690978322
3000000 2.413025367
3010000 2.40915658542
3020000 2.4053526915
3030000 2.40166416763
3040000 2.39798059559
3050000 2.41497887213
3060000 2.39055421104
3070000 2.40787743801
3080000 2.38321897005
3090000 2.37953568557
3100000 2.39687491307
3110000 2.39321391383
3120000 2.36854677505
3130000 2.36498163108
3140000 2.36136194813
3150000 2.37930689633
3160000 2.354403023
3170000 2.35080234763
3180000 2.3472984377
3190000 2.34382205076
3200000 2.34029960053
3210000 2.33692837475
3220000 2.33357703015
3230000 2.33017802766
3240000 2.32674633014
3250000 2.34551980575
3260000 2.32008297427
3270000 2.3168358261
3280000 2.3361070927
3290000 2.31008567055
3300000 2.30668376198
3310000 2.32601841112
3320000 2.30007580392
3330000 2.29674082185
3340000 2.29343916972
3350000 2.31308321093
3360000 2.30996177141
3370000 2.28386975669
3380000 2.30375209131
3390000 2.27746206388
3400000 2.2741785518
3410000 2.27104908766
3420000 2.26781167015
3430000 2.26473522755
3440000 2.26163856666
3450000 2.2585735464
3460000 2.2555100655
3470000 2.25237185008
3480000 2.27291709232
3490000 2.2462058224
3500000 2.26659800126
3510000 2.24009832785
3520000 2.23698138074
3530000 2.23394502246
3540000 2.25453674211
3550000 2.22784478043
3560000 2.2247693105
3570000 2.22185591238
3580000 2.21889100836
3590000 2.23976943148
3600000 2.2130310975
3610000 2.21010541605
3620000 2.20728332686
3630000 2.20442119682
3640000 2.22562347222
3650000 2.19861713215
3660000 2.21990121739
3670000 2.21709947795
3680000 2.21428689276
3690000 2.18741753254
3700000 2.18464353784
3710000 2.20637423224
3720000 2.17909175624
3730000 2.17632024724
3740000 2.17355235766
3750000 2.19564889003
3760000 2.16824774354
3770000 2.19029369651
3780000 2.18776014043
3790000 2.16019884054
3800000 2.1575176886
3810000 2.15490565428
3820000 2.15224094716
3830000 2.17491307771
3840000 2.17252852028
3850000 2.16999090442
3860000 2.14177361788
3870000 2.13915859068
3880000 2.13659629472
3890000 2.13400923272
3900000 2.13139936899
3910000 2.12885444839
3920000 2.15218858403
3930000 2.12367868478
3940000 2.12107935778
3950000 2.11851911215
3960000 2.14208628207
3970000 2.11339737945
3980000 2.13704953289
3990000 2.1083276654
4000000 2.10585401047
4010000 2.10336692249
4020000 2.10090330422
4030000 2.098525503
4040000 2.0960730376
4050000 2.09363371375
4060000 2.09116973156
4070000 2.08869655466
4080000 2.08628871128
4090000 2.08387708124
4100000 2.08144809988
4110000 2.07902899944
4120000 2.07656427802
4130000 2.07422620235
4140000 2.07192535166
4150000 2.06953774936
4160000 2.06717345027
4170000 2.06482543714
4180000 2.06254657784
4190000 2.06023364201
4200000 2.08486808653
4210000 2.05561458041
4220000 2.05333835683
4230000 2.07825345258
4240000 2.07612229255
4250000 2.04652693582
4260000 2.0442604376
4270000 2.04200760273
4280000 2.03973169768
4290000 2.0649335748
4300000 2.03526096585
4310000 2.06073349748
4320000 2.03080623456
4330000 2.02856050656
4340000 2.05394941123
4350000 2.02406448085
4360000 2.02187594788
4370000 2.01970405611
4380000 2.01751207711
4390000 2.01538453445
4400000 2.01325947512
4410000 2.0111356633
4420000 2.00899037345
4430000 2.03494588642
4440000 2.00482008026
4450000 2.03092339563
4460000 2.00050899833
4470000 1.99848745902
4480000 1.99644571275
4490000 2.02286996784
4500000 1.99225307008
4510000 1.99019431133
4520000 1.98811031282
4530000 1.98606420088
4540000 1.98399791138
4550000 1.98191179735
4560000 1.97993053637
4570000 1.97788885812
4580000 1.97588546499
4590000 1.97383803158
4600000 1.97188626905
4610000 1.99878219312
4620000 1.96781713804
4630000 1.99482653243
4640000 1.96381823122
4650000 1.96184619735
4660000 1.95988274095
4670000 1.95790758601
4680000 1.95596115479
4690000 1.98323535835
4700000 1.95200984352
4710000 1.97930170338
4720000 1.94803163786
4730000 1.94607575656
4740000 1.94415501217
4750000 1.94221064675
4760000 1.96960831066
4770000 1.93841930268
4780000 1.93650470472
4790000 1.93456607156
4800000 1.93264306058
4810000 1.93074090632
4820000 1.92880954151
4830000 1.92689363069
4840000 1.92502076807
4850000 1.92318847098
4860000 1.92131536226
4870000 1.91947064829
4880000 1.94714967254
4890000 1.91578705539
4900000 1.91392740712
4910000 1.91210035045
4920000 1.91025713501
4930000 1.90846657359
4940000 1.9066346903
4950000 1.90487752612
4960000 1.90313099154
4970000 1.90127910662
4980000 1.89951065794
4990000 1.89777295657
5000000 1.89597434319
5010000 1.89418122667
5020000 1.8924517419
5030000 1.89071602369
5040000 1.88898098069
5050000 1.91751784066
5060000 1.88548553118
5070000 1.8837674865
5080000 1.88203970655
5090000 1.88031878478
5100000 1.90901498834
5110000 1.87687410909
5120000 1.87520049736
5130000 1.87353897246
5140000 1.87186921091
5150000 1.87014158954
5160000 1.86847531494
5170000 1.86680759335
5180000 1.86518739179
5190000 1.86347718575
5200000 1.86177675464
5210000 1.86009013785
5220000 1.88966618558
5230000 1.88804309993
5240000 1.85517796632
5250000 1.85359571714
5260000 1.85193349914
5270000 1.85027536581
5280000 1.84862622697
5290000 1.84699680124
5300000 1.8453668273
5310000 1.84374097961
5320000 1.84215437278
5330000 1.84059442235
5340000 1.83896099158
5350000 1.86917034805
5360000 1.86763809424
5370000 1.83421870264
5380000 1.86456799081
5390000 1.83107623369
5400000 1.82949445015
5410000 1.82791422165
5420000 1.82635127197
5430000 1.82479724338
5440000 1.82322646705
5450000 1.82165787444
5460000 1.85247220795
5470000 1.81857366116
5480000 1.8170232813
5490000 1.84800192262
5500000 1.8139633331
5510000 1.81241076552
5520000 1.81090951184
5530000 1.80945561534
5540000 1.80791206674
5550000 1.80638455788
5560000 1.80483753108
5570000 1.80334556226
5580000 1.8346497202
5590000 1.83318481881
5600000 1.7988117056
5610000 1.79729779017
5620000 1.828578948
5630000 1.79429686147
5640000 1.82564813634
5650000 1.79127999
5660000 1.78982386875
5670000 1.78832111377
5680000 1.78684828751
5690000 1.78538817737
5700000 1.78391703796
5710000 1.78248102366
5720000 1.78104160939
5730000 1.77959357406
5740000 1.77820293677
5750000 1.80996999222
5760000 1.77527600435
5770000 1.77381850613
5780000 1.77237047803
5790000 1.7709650047
5800000 1.7695604822
5810000 1.76810602708
5820000 1.76669759131
5830000 1.76530866384
5840000 1.76389567884
5850000 1.79598914085
5860000 1.7611188452
5870000 1.75969251606
5880000 1.79185150738
5890000 1.75694153862
5900000 1.78928288702
5910000 1.75422396681
5920000 1.75284501068
5930000 1.7514824748
5940000 1.78399334885
5950000 1.74873672841
5960000 1.74736097419
5970000 1.74599750993
5980000 1.74467241205
5990000 1.74333320687
6000000 1.77601932862
6010000 1.77469856563
6020000 1.7392684702
6030000 1.73796225768
6040000 1.73661407675
6050000 1.76950362602
6060000 1.76821631817
6070000 1.73263313843
6080000 1.73133136398
6090000 1.73000428254
6100000 1.72867694545
6110000 1.72735592257
6120000 1.72605684357
6130000 1.72475774195
6140000 1.75810353594
6150000 1.7568385386
6160000 1.72085539987
6170000 1.71952918521
6180000 1.71826048044
6190000 1.7169505395
6200000 1.75035490409
6210000 1.7143623111
6220000 1.71309897069
6230000 1.71183908567
6240000 1.710553422
6250000 1.70929462383
6260000 1.70802221983
6270000 1.74158649673
6280000 1.7054716045
6290000 1.70423341584
6300000 1.70296499969
6310000 1.70167354746
6320000 1.70043877768
6330000 1.6992180701
6340000 1.69798049169
6350000 1.69673735404
6360000 1.69549880111
6370000 1.69429643782
6380000 1.69304638321
6390000 1.69183026807
6400000 1.69059607987
6410000 1.68936434858
6420000 1.68814555599
6430000 1.68693594853
6440000 1.68572220765
6450000 1.68450954585
6460000 1.68331191007
6470000 1.68209624527
6480000 1.71637490721
6490000 1.71527050205
6500000 1.67853526596
6510000 1.67735929071
6520000 1.67617410116
6530000 1.7106713092
6540000 1.67380042492
6550000 1.67260166872
6560000 1.70711281989
6570000 1.67021144276
6580000 1.66905775
6590000 1.6678906214
6600000 1.70257535323
6610000 1.70147410429
6620000 1.6644039358
6630000 1.66322692903
6640000 1.66208335882
6650000 1.66094152607
6660000 1.65981295384
6670000 1.65865049516
6680000 1.65750648166
6690000 1.65637442703
6700000 1.69143661394
6710000 1.65408841816
6720000 1.65295379817
6730000 1.65181298636
6740000 1.65066797146
6750000 1.68590061082
6760000 1.64840211444
6770000 1.64727213323
6780000 1.64612930783
6790000 1.64500031583
6800000 1.64388842834
6810000 1.64278049553
6820000 1.64165654722
6830000 1.67717504329
6840000 1.63947118008
6850000 1.6383809559
6860000 1.63727944199
6870000 1.63618461386
6880000 1.63508627565
6890000 1.6339849147
6900000 1.6329007361
6910000 1.66866886887
6920000 1.63070482825
6930000 1.6664956023
6940000 1.62851404547
6950000 1.62744398897
6960000 1.66332279406
6970000 1.62529962816
6980000 1.62422180792
6990000 1.62314454795
7000000 1.65913749722
7010000 1.62097950165
7020000 1.61992550236
7030000 1.61887047328
7040000 1.61778541836
7050000 1.61672015329
7060000 1.61566758886
7070000 1.6145967802
7080000 1.61355583808
7090000 1.61249667355
7100000 1.61145863945
7110000 1.61041590968
7120000 1.60938097684
7130000 1.64572391397
7140000 1.60731293866
7150000 1.60626724329
7160000 1.64261910587
7170000 1.64160465831
7180000 1.60315596788
7190000 1.63957801107
7200000 1.60108433217
7210000 1.60006188164
7220000 1.59905384164
7230000 1.59801515468
7240000 1.59701224707
7250000 1.59601243724
7260000 1.63279552733
7270000 1.59397844836
7280000 1.59296313562
7290000 1.59192950386
7300000 1.5909164181
7310000 1.58992614141
7320000 1.62668034122
7330000 1.58791466624
7340000 1.58689820107
7350000 1.58591619502
7360000 1.58491956897
7370000 1.62176599571
7380000 1.58294334962
7390000 1.58194776264
7400000 1.58095436145
7410000 1.57996520403
7420000 1.57900048445
7430000 1.57801864803
7440000 1.57701712667
7450000 1.5760243564
7460000 1.57505501943
7470000 1.57408321916
7480000 1.5731486833
7490000 1.57216171094
7500000 1.57118964791
7510000 1.60826910458
7520000 1.56927590141
7530000 1.56831006897
7540000 1.56734645426
7550000 1.56638811972
7560000 1.56542800101
7570000 1.56446355476
7580000 1.56351019616
7590000 1.56255338632
7600000 1.56159877502
7610000 1.560653931
7620000 1.55971396889
7630000 1.59689056457
7640000 1.55784826352
7650000 1.5569291093
7660000 1.59412977131
7670000 1.55504763259
7680000 1.55413271613
7690000 1.55320448434
7700000 1.55228287864
7710000 1.55134878085
7720000 1.55043980647
7730000 1.54951114128
7740000 1.58694465213
7750000 1.5476781429
7760000 1.54676278379
7770000 1.54585019883
7780000 1.54493169226
7790000 1.54403116325
7800000 1.54313397789
7810000 1.54221676416
7820000 1.54133090595
7830000 1.54042442297
7840000 1.53952436964
7850000 1.57716416759
7860000 1.53770736659
7870000 1.53680449294
7880000 1.5745658128
7890000 1.53502401725
7900000 1.57283396981
7910000 1.53324566965
7920000 1.57110768829
7930000 1.53146060126
7940000 1.53057561187
7950000 1.56844306172
7960000 1.56757668263
7970000 1.52792773171
7980000 1.52702995254
7990000 1.52616596927
8000000 1.52528406442
8010000 1.52440668698
8020000 1.52353476015
8030000 1.52266614993
8040000 1.52179234061
8050000 1.52094125568
8060000 1.55901155098
8070000 1.51923852598
8080000 1.51837933971
8090000 1.51755240637
8100000 1.5166838379
8110000 1.51581533113
8120000 1.51495686177
8130000 1.51411192249
8140000 1.51324637987
8150000 1.51237655326
8160000 1.51153013927
8170000 1.5106856723
8180000 1.50985003219
8190000 1.5089987379
8200000 1.50815995082
8210000 1.50731009032
8220000 1.50647736196
8230000 1.50564157764
8240000 1.50479800807
8250000 1.50395911563
8260000 1.50311851948
8270000 1.5022741791
8280000 1.54077533689
8290000 1.50062186249
8300000 1.49979092231
8310000 1.49895695317
8320000 1.49813287366
8330000 1.49732126825
8340000 1.4964942571
8350000 1.49568761004
8360000 1.49487710426
8370000 1.4940530417
8380000 1.53278597277
8390000 1.49241216636
8400000 1.49159507269
8410000 1.53028104242
8420000 1.48994600623
8430000 1.48912795849
8440000 1.52787691984
8450000 1.48752603803
8460000 1.52627439892
8470000 1.48590509943
8480000 1.4851149375
8490000 1.48431154143
8500000 1.48351624123
8510000 1.52237561275
8520000 1.48190545228
8530000 1.52076305985
8540000 1.48032163833
8550000 1.47952987429
8560000 1.4787324888
8570000 1.51760776941
8580000 1.47713032885
8590000 1.47634701066
8600000 1.51521544567
8610000 1.47479203502
8620000 1.47399284347
8630000 1.51289710175
8640000 1.47245318879
8650000 1.511406211
8660000 1.47089127646
8670000 1.47010817408
8680000 1.46933809742
8690000 1.46856999232
8700000 1.4677839785
8710000 1.46701779961
8720000 1.46624442267
8730000 1.4654776411
8740000 1.46471590142
8750000 1.4639580894
8760000 1.4632169502
8770000 1.46243084191
8780000 1.46166944962
8790000 1.46090455044
8800000 1.46015463159
8810000 1.45939784509
8820000 1.45864092715
8830000 1.45790529033
8840000 1.45714233496
8850000 1.45639393923
8860000 1.49560834378
8870000 1.45488993497
8880000 1.4541419164
8890000 1.45339758346
8900000 1.45265461994
8910000 1.45190830622
8920000 1.45116731246
8930000 1.49044941867
8940000 1.44969507077
8950000 1.44895861247
8960000 1.4482249042
8970000 1.44748629633
8980000 1.44675270309
8990000 1.44602452878
9000000 1.44529913383
9010000 1.44455737713
9020000 1.4438308029
9030000 1.4431172935
9040000 1.4423837136
9050000 1.48204603643
9060000 1.4409537224
9070000 1.44022905276
9080000 1.43948822213
9090000 1.43877809735
9100000 1.43804652692
9110000 1.47767104211
9120000 1.47700520889
9130000 1.43590080401
9140000 1.43518467101
9150000 1.43446548424
9160000 1.47419002723
9170000 1.4330334759
9180000 1.43231707285
9190000 1.4316102987
9200000 1.4309046172
9210000 1.43020521488
9220000 1.42948731564
9230000 1.42879656862
9240000 1.46869122661
9250000 1.42739195137
9260000 1.42668998945
9270000 1.42599154577
9280000 1.42529182494
9290000 1.42459029026
9300000 1.42389873874
9310000 1.42320171114
9320000 1.46313987604
9330000 1.42180918601
9340000 1.42110908091
9350000 1.42042289513
9360000 1.41973742444
9370000 1.41904993507
9380000 1.41836317947
9390000 1.41768686727
9400000 1.41699155585
9410000 1.416318507
9420000 1.41563445237
9430000 1.4558176774
9440000 1.45516612461
9450000 1.45445729012
9460000 1.41291154435
9470000 1.41224857955
9480000 1.4115682751
9490000 1.41089110239
9500000 1.41021593594
9510000 1.40955292229
9520000 1.40887703176
9530000 1.40821190697
9540000 1.40752930753
9550000 1.40685143431
9560000 1.40618468204
9570000 1.40552111418
9580000 1.44592294843
9590000 1.40419546421
9600000 1.40353420226
9610000 1.40286742703
9620000 1.40219979706
9630000 1.40154543033
9640000 1.40088858826
9650000 1.40023858239
9660000 1.39958404719
9670000 1.39894449633
9680000 1.43960881559
9690000 1.39762190646
9700000 1.3969647213
9710000 1.39631600809
9720000 1.39566267253
9730000 1.43639328705
9740000 1.43573340251
9750000 1.3937176844
9760000 1.43452163173
9770000 1.39242308143
9780000 1.39177629211
9790000 1.39113800681
9800000 1.39049788787
9810000 1.38985181192
9820000 1.38920594752
9830000 1.38855984511
9840000 1.38791430573
9850000 1.38727698164
9860000 1.38664694496
9870000 1.38600359935
9880000 1.38537046269
9890000 1.38473283498
9900000 1.38410824015
9910000 1.38347324466
9920000 1.4244469379
9930000 1.38221372113
9940000 1.3815818164
9950000 1.38095899217
9960000 1.38033304098
9970000 1.37970473187
9980000 1.37909228086
9990000 1.37846840637
10000000 1.37784416603
10010000 1.37722092608
10020000 1.41834090138
10030000 1.37597373791
10040000 1.3753633335
10050000 1.37476662649
10060000 1.37412694695
10070000 1.37350966491
10080000 1.372897298
10090000 1.3722658428
10100000 1.37165956858
10110000 1.37104667344
10120000 1.37043105694
10130000 1.36981753408
10140000 1.36920690146
10150000 1.36860166062
10160000 1.40991031783
10170000 1.3673908159
10180000 1.40878309649
10190000 1.40822260694
10200000 1.36557723096
10210000 1.36498097245
10220000 1.36437121127
10230000 1.36376938375
10240000 1.36316498881
10250000 1.36255357647
10260000 1.36196410754
10270000 1.40345605825
10280000 1.36077027721
10290000 1.36017166277
10300000 1.35957425486
10310000 1.35897103424
10320000 1.35837499072
10330000 1.35778749739
10340000 1.35719667635
10350000 1.35659698841
10360000 1.39807113464
10370000 1.35541906591
10380000 1.3548305137
10390000 1.35424714347
10400000 1.35365294538
10410000 1.39525776608
10420000 1.35247845683
10430000 1.35188918672
10440000 1.35130589202
10450000 1.35071847322
10460000 1.39230012116
10470000 1.34955733292
10480000 1.39118080562
10490000 1.34839532521
10500000 1.34781441724
10510000 1.34723378047
10520000 1.34666502928
10530000 1.34608490156
10540000 1.34550996051
10550000 1.38720568111
10560000 1.34435823816
10570000 1.34378736664
10580000 1.34320995024
10590000 1.34264022451
10600000 1.34207180721
