10000 42.86730823340023
20000 30.647057757599235
30000 25.20536875368527
40000 22.04868851930108
50000 19.738945406908115
60000 17.994127542093096
70000 16.547456117543817
80000 15.55780116716421
90000 14.634366084199018
100000 13.759426487317105
110000 13.104752703226
120000 12.52077078933892
130000 11.944271786431168
140000 11.494150554399482
150000 11.279559997609532
160000 10.706384378406147
170000 10.431207024831377
180000 10.03297904590249
190000 9.942988617461245
200000 9.570853907368166
210000 9.329090048836866
220000 9.102350067094845
230000 8.888353378075964
240000 8.68779533631233
250000 8.498375178542817
260000 8.32386047904215
270000 8.155251351511872
280000 7.994547119068676
290000 7.835913261943371
300000 7.693546752830292
310000 7.552988393783145
320000 7.424002322974636
330000 7.302098320582607
340000 7.182536332753409
350000 7.070530796080346
360000 6.960586414705712
370000 6.853854447656339
380000 6.754013042307306
390000 6.781894664474178
400000 6.56952476659215
410000 6.4825741806237165
420000 6.323739473013596
430000 6.312661311250017
440000 6.232875521244642
450000 6.157502147215744
460000 6.2024785705732715
470000 6.011195341817385
480000 5.939520797070008
490000 5.873628286598243
500000 5.806054669329378
510000 5.7437288491482485
520000 5.681153365924731
530000 5.735193170608091
540000 5.48291903698982
550000 5.6212127878999745
560000 5.452796097194848
570000 5.516642615793117
580000 5.347517888610586
590000 5.297683863151668
600000 5.248927975006525
610000 5.200306413148474
620000 5.1532053835791185
630000 5.107754618364563
640000 5.063380647098927
650000 5.020498326491968
660000 5.093506350813242
670000 4.935314876811325
680000 4.895609397483072
690000 4.8551562155343335
700000 4.816305000502133
710000 4.7784742060695695
720000 4.742477544285317
730000 4.8184714309085175
740000 4.783265372920751
750000 4.634831357806776
760000 4.713463478973858
770000 4.567429079599212
780000 4.53406541154834
790000 4.502229063771263
800000 4.471042789004791
810000 4.353278454117114
820000 4.410850289390247
830000 4.38136872116876
840000 4.3524757481685965
850000 4.323139218185001
860000 4.295308627536304
870000 4.267388528633296
880000 4.240941275555392
890000 4.214693938232211
900000 4.189382171287464
910000 4.1634062641869525
920000 4.138511015015401
930000 4.113611548602468
940000 4.089862329985357
950000 4.066701550633857
960000 4.043739363537201
970000 4.020839939796951
980000 3.9981365188134963
990000 3.9758017666945746
1000000 3.9533784464348822
1010000 3.9317062632723787
1020000 3.9104642845737594
1030000 3.8896602591438523
1040000 3.869388139267472
1050000 3.849149194942456
1060000 3.8297824372302403
1070000 3.922520499837826
1080000 3.7912970340301304
1090000 3.7720649585429173
1100000 3.6661007156153875
1110000 3.846799518459797
1120000 3.7163061174450225
1130000 3.6976332710395146
1140000 3.6796594098103914
1150000 3.6626130714397886
1160000 3.757731074247162
1170000 3.627974972156568
1180000 3.6110295251611504
1190000 3.594469899960871
1200000 3.578137844118166
1210000 3.562166698963544
1220000 3.5459670313200187
1230000 3.5306724725002185
1240000 3.5148076559687484
1250000 3.4995162337620758
1260000 3.483966687247324
1270000 3.4689531979265467
1280000 3.4541361198714364
1290000 3.4390825783945993
1300000 3.4244032884785818
1310000 3.4100619404667527
1320000 3.5081652683898876
1330000 3.3825208965920885
1340000 3.3682843576751367
1350000 3.354805245586342
1360000 3.3412223754077517
1370000 3.3277012179272565
1380000 3.314538561127652
1390000 3.3011992033990585
1400000 3.2881188077331607
1410000 3.275297295121115
1420000 3.2627981209722545
1430000 3.250030439030112
1440000 3.2377966492662966
1450000 3.2250775428195846
1460000 3.213052863136376
1470000 3.3147832047646104
1480000 3.3034564021691146
1490000 3.2914397251045155
1500000 3.166480185992448
1510000 3.2690127526613644
1520000 3.143883076370631
1530000 3.132793646193196
1540000 3.235790097568271
1550000 3.11065650659917
1560000 3.0995821452961634
1570000 3.00379682615676
1580000 3.0780179056739607
1590000 3.067358848380384
1600000 3.0569935763564495
1610000 3.0466521295769846
1620000 3.0361031574804453
1630000 3.0259255683976076
1640000 3.015998600161932
1650000 3.00589528379223
1660000 2.9957421189756226
1670000 2.986044154934635
1680000 2.9761361364714136
1690000 3.0812865150502438
1700000 2.957313527464183
1710000 2.9478846598681527
1720000 2.93849695082771
1730000 2.9295238158553665
1740000 2.9202732602015264
1750000 2.9109983891221156
1760000 3.016548249949203
1770000 2.8925618224286738
1780000 2.8836311467761506
1790000 2.874673080509873
1800000 2.865859833591682
1810000 2.9720304845974552
1820000 2.8485352727097917
1830000 2.839997179349268
1840000 2.831580701765133
1850000 2.8229704786156002
1860000 2.8143257053609796
1870000 2.8060460252811654
1880000 2.798025750606862
1890000 2.790089792247562
1900000 2.781810637729027
1910000 2.7737456747113485
1920000 2.766041844130246
1930000 2.757970646520071
1940000 2.750079382652733
1950000 2.7422236705391874
1960000 2.734594803966035
1970000 2.726792793991781
1980000 2.7192819243018596
1990000 2.7118262281081984
2000000 2.7045256988086575
2010000 2.6971824344681634
2020000 2.6078872413348915
2030000 2.682514559511665
2040000 2.5929862167378053
2050000 2.6678958436241436
2060000 2.6607368803544316
2070000 2.6535997914178395
2080000 2.6467180867034514
2090000 2.639907536374674
2100000 2.7494122096467017
2110000 2.6264340616333945
2120000 2.619288732989645
2130000 2.6123914292162613
2140000 2.6056887081090543
2150000 2.7150752391695003
2160000 2.592164018929747
2170000 2.5858274463965265
2180000 2.579354875718311
2190000 2.572790481420587
2200000 2.5665606443052025
2210000 2.5600681959028195
2220000 2.5537022427774567
2230000 2.4646114057361586
2240000 2.657122830094277
2250000 2.5351001677956777
2260000 2.528847196197128
2270000 2.522667037203235
2280000 2.5166738865701483
2290000 2.5107680522857403
2300000 2.5047511725480875
2310000 2.4988617466616403
2320000 2.493009250278238
2330000 2.6025306267156494
2340000 2.5963718233906143
2350000 2.4753893555886033
2360000 2.4695616440312462
2370000 2.463767303649043
2380000 2.458085172883262
2390000 2.4525235510283867
2400000 2.4469361928723674
2410000 2.4410727231467
2420000 2.435385830989826
2430000 2.429779670110773
2440000 2.424409201661006
2450000 2.5346065800466926
2460000 2.413447006930689
2470000 2.408218117664076
2480000 2.402726510309255
2490000 2.3973964211847116
2500000 2.3920280852558546
2510000 2.3869354674348577
2520000 2.3818064284874767
2530000 2.3764023154044995
2540000 2.3712757828724387
2550000 2.3660987717811133
2560000 2.3609958967769167
2570000 2.355882714140518
2580000 2.35096463291815
2590000 2.346190553953394
2600000 2.3414345343761838
2610000 2.4518924873036383
2620000 2.3317126676295157
2630000 2.3268577429780883
2640000 2.3219569035188
2650000 2.317220067416548
2660000 2.3124676992369633
2670000 2.4227040308262433
2680000 2.302859734407079
2690000 2.29827905335332
2700000 2.293479080205842
2710000 2.2890128269934644
2720000 2.399220465112093
2730000 2.279911161289417
2740000 2.2754316230936302
2750000 2.270886808052493
2760000 2.266502470045433
2770000 2.2619022222079184
2780000 2.2575009452696633
2790000 2.2530595846732377
2800000 2.2487896148844495
2810000 2.244465023532834
2820000 2.2400780852258735
2830000 2.2358779488638305
2840000 2.2316041296715246
2850000 2.22732777221162
2860000 2.2231009539818225
2870000 2.218800108821687
2880000 2.214644497268385
2890000 2.21052596672746
2900000 2.206319745337817
2910000 2.202135023386823
2920000 2.313578000003909
2930000 2.19376258358924
2940000 2.189661231060047
2950000 2.3012208749762895
2960000 2.1813667661866143
2970000 2.177355556526374
2980000 2.1734520874629086
2990000 2.1694113537168707
3000000 2.1654397125264784
3010000 2.161482805298062
3020000 2.1575704695192415
3030000 2.1536458609809603
3040000 2.149766637887656
3050000 2.1459439269603293
3060000 2.1421372452976044
3070000 2.0549539932137937
3080000 2.134506970863766
3090000 2.130866071427433
3100000 2.126951876922448
3110000 2.123291366894486
3120000 2.119645613560831
3130000 2.115986537845796
3140000 2.1123438330648017
3150000 2.108675635761317
3160000 2.105068359453848
3170000 2.101344151263142
3180000 2.0977820014727104
3190000 2.0942049346253486
3200000 2.0906288695693362
3210000 2.087027859599387
3220000 2.0833638995487624
3230000 2.079878392256282
3240000 2.0764288730541827
3250000 2.0730579558456017
3260000 2.069652462848885
3270000 2.06614780376738
3280000 2.177774811917716
3290000 2.0592161577626196
3300000 2.0558054290814542
3310000 2.0524323523180446
3320000 2.049077739631297
3330000 2.0456183974869875
3340000 2.0422167950353916
3350000 2.0389016770766943
3360000 2.0354801580273563
3370000 2.1474307753838313
3380000 2.028986222164036
3390000 2.0258504775698367
3400000 2.0226583910959945
3410000 2.0193495300283204
3420000 2.0161301917645313
3430000 2.0129732799839046
3440000 2.009809457227455
3450000 2.0066261023746153
3460000 2.1182137739302886
3470000 2.0003112515675996
3480000 1.9970523414822599
3490000 1.9938679433567483
3500000 1.9908947693557981
3510000 1.9878177400416093
3520000 1.9847367692040434
3530000 2.0964726589638216
3540000 1.978577250639099
3550000 1.9754869914584492
3560000 1.9724566507854486
3570000 1.969442769349884
3580000 1.9664414805400965
3590000 1.963424391185311
3600000 1.9604685007063898
3610000 1.9574927186373483
3620000 1.9545363119189783
3630000 1.9515598584774223
3640000 1.9486379917919001
3650000 1.9457421637674996
3660000 1.9428600233846804
3670000 1.9398238655919289
3680000 1.9369486207528095
3690000 1.9340821273834239
3700000 1.9312192019148648
3710000 1.9284382105913591
3720000 1.9257524018491805
3730000 1.9229807354413166
3740000 1.92015097348607
3750000 1.9173749250760885
3760000 1.9146199858515356
3770000 1.9118551614127728
3780000 1.909097557165074
3790000 1.906293002788033
3800000 1.903576514646984
3810000 1.9008281316625275
3820000 1.8981101292570333
3830000 1.8954055408766566
3840000 1.8926990842561608
3850000 1.8900078552968103
3860000 1.8874268546027946
3870000 1.8847584429850242
3880000 1.8820560238737882
3890000 1.8794314078476704
3900000 1.87684949848948
3910000 1.8742288779534777
3920000 1.8716632828762554
3930000 1.8691175080619309
3940000 1.8665689583202631
3950000 1.8639760789493194
3960000 1.8614494548436242
3970000 1.8589260609438427
3980000 1.8564538865307196
3990000 1.8539575999568072
4000000 1.8514731711212784
4010000 1.8489967232501419
4020000 1.846523100168447
4030000 1.8439876309639904
4040000 1.841497025264362
4050000 1.8391184613155234
4060000 1.8366491879891056
4070000 1.8342113910114322
4080000 1.8317654860014656
4090000 1.829348143622616
4100000 1.8268796314615177
4110000 1.8244736877212
4120000 1.8221109768847035
4130000 1.8197540988396645
4140000 1.817435346083259
4150000 1.8150871218161677
4160000 1.8126608441317411
4170000 1.8102545974859723
4180000 1.8079389321023442
4190000 1.8055304229789026
4200000 1.8031973490511388
4210000 1.8008634741543847
4220000 1.7985059450824985
4230000 1.7963004335851018
4240000 1.7938955837016946
4250000 1.791563086891587
4260000 1.7893565742886186
4270000 1.7870856024051676
4280000 1.7847842029983252
4290000 1.7825748560782047
4300000 1.7803373984112905
4310000 1.7781194971669678
4320000 1.7758127474029881
4330000 1.7735841264519268
4340000 1.7713879155897765
4350000 1.7692898284242395
4360000 1.7672090466172545
4370000 1.7650111297877984
4380000 1.7628501237998955
4390000 1.7607920940785071
4400000 1.758586193995183
4410000 1.7564456845906924
4420000 1.754314257196457
4430000 1.7522313684042061
4440000 1.7500869595049926
4450000 1.7479812503909216
4460000 1.7459041863543017
4470000 1.7437509666088205
4480000 1.7416175092531125
4490000 1.739579019740103
4500000 1.737514363730488
4510000 1.7354098720118787
4520000 1.7333259911035115
4530000 1.7312872170262865
4540000 1.7292575001803074
4550000 1.7272008457811943
4560000 1.7251842301906746
4570000 1.7231672060707774
4580000 1.721116532966139
4590000 1.719054636909735
4600000 1.7170905853106084
4610000 1.715127059283315
4620000 1.7131306377698166
4630000 1.7110932378854538
4640000 1.7091987172041956
4650000 1.7072193400776583
4660000 1.7052812007447822
4670000 1.703335439391086
4680000 1.7013030963916007
4690000 1.6993232164599805
4700000 1.6973467894015244
4710000 1.6954449385097172
4720000 1.6934230387342473
4730000 1.6915443576916858
4740000 1.6896380830561906
4750000 1.6877277391041923
4760000 1.6857805925162352
4770000 1.6838974132147755
4780000 1.682020685980478
4790000 1.6801273424719192
4800000 1.6782371925321748
4810000 1.6764061609241285
4820000 1.6745603256597295
4830000 1.6727542812929872
4840000 1.670864197725753
4850000 1.6690272657472223
4860000 1.6672448518999474
4870000 1.6654650214350304
4880000 1.6636450977658286
4890000 1.6618033887154238
4900000 1.6599565595117491
4910000 1.6581475464855293
4920000 1.6563520175367372
4930000 1.6545766218744418
4940000 1.652755748979002
4950000 1.6510125905346553
4960000 1.6492370994797674
4970000 1.6474950222268092
4980000 1.645687633421441
4990000 1.64390387643321
5000000 1.6420859559871892
5010000 1.6403678658065168
5020000 1.638655329882008
5030000 1.636826261191151
5040000 1.6351127232751572
5050000 1.6333922388652853
5060000 1.6317284811529151
5070000 1.6299539811015074
5080000 1.6282097234593385
5090000 1.626519781100446
5100000 1.6247735507822687
5110000 1.6230848657381425
5120000 1.62138904803258
5130000 1.6196842079254516
5140000 1.6180325893530556
5150000 1.616365903227158
5160000 1.6146784904686915
5170000 1.6130435097947462
5180000 1.6113523854771894
5190000 1.6096303760166324
5200000 1.608002624628347
5210000 1.6062910463602587
5220000 1.6046316028006227
5230000 1.6029859956442452
5240000 1.601451922144609
5250000 1.5998112015111046
5260000 1.5981774628334975
5270000 1.5965063178871608
5280000 1.5949615425839012
5290000 1.593398165292048
5300000 1.5917962750061128
5310000 1.5902448025134561
5320000 1.58857805110359
5330000 1.5869011557606796
5340000 1.585348745185945
5350000 1.583790987717003
5360000 1.5821725110876363
5370000 1.580635724061645
5380000 1.5791008874972265
5390000 1.5775385442117626
5400000 1.5758886224570972
5410000 1.5743260922505278
5420000 1.572772800377435
5430000 1.5712527048513305
5440000 1.5696819259980066
5450000 1.5681730824057685
5460000 1.5666226547723487
5470000 1.5650935096579104
5480000 1.5635382308981172
5490000 1.5620309847380112
5500000 1.5605726941408045
5510000 1.559084003680973
5520000 1.557572529306238
5530000 1.55602874372391
5540000 1.5545166513693582
5550000 1.5530106019214973
5560000 1.551493626615445
5570000 1.5499337909044983
5580000 1.548437103948128
5590000 1.5469905027808053
5600000 1.5454906690687025
5610000 1.5440277642958333
5620000 1.542575348306101
5630000 1.5411554928207956
5640000 1.5396548854385528
5650000 1.5382099529310782
5660000 1.5367604103094916
5670000 1.5352339353974973
5680000 1.5337341523518413
5690000 1.5322554270614328
5700000 1.5308354296346425
5710000 1.5293720161331974
5720000 1.5279467770894233
5730000 1.5264707454263604
5740000 1.525059464389115
5750000 1.5236593655842063
5760000 1.522278977935824
5770000 1.5208170220955324
5780000 1.5194336672607331
5790000 1.5180061389713098
5800000 1.5166350582625687
5810000 1.5152460978183315
5820000 1.5138804027883201
5830000 1.5124380285627088
5840000 1.5110280933339273
5850000 1.509654869108767
5860000 1.5082596568669793
5870000 1.5068772714259089
5880000 1.5055244752077612
5890000 1.5041813142258709
5900000 1.5028151776978733
5910000 1.5014875465248143
5920000 1.5001359121982418
5930000 1.4987773307572922
5940000 1.4974046187543408
5950000 1.4960715459186105
5960000 1.4947468506002848
5970000 1.4933977050155662
5980000 1.4920333756727648
5990000 1.4907323402490666
6000000 1.4894111582289438
6010000 1.4880834060256656
6020000 1.4867919636518998
6030000 1.485446116341474
6040000 1.4840905983841939
6050000 1.4827406684467794
6060000 1.4814382175512266
6070000 1.4801733597181879
6080000 1.478893106304096
6090000 1.4776125662444517
6100000 1.4763473036254402
6110000 1.4750619121890087
6120000 1.4737799791762434
6130000 1.472490848444259
6140000 1.4711674377471855
6150000 1.469913863994284
6160000 1.468663098853041
6170000 1.4674009143287674
6180000 1.4661201759718945
6190000 1.4648561579540134
6200000 1.4636077865591948
6210000 1.462405068331871
6220000 1.4612005015368479
6230000 1.4599821644356106
6240000 1.4587957434362935
6250000 1.457538997167207
6260000 1.4563292512453916
6270000 1.45510569783001
6280000 1.453895935018996
6290000 1.452680652007827
6300000 1.4515048764928624
6310000 1.450256039881452
6320000 1.449053429789233
6330000 1.447858028607148
6340000 1.4466538862148963
6350000 1.445422825899203
6360000 1.4442677188097501
6370000 1.4430679589328999
6380000 1.441869450598045
6390000 1.4406605137692916
6400000 1.4394928222944354
6410000 1.438333671111674
6420000 1.437120103065802
6430000 1.4359360469116058
6440000 1.4347919775393647
6450000 1.4335582498073356
6460000 1.4323902718561046
6470000 1.4312185664648363
6480000 1.4300297160838025
6490000 1.4288029595376535
6500000 1.427610661632992
6510000 1.4264099078958117
6520000 1.425302292635138
6530000 1.424142135026067
6540000 1.4229957024362883
6550000 1.4218156834910411
6560000 1.4207066919777056
6570000 1.4195838548009467
6580000 1.4184121124193585
6590000 1.4173424077957149
6600000 1.4162214329143241
6610000 1.415095109008446
6620000 1.4139341637866782
6630000 1.4128068560848233
6640000 1.4117201354090338
6650000 1.4105949122833752
6660000 1.4094649839376365
6670000 1.4083664004636565
6680000 1.4072544451186952
6690000 1.4061540074028798
6700000 1.4050625963520713
6710000 1.4039604192611181
6720000 1.402869048410709
6730000 1.4017506651401914
6740000 1.400681423313101
6750000 1.3995489543034985
6760000 1.398434817811425
6770000 1.3973456421710964
6780000 1.3962731741643444
6790000 1.3951667541214205
6800000 1.3940839005753747
6810000 1.3930632646679055
6820000 1.392002447855821
6830000 1.3909260405684103
6840000 1.3898441103160055
6850000 1.3888003065375778
6860000 1.387752441724425
6870000 1.3866700462554589
6880000 1.3856379958943448
6890000 1.384621792926598
6900000 1.3835845178959465
6910000 1.382553507265502
6920000 1.3814612916314464
6930000 1.380401042302517
6940000 1.3793646404470286
6950000 1.3783147437493368
6960000 1.3772440013503466
6970000 1.3761597981747415
6980000 1.3751007435543043
6990000 1.3740668093589052
7000000 1.3730268351819266
7010000 1.3719732294417366
7020000 1.370962511344755
7030000 1.3699634551823712
7040000 1.3689264604507012
7050000 1.3679101616232516
7060000 1.366905040700174
7070000 1.3659396804719321
7080000 1.3649169826886762
7090000 1.363910205994173
7100000 1.3628564390845441
7110000 1.3618898189470856
7120000 1.3608919290920694
7130000 1.3599248406812772
7140000 1.3588483398579139
7150000 1.3578170749286154
7160000 1.3567967289809701
7170000 1.3557781405418674
7180000 1.354784036671634
7190000 1.3537917269296513
7200000 1.3528045149011698
7210000 1.3517838787665812
7220000 1.3507710209366048
7230000 1.3497983900907646
7240000 1.348792270307004
7250000 1.3478291117086185
7260000 1.3467892328814122
7270000 1.345811550024756
7280000 1.3448349691531731
7290000 1.343859401480061
7300000 1.342943484737739
7310000 1.3420056848231956
7320000 1.3410729423645333
7330000 1.3401333118909164
7340000 1.33916427372581
7350000 1.3382437600232102
7360000 1.3373094301997792
7370000 1.3363743302199727
7380000 1.335404538125343
7390000 1.3344405212660257
7400000 1.3334895831056583
7410000 1.3325137690360733
7420000 1.3315866579219828
7430000 1.3306048777033357
7440000 1.3296742308789034
7450000 1.3287330969357958
7460000 1.3278145424032706
7470000 1.3268928506264024
7480000 1.325936472761419
7490000 1.3250496975614305
7500000 1.324076781705052
7510000 1.3231582134944415
7520000 1.3222245547775886
7530000 1.3213603196182127
7540000 1.3204423836098982
7550000 1.3195390079952372
7560000 1.3186327110867617
7570000 1.3177615300630308
7580000 1.31688267189417
7590000 1.315948108116875
7600000 1.3150249794678244
7610000 1.3140803032617852
7620000 1.3131827121165096
7630000 1.3122764103909546
7640000 1.3113212064864128
7650000 1.31041915233857
7660000 1.3095299617682854
7670000 1.3086273575352578
7680000 1.3077127915184168
7690000 1.3068012963643194
7700000 1.3059502665660847
7710000 1.3050739637404223
7720000 1.3041792915154136
7730000 1.3032358824845989
7740000 1.3023504524387501
7750000 1.3014664768197324
7760000 1.3005905825970807
7770000 1.299720498683649
7780000 1.2988832940732336
7790000 1.2979793906438295
7800000 1.2970940422922927
7810000 1.296244285074737
7820000 1.2953692140139725
7830000 1.294485747569958
7840000 1.2936374672896387
7850000 1.292781162186019
7860000 1.2919072094865445
7870000 1.2910686371251432
7880000 1.290194314780953
7890000 1.289341026812082
7900000 1.2884691674769388
7910000 1.2875891150448915
7920000 1.286721099023322
7930000 1.2858374057826816
7940000 1.285027463356906
7950000 1.2841836062437961
7960000 1.283312567208589
7970000 1.2824740046339902
7980000 1.2816769090014524
7990000 1.280879537248274
8000000 1.2800675626064923
8010000 1.2792423992492206
8020000 1.2784289028813154
8030000 1.2776216034253507
8040000 1.2767926111960166
8050000 1.2759162414966996
8060000 1.2751090722649714
8070000 1.2743100330145058
8080000 1.273510745502308
8090000 1.2727109650609418
8100000 1.271874953294224
8110000 1.2710801086613033
8120000 1.2702757426573572
8130000 1.2694892761965173
8140000 1.2686870623226312
8150000 1.2678918149677691
8160000 1.2670336308084635
8170000 1.2662728397720526
8180000 1.2654885499832107
8190000 1.2646737396199468
8200000 1.2638392831498106
8210000 1.2630464156132062
8220000 1.262217099327018
8230000 1.2614073225017632
8240000 1.2605857911842995
8250000 1.2598198550142958
8260000 1.2590175223753686
8270000 1.258220494411008
8280000 1.2574354827198648
8290000 1.2566805835033736
8300000 1.2558944983437024
8310000 1.255060389723162
8320000 1.2542751326483135
8330000 1.2535273526348143
8340000 1.2527985851117391
