20000 32.6907921178
40000 23.7396947653
60000 19.6613878828
80000 17.1906697715
100000 15.4950813492
120000 14.2298359597
140000 13.2436064216
160000 12.4391072681
180000 11.7754860452
200000 11.207497967
220000 10.7163971728
240000 10.2883073996
260000 9.90810497118
280000 9.56777105372
300000 9.26202953275
320000 8.98449546953
340000 8.73203912691
360000 8.50088729477
380000 8.28698880315
400000 8.08972467878
420000 7.90648570222
440000 7.73320140852
460000 7.57188150482
480000 7.41978277266
500000 7.27724792655
520000 7.14484313563
540000 7.02009947846
560000 6.90103521881
580000 6.78849471803
600000 6.68145768776
620000 6.57847642663
640000 6.4803537427
660000 6.38716772054
680000 6.29807805644
700000 6.21351224547
720000 6.13047227249
740000 6.05184910084
760000 5.97596884002
780000 5.90300921438
800000 5.83401740282
820000 5.76570878264
840000 5.69955881747
860000 5.63658941191
880000 5.57550866723
900000 5.51694596791
920000 5.45953167694
940000 5.40361933688
960000 5.34991142363
980000 5.29804687356
1000000 5.24788078309
1020000 5.19920244818
1040000 5.15037792606
1060000 5.10433874153
1080000 5.05981696862
1100000 5.01534305162
1120000 4.97241549866
1140000 4.93093634897
1160000 4.89051943931
1180000 4.85096003565
1200000 4.81234750541
1220000 4.7749851059
1240000 4.73825251674
1260000 4.7024287822
1280000 4.66783725226
1300000 4.63340098666
1320000 4.60030225346
1340000 4.56783375102
1360000 4.53556023566
1380000 4.5043272365
1400000 4.47370007065
1420000 4.44336130664
1440000 4.4138569451
1460000 4.38549220654
1480000 4.35651674618
1500000 4.32861485746
1520000 4.30124864579
1540000 4.2744108271
1560000 4.24801022739
1580000 4.22242582882
1600000 4.19730543485
1620000 4.17255137926
1640000 4.14804229187
1660000 4.12428239635
1680000 4.10075951358
1700000 4.0777622112
1720000 4.05519325903
1740000 4.0327871757
1760000 4.01149592683
1780000 3.99007656693
1800000 3.96887932099
1820000 3.94750169181
1840000 3.92715577916
1860000 3.90758911931
1880000 3.887918004
1900000 3.86822807905
1920000 3.84869761408
1940000 3.82959598481
1960000 3.81121422152
1980000 3.79282928098
2000000 3.77460338156
2020000 3.75655762142
2040000 3.73895954514
2060000 3.72207628482
2080000 3.70477627168
2100000 3.68775165448
2120000 3.67133090861
2140000 3.65479634309
2160000 3.63892095286
2180000 3.62336400363
2200000 3.60778755112
2220000 3.59234317804
2240000 3.57662611868
2260000 3.5616966696
2280000 3.54693818724
2300000 3.53230217613
2320000 3.51793143213
2340000 3.50379866484
2360000 3.48973849727
2380000 3.47526865556
2400000 3.46146180524
2420000 3.44779049554
2440000 3.43403110665
2460000 3.42066336905
2480000 3.40752680173
2500000 3.39419281386
2520000 3.38144775288
2540000 3.36885921008
2560000 3.35624315588
2580000 3.34368852198
2600000 3.33140189139
2620000 3.31933018711
2640000 3.3072658792
2660000 3.29524898757
2680000 3.28364736643
2700000 3.27187431524
2720000 3.26038310812
2740000 3.24883106027
2760000 3.23732958829
2780000 3.22598262239
2800000 3.21504676128
2820000 3.20427060254
2840000 3.19350731715
2860000 3.18275551988
2880000 3.1722865533
2900000 3.16170224393
2920000 3.15144595415
2940000 3.14119330425
2960000 3.13120116628
2980000 3.12118047172
3000000 3.11124793838
3020000 3.10139039555
3040000 3.0913767943
3060000 3.08137790892
3080000 3.07171073069
3100000 3.06226572336
3120000 3.05276653878
3140000 3.04343936214
3160000 3.03403618967
3180000 3.0248279747
3200000 3.01551246942
3220000 3.00672951671
3240000 2.99765820137
3260000 2.9890687168
3280000 2.98039558342
3300000 2.97182261964
3320000 2.96326671433
3340000 2.95481642389
3360000 2.9464181995
3380000 2.93790674056
3400000 2.92977535787
3420000 2.92139335764
3440000 2.9134123495
3460000 2.90545095774
3480000 2.89724723025
3500000 2.88933987862
3520000 2.88152883519
3540000 2.87341266153
3560000 2.86567514443
3580000 2.85799769796
3600000 2.85058660223
3620000 2.84311778676
3640000 2.83572236305
3660000 2.82832336783
3680000 2.82117061279
3700000 2.81384108973
3720000 2.80646587243
3740000 2.79917778418
3760000 2.7918724292
3780000 2.78464142333
3800000 2.77767319771
3820000 2.7708576391
3840000 2.76402937584
3860000 2.75729515643
3880000 2.75065113121
3900000 2.74404709238
3920000 2.73724585202
3940000 2.73073525169
3960000 2.72411111637
3980000 2.7174759212
4000000 2.71090494918
4020000 2.70464160742
4040000 2.6984904649
4060000 2.69205548908
4080000 2.68567858277
4100000 2.67946953895
4120000 2.67331780242
4140000 2.66717420719
4160000 2.66096671339
4180000 2.6547956587
4200000 2.64873088503
4220000 2.64273021494
4240000 2.63681394629
4260000 2.63100602692
4280000 2.62515427446
4300000 2.61928813545
4320000 2.61338104587
4340000 2.6074898206
4360000 2.60158385255
4380000 2.59576323526
4400000 2.59002255091
4420000 2.58434536582
4440000 2.57876275989
4460000 2.57307407438
4480000 2.56755696105
4500000 2.56219322904
4520000 2.55691998017
4540000 2.55144820422
4560000 2.54610601067
4580000 2.54075685094
4600000 2.5356337704
4620000 2.5303728099
4640000 2.52514415648
4660000 2.51972703543
4680000 2.51440743578
4700000 2.50921544308
4720000 2.50425052574
4740000 2.49916465692
4760000 2.49385264673
4780000 2.48885756894
4800000 2.483895483
4820000 2.47894610098
4840000 2.47414093373
4860000 2.46925080734
4880000 2.4641790971
4900000 2.45930455958
4920000 2.45426779693
4940000 2.44934240415
4960000 2.44447069753
4980000 2.43968599506
5000000 2.43475343527
5020000 2.43010513142
5040000 2.42549684711
5060000 2.42082471307
5080000 2.41607717455
5100000 2.41144303596
5120000 2.40684750991
5140000 2.40220600809
5160000 2.39779695637
5180000 2.39333347075
5200000 2.38880843573
5220000 2.38445056869
5240000 2.38011738165
5260000 2.37578176132
5280000 2.37152691593
5300000 2.36725869155
5320000 2.36294420587
5340000 2.35870153414
5360000 2.35455105267
5380000 2.35041152375
5400000 2.34619343479
5420000 2.34199313991
5440000 2.33780800186
5460000 2.33379503462
5480000 2.32970972435
5500000 2.32560213693
5520000 2.32155162038
5540000 2.31756382474
5560000 2.31351734955
5580000 2.30950373045
5600000 2.30560977446
5620000 2.30163359183
5640000 2.29771182609
5660000 2.2937512901
5680000 2.28988811336
5700000 2.28601731966
5720000 2.28226275757
5740000 2.27839802143
5760000 2.27459342007
5780000 2.27083667375
5800000 2.26708055004
5820000 2.26342630268
5840000 2.25977322166
5860000 2.25605554757
5880000 2.25238303573
5900000 2.24885019091
5920000 2.24527306821
5940000 2.24152899159
5960000 2.23785670547
5980000 2.23424786903
6000000 2.2307174897
6020000 2.22706441155
6040000 2.22368732703
6060000 2.22010662127
6080000 2.21657133603
6100000 2.21319454292
6120000 2.20965872864
6140000 2.20627102284
6160000 2.20277527794
6180000 2.1993916124
6200000 2.19605366139
6220000 2.19268264166
6240000 2.18929941858
6260000 2.18585585283
6280000 2.18262764112
6300000 2.17926939887
6320000 2.17597546575
6340000 2.17254047946
6360000 2.16925439585
6380000 2.16604155099
6400000 2.16269421438
6420000 2.15957325029
6440000 2.15632060548
6460000 2.15302394183
6480000 2.14978578701
6500000 2.14659758936
6520000 2.14333021763
6540000 2.14001667152
6560000 2.13689149336
6580000 2.13376336251
6600000 2.13058640211
6620000 2.12756502231
6640000 2.12430743025
6660000 2.12132009138
6680000 2.11830034179
6700000 2.115322817
6720000 2.11218899172
6740000 2.10900177401
6760000 2.10598420165
6780000 2.10292192012
6800000 2.09996708448
6820000 2.09708214129
6840000 2.09401016128
6860000 2.09111366609
6880000 2.08818858466
6900000 2.08534910846
6920000 2.08240060325
6940000 2.07947013743
6960000 2.07655741505
6980000 2.07368934037
7000000 2.07083011991
7020000 2.06791327594
7040000 2.06504292665
7060000 2.06209490259
7080000 2.05920768304
7100000 2.05629091105
7120000 2.05355239046
7140000 2.05083482561
7160000 2.0479472794
7180000 2.04514053211
7200000 2.04247349651
7220000 2.03971354387
7240000 2.03704016307
7260000 2.03441122809
7280000 2.03168754792
7300000 2.0289130477
7320000 2.02624304795
7340000 2.02346267162
7360000 2.02078624643
7380000 2.01816066113
7400000 2.01559049424
7420000 2.01283112447
7440000 2.01017896204
7460000 2.00753681623
7480000 2.00493731723
7500000 2.00225296847
7520000 1.9997159677
7540000 1.99714496337
7560000 1.99457738677
7580000 1.99200537785
7600000 1.98948431188
7620000 1.98695499858
7640000 1.98436389096
7660000 1.98187044282
7680000 1.97933051339
7700000 1.97684528377
7720000 1.97429653621
7740000 1.9717487019
7760000 1.96934014954
7780000 1.96699988471
7800000 1.96449839517
7820000 1.96207913149
7840000 1.95962640344
7860000 1.9572008393
7880000 1.95486828068
7900000 1.95250452159
7920000 1.95014323436
7940000 1.94782007785
7960000 1.94544708394
7980000 1.94305943418
8000000 1.94074128412
8020000 1.93839455086
8040000 1.93602731313
8060000 1.93371934951
8080000 1.93142680415
8100000 1.92909305535
8120000 1.92693417292
8140000 1.92469270772
8160000 1.9223952205
8180000 1.92011530253
8200000 1.9178705948
8220000 1.91558602835
8240000 1.91330231454
8260000 1.91104886923
8280000 1.90879977326
8300000 1.9065851242
8320000 1.90436451406
8340000 1.90213585797
8360000 1.8999502499
8380000 1.89769873182
8400000 1.89550318983
8420000 1.89330222379
8440000 1.89112976658
8460000 1.88898204929
8480000 1.88682381586
8500000 1.88469448808
8520000 1.88257854496
8540000 1.88042786478
8560000 1.87833113936
8580000 1.87624076307
8600000 1.87403885246
8620000 1.8719125589
8640000 1.86980136809
8660000 1.86766961099
8680000 1.86562142654
8700000 1.86357406735
8720000 1.86145751238
8740000 1.85940851616
8760000 1.85731656796
8780000 1.85522216989
8800000 1.8531276498
8820000 1.85109095643
8840000 1.8490569601
8860000 1.84705078795
8880000 1.84508377712
8900000 1.84313684544
8920000 1.84107823351
8940000 1.83909860927
8960000 1.83705395478
8980000 1.83506619822
9000000 1.83312702297
9020000 1.83115200119
9040000 1.82924825697
9060000 1.82727493504
9080000 1.82530195448
9100000 1.82332307274
9120000 1.82149323525
9140000 1.81958491841
9160000 1.81765930367
9180000 1.81570207804
9200000 1.81380222159
9220000 1.81184456498
9240000 1.80988097168
9260000 1.80795617435
9280000 1.80608265074
9300000 1.8042395835
9320000 1.80230973931
9340000 1.80044594463
9360000 1.79861828701
9380000 1.79672293774
9400000 1.79493181221
9420000 1.79313000614
9440000 1.791418313
9460000 1.78958160386
9480000 1.78776237125
9500000 1.78596829963
9520000 1.78416867121
9540000 1.78234414193
9560000 1.78048549065
9580000 1.77860993221
9600000 1.7768692344
9620000 1.77504527585
9640000 1.77330523984
9660000 1.77157384831
9680000 1.76977600877
9700000 1.76803595964
9720000 1.76636174034
9740000 1.76459743818
9760000 1.76283114808
9780000 1.76104622087
9800000 1.75930963103
9820000 1.75753902996
9840000 1.75578984801
9860000 1.75405238015
9880000 1.75243501843
9900000 1.75075386803
9920000 1.74901748889
9940000 1.74734878483
9960000 1.74573343173
9980000 1.74412587869
10000000 1.74249483608
10020000 1.74084546252
10040000 1.73918914894
10060000 1.7375200652
10080000 1.73585794608
10100000 1.73418496647
10120000 1.73248378415
10140000 1.73078204105
10160000 1.72912162609
10180000 1.72751154216
10200000 1.72591756882
10220000 1.72421717214
10240000 1.72253459161
10260000 1.72091730912
10280000 1.719334508
10300000 1.71775522631
10320000 1.71609077319
10340000 1.71452768838
10360000 1.71299604792
10380000 1.71141688796
10400000 1.70977890056
10420000 1.70820257677
10440000 1.7066022033
10460000 1.70507897822
10480000 1.70349020848
10500000 1.70191800974
10520000 1.70027887828
10540000 1.69874314599
10560000 1.69718014829
10580000 1.69561571219
10600000 1.69409500712
10620000 1.69258272668
10640000 1.69101625425
10660000 1.6894773388
10680000 1.68799043665
10700000 1.68643896095
10720000 1.68491777315
10740000 1.68334490951
10760000 1.68179656626
10780000 1.68027724621
10800000 1.67877188378
10820000 1.6772509871
10840000 1.67584915559
10860000 1.67428676241
10880000 1.67282883307
10900000 1.67134733849
10920000 1.66980865978
10940000 1.66825520968
10960000 1.66678524281
10980000 1.66532366684
11000000 1.66387869334
11020000 1.66244414769
11040000 1.66095336142
11060000 1.6595231213
11080000 1.65807364271
11100000 1.65659566365
11120000 1.65511378855
11140000 1.65368542832
11160000 1.65223989142
11180000 1.65081907223
11200000 1.64939774238
11220000 1.64802323588
11240000 1.64660082911
11260000 1.64511571215
11280000 1.64371109904
11300000 1.64233998428
11320000 1.64090173731
11340000 1.63946476261
11360000 1.63802739064
11380000 1.63665100225
11400000 1.63528370388
11420000 1.63387260024
11440000 1.63248389936
11460000 1.63116135796
11480000 1.6297998268
11500000 1.6283773345
11520000 1.6269386656
11540000 1.62553215182
11560000 1.62412679314
11580000 1.62280448581
11600000 1.62147607849
11620000 1.620105195
11640000 1.61873250899
11660000 1.61738756133
11680000 1.61603068213
11700000 1.61466672645
11720000 1.61327178894
11740000 1.61193303094
11760000 1.61058661784
11780000 1.60923231906
11800000 1.60789727944
11820000 1.60657330166
11840000 1.60524627357
11860000 1.60388970233
11880000 1.60259292998
11900000 1.60126266357
11920000 1.59993470531
11940000 1.59861085991
11960000 1.59729266129
11980000 1.59605819592
12000000 1.59474479527
12020000 1.59340165829
12040000 1.59206127332
12060000 1.59071735374
12080000 1.58941872997
