10000 43.8444447328
20000 31.7976605691
30000 26.5211776543
40000 23.260035834
50000 21.0043878965
60000 19.3179643299
70000 17.993162676
80000 16.9093397614
90000 16.0240668006
100000 15.2553276699
110000 14.6064430752
120000 14.0513780662
130000 13.5364312353
140000 13.0871064573
150000 12.6797478673
160000 12.3043948785
170000 11.9796907716
180000 11.6709185901
190000 11.3818840686
200000 11.1103526202
210000 10.8582693231
220000 10.6214482538
230000 10.4042320795
240000 10.1969873541
250000 10.0030902613
260000 9.82107673254
270000 9.64848340606
280000 9.48720017676
290000 9.33295428307
300000 9.18691055865
310000 9.04411437142
320000 8.91318694712
330000 8.78497839188
340000 8.66148682733
350000 8.54335631227
360000 8.43110768312
370000 8.32339907549
380000 8.21851282596
390000 8.11744467012
400000 8.02139691942
410000 7.9285443404
420000 7.8379694315
430000 7.75299819053
440000 7.67105759148
450000 7.5891625849
460000 7.51133433326
470000 7.43582504069
480000 7.36019491905
490000 7.28993277519
500000 7.22171874628
510000 7.15458138746
520000 7.09103835101
530000 7.02835728802
540000 6.96601673138
550000 6.90610489275
560000 6.84854518276
570000 6.79191592185
580000 6.73591044422
590000 6.68280156926
600000 6.62872303611
610000 6.57728362787
620000 6.52681734045
630000 6.47832323291
640000 6.43095978611
650000 6.383718497
660000 6.33870446293
670000 6.29280064757
680000 6.24862952601
690000 6.20658466799
700000 6.16410973597
710000 6.12274242093
720000 6.08266644158
730000 6.0434957535
740000 6.00496917402
750000 5.96627730088
760000 5.92970964804
770000 5.89277640167
780000 5.85724008884
790000 5.82231029301
800000 5.7882848871
810000 5.7548204082
820000 5.72143117694
830000 5.68838428606
840000 5.65735561603
850000 5.62525075468
860000 5.59412615759
870000 5.56361539432
880000 5.53351614789
890000 5.50371766794
900000 5.47449854526
910000 5.44595283933
920000 5.41799231923
930000 5.3905764697
940000 5.36325643586
950000 5.33640450142
960000 5.30956142404
970000 5.28400913613
980000 5.25852646747
990000 5.23266001046
1000000 5.20839811135
1010000 5.18382619952
1020000 5.16019258939
1030000 5.13547138639
1040000 5.11282150353
1050000 5.08977087348
1060000 5.06738143195
1070000 5.04421445757
1080000 5.02181901783
1090000 4.99894462603
1100000 4.97724459177
1110000 4.95574368693
1120000 4.934110005
1130000 4.91384019947
1140000 4.89360563539
1150000 4.87394405262
1160000 4.85424390366
1170000 4.83461603032
1180000 4.81515686486
1190000 4.79610937383
1200000 4.77735309865
1210000 4.75842178364
1220000 4.73969739401
1230000 4.72157858411
1240000 4.70349928283
1250000 4.68536371347
1260000 4.66804701197
1270000 4.65115111075
1280000 4.63358072343
1290000 4.61605695844
1300000 4.59967857195
1310000 4.5830393884
1320000 4.56632081012
1330000 4.55011504913
1340000 4.53356280907
1350000 4.51724376167
1360000 4.50123904951
1370000 4.48546090254
1380000 4.47011867824
1390000 4.45494665408
1400000 4.43965547703
1410000 4.42485201764
1420000 4.41029613011
1430000 4.39541509976
1440000 4.38066633534
1450000 4.36645797446
1460000 4.35229092303
1470000 4.33848926195
1480000 4.32476732166
1490000 4.31109084698
1500000 4.2971727749
1510000 4.28420857374
1520000 4.27087147629
1530000 4.25723036726
1540000 4.24372874001
1550000 4.23053789408
1560000 4.21722294548
1570000 4.20446862224
1580000 4.19167510494
1590000 4.17893238413
1600000 4.16641776602
1610000 4.15433474869
1620000 4.14185152186
1630000 4.12982036065
1640000 4.11753530473
1650000 4.10568560306
1660000 4.09420657324
1670000 4.08262583074
1680000 4.0710602782
1690000 4.05909635746
1700000 4.04775852061
1710000 4.03622133627
1720000 4.02489788928
1730000 4.01376606937
1740000 4.00267029969
1750000 3.99186896498
1760000 3.98098812733
1770000 3.9701139379
1780000 3.95930012514
1790000 3.94865014958
1800000 3.93821357815
1810000 3.92769995365
1820000 3.91756030778
1830000 3.90721993481
1840000 3.89706004918
1850000 3.88694253907
1860000 3.87693943434
1870000 3.86679896704
1880000 3.85689064752
1890000 3.8469221581
1900000 3.83765266666
1910000 3.82800650673
1920000 3.81867358676
1930000 3.80938305025
1940000 3.79988757181
1950000 3.79070001746
1960000 3.78132912664
1970000 3.77237839576
1980000 3.76315034254
1990000 3.75405551781
2000000 3.74502304475
2010000 3.73615421964
2020000 3.72721554073
2030000 3.71842767674
2040000 3.70966976894
2050000 3.70135363459
2060000 3.69279587941
2070000 3.6843314009
2080000 3.67575958884
2090000 3.66755758985
2100000 3.65949322407
2110000 3.65117808614
2120000 3.64320275592
2130000 3.63508048974
2140000 3.62668850838
2150000 3.61876122694
2160000 3.61085889539
2170000 3.60276303553
2180000 3.59522549441
2190000 3.58746079541
2200000 3.58005875055
2210000 3.57206243182
2220000 3.56470329825
2230000 3.55727519736
2240000 3.54974139072
2250000 3.54235789673
2260000 3.53462323126
2270000 3.52713581654
2280000 3.51966156404
2290000 3.5120901984
2300000 3.50502934515
2310000 3.49765873402
2320000 3.49032886573
2330000 3.48328732178
2340000 3.47612015281
2350000 3.46880315493
2360000 3.46177549108
2370000 3.45473029467
2380000 3.4477050137
2390000 3.44074970035
2400000 3.43388189867
2410000 3.42698751204
2420000 3.42018838062
2430000 3.41338012797
2440000 3.40660173147
2450000 3.39986570105
2460000 3.39324967441
2470000 3.38668309651
2480000 3.38008401145
2490000 3.37360277649
2500000 3.36709258214
2510000 3.36050776725
2520000 3.35416830044
2530000 3.34764208707
2540000 3.34112663983
2550000 3.3349898775
2560000 3.3286846581
2570000 3.32261999043
2580000 3.31636754337
2590000 3.31017055288
2600000 3.30412912623
2610000 3.29806008414
2620000 3.29211353809
2630000 3.28596269426
2640000 3.279974014
2650000 3.274091235
2660000 3.26830773894
2670000 3.26211413445
2680000 3.25652906714
2690000 3.25103904836
2700000 3.24537737617
2710000 3.23981615041
2720000 3.23427210329
2730000 3.22864300783
2740000 3.22301276315
2750000 3.21736255055
2760000 3.21171761761
2770000 3.20629952227
2780000 3.20079791775
2790000 3.19532521836
2800000 3.18975789306
2810000 3.1841528705
2820000 3.17864967
2830000 3.17326619279
2840000 3.168016678
2850000 3.16267512253
2860000 3.15740540419
2870000 3.15216614212
2880000 3.14688983946
2890000 3.14171607535
2900000 3.13643732765
2910000 3.13138441444
2920000 3.12632303614
2930000 3.12113480055
2940000 3.1161341521
2950000 3.11107030028
2960000 3.10614918589
2970000 3.10108363527
2980000 3.09626699704
2990000 3.09138080757
3000000 3.08641920725
3010000 3.08150611601
3020000 3.07648484946
3030000 3.07163080976
3040000 3.06678819533
3050000 3.06205949386
3060000 3.0570291124
3070000 3.05247259569
3080000 3.04771166686
3090000 3.04312790048
3100000 3.03832679119
3110000 3.03370618974
3120000 3.02892370023
3130000 3.02420705038
3140000 3.01951415182
3150000 3.0150678792
3160000 3.01042502386
3170000 3.00585890236
3180000 3.00121983852
3190000 2.99666001939
3200000 2.99212126292
3210000 2.98750513746
3220000 2.98278628633
3230000 2.97841112236
3240000 2.97393391078
3250000 2.96947023463
3260000 2.96519258978
3270000 2.96088813974
3280000 2.95628469084
3290000 2.95211338832
3300000 2.94793829451
3310000 2.94356927243
3320000 2.93920613458
3330000 2.93495725895
3340000 2.93091158083
3350000 2.92660194961
3360000 2.92232484862
3370000 2.91827436637
3380000 2.9140594923
3390000 2.90987625641
3400000 2.90573925819
3410000 2.90165506606
3420000 2.89748682009
3430000 2.89357778224
3440000 2.88957655055
3450000 2.88558062124
3460000 2.88167952184
3470000 2.87767363676
3480000 2.8737562186
3490000 2.86986129023
3500000 2.86591407191
3510000 2.8620664079
3520000 2.85824273078
3530000 2.85420506334
3540000 2.85041838714
3550000 2.84644133009
3560000 2.84255305634
3570000 2.8387254308
3580000 2.83496161553
3590000 2.83130171786
3600000 2.82735574676
3610000 2.82349230554
3620000 2.81982409307
3630000 2.81609012352
3640000 2.81241678961
3650000 2.80869438751
3660000 2.80490856343
3670000 2.80125284716
3680000 2.79780713639
3690000 2.79426810673
3700000 2.79057865708
3710000 2.78703395147
3720000 2.78343987596
3730000 2.77994795234
3740000 2.77628313029
3750000 2.77268023765
3760000 2.76927644118
3770000 2.76564048845
3780000 2.7620173794
3790000 2.75843250691
3800000 2.75501026051
3810000 2.75155413164
3820000 2.74808086447
3830000 2.74449095187
3840000 2.74107228906
3850000 2.73759945621
3860000 2.73431864157
3870000 2.73103568138
3880000 2.72748159292
3890000 2.72425100642
3900000 2.72101027763
3910000 2.71765597723
3920000 2.71427587741
3930000 2.71094462105
3940000 2.70768038094
3950000 2.70431807475
3960000 2.70119284884
3970000 2.69779382781
3980000 2.69440481886
3990000 2.69118075655
4000000 2.6878969927
4010000 2.68460236112
4020000 2.68134216947
4030000 2.67815509914
4040000 2.67498964857
4050000 2.67180610916
4060000 2.66861138291
4070000 2.66556382283
4080000 2.66237992574
4090000 2.65917566184
4100000 2.65623675691
4110000 2.65324348626
4120000 2.65016686412
4130000 2.64701014795
4140000 2.64394477457
4150000 2.64090426618
4160000 2.63795977442
4170000 2.63502471528
4180000 2.63199336833
4190000 2.62899949992
4200000 2.62597851412
4210000 2.62294894704
4220000 2.61975096088
4230000 2.61688572717
4240000 2.61394699928
4250000 2.61099524625
4260000 2.60806580884
4270000 2.60510510223
4280000 2.60217993369
4290000 2.59929436531
4300000 2.59631163323
4310000 2.59345434054
4320000 2.59054724748
4330000 2.58758204782
4340000 2.58456802949
4350000 2.58168429732
4360000 2.57881892279
4370000 2.57607166144
4380000 2.57317795741
4390000 2.57017365085
4400000 2.56760151437
4410000 2.56473807534
4420000 2.56196780386
4430000 2.55927121371
4440000 2.5564927258
4450000 2.55369393763
4460000 2.550916478
4470000 2.54806229928
4480000 2.54530747639
4490000 2.54257955945
4500000 2.5399196115
4510000 2.53726728095
4520000 2.5344409619
4530000 2.53176936162
4540000 2.52908553119
4550000 2.52638854237
4560000 2.52363542832
4570000 2.52092218748
4580000 2.51828311089
4590000 2.51562015976
4600000 2.51288889824
4610000 2.51033045577
4620000 2.5077200086
4630000 2.50521465055
4640000 2.50262864368
4650000 2.49990377374
4660000 2.49733405972
4670000 2.49476184331
4680000 2.49221367111
4690000 2.48960200495
4700000 2.4870680145
4710000 2.48454377468
4720000 2.48208604397
4730000 2.47957044557
4740000 2.47715561431
4750000 2.47465164775
4760000 2.47219294747
4770000 2.46966884215
4780000 2.4671582116
4790000 2.46460513817
4800000 2.4620011121
4810000 2.45953020358
4820000 2.45699862667
4830000 2.45447237279
4840000 2.4519524719
4850000 2.44951344558
4860000 2.44697608029
4870000 2.44459269595
4880000 2.4422347673
4890000 2.43988825509
4900000 2.43747140388
4910000 2.43506587272
4920000 2.43272650042
4930000 2.43031723451
4940000 2.42802898114
4950000 2.42568694735
4960000 2.42327080141
4970000 2.42095838218
4980000 2.41862713552
4990000 2.41630026142
5000000 2.4140202831
5010000 2.41171012592
5020000 2.40936337557
5030000 2.40711888886
5040000 2.40478876345
5050000 2.40250117213
5060000 2.40024788015
5070000 2.3978888312
5080000 2.39563809291
5090000 2.39346567889
5100000 2.39125367477
5110000 2.38904331238
5120000 2.38684959789
5130000 2.38469435087
5140000 2.38249689479
5150000 2.3802671552
5160000 2.37809535576
5170000 2.37572781856
5180000 2.37361279737
5190000 2.37137732011
5200000 2.36912057129
5210000 2.3669064759
5220000 2.3647031549
5230000 2.36262109951
5240000 2.36040707365
5250000 2.35820147547
5260000 2.3559567421
5270000 2.35373497038
5280000 2.35154638623
5290000 2.34947473154
5300000 2.34744268308
5310000 2.34535122592
5320000 2.34319512436
5330000 2.34105907374
5340000 2.33898017497
5350000 2.33681139014
5360000 2.33458186943
5370000 2.33255332411
5380000 2.33048276977
5390000 2.32843783501
5400000 2.32644756188
5410000 2.32420108826
5420000 2.32226546762
5430000 2.32015272663
5440000 2.31807114912
5450000 2.31605131484
5460000 2.31405277747
5470000 2.31200104803
5480000 2.30983192129
5490000 2.3077616247
5500000 2.30571552231
5510000 2.30362837761
5520000 2.30156092178
5530000 2.2995082091
5540000 2.29751479844
5550000 2.29554662661
5560000 2.2935951257
5570000 2.29156386488
5580000 2.28960402704
5590000 2.28759999173
5600000 2.28554510324
5610000 2.28358956595
5620000 2.28166039678
5630000 2.27969121103
5640000 2.27777963594
5650000 2.27573529092
5660000 2.27381105213
5670000 2.27189230047
5680000 2.26996622391
5690000 2.26809938067
5700000 2.266084889
5710000 2.26415513486
5720000 2.26219564986
5730000 2.26025174253
5740000 2.25837479722
5750000 2.25644826835
5760000 2.25462584168
5770000 2.25282662559
5780000 2.25097534581
5790000 2.24920339517
5800000 2.2474323209
5810000 2.24558045234
5820000 2.24369800355
5830000 2.24181975052
5840000 2.23987408602
5850000 2.23797948741
5860000 2.23600248417
5870000 2.23422626778
5880000 2.23249977059
5890000 2.23076515252
5900000 2.22892576489
5910000 2.22714172634
5920000 2.2253521112
5930000 2.22347105341
5940000 2.2216087296
5950000 2.21980326814
5960000 2.21810559125
5970000 2.21633167304
5980000 2.21451325669
5990000 2.21273364862
6000000 2.21098394078
6010000 2.20923112061
6020000 2.20739593527
6030000 2.20562227431
6040000 2.20377070947
6050000 2.20199964985
6060000 2.20021155373
6070000 2.19847811467
6080000 2.19674946266
6090000 2.19491796953
6100000 2.19319530351
6110000 2.19150309012
6120000 2.18978578283
6130000 2.18805185882
6140000 2.18640789929
6150000 2.18460419853
6160000 2.18291718196
6170000 2.18123673463
6180000 2.17958764292
6190000 2.17787182761
6200000 2.17613148177
6210000 2.17442663507
6220000 2.17280615376
6230000 2.17120680309
6240000 2.16943231085
6250000 2.16770002241
6260000 2.16599598844
6270000 2.16431697116
6280000 2.16258112611
6290000 2.16083777835
6300000 2.15916099182
6310000 2.15754118911
6320000 2.15593787669
6330000 2.15429322374
6340000 2.15256098358
6350000 2.15091706804
6360000 2.14923050563
6370000 2.1474896114
6380000 2.14580989034
6390000 2.14416502578
6400000 2.14245784454
6410000 2.14086963346
6420000 2.13924275341
6430000 2.13762578682
6440000 2.13607911087
6450000 2.13442121174
6460000 2.13277914208
6470000 2.1311898855
6480000 2.12954001176
6490000 2.12792571232
6500000 2.12632644714
6510000 2.12488325991
6520000 2.12335242569
6530000 2.12179903274
6540000 2.12032179456
6550000 2.1188495109
6560000 2.11733095635
6570000 2.11573981824
6580000 2.11410748328
6590000 2.11247320366
6600000 2.11100511572
6610000 2.10956881956
6620000 2.10802574377
6630000 2.106536918
6640000 2.10504711868
6650000 2.10352092041
6660000 2.10200769353
6670000 2.10041885583
6680000 2.09888990942
6690000 2.0974481981
6700000 2.09592591924
6710000 2.09434361358
6720000 2.09278134959
6730000 2.09131623981
6740000 2.08983890843
6750000 2.0883007835
6760000 2.0868407124
6770000 2.08534673751
6780000 2.0839123676
6790000 2.08237794214
6800000 2.08090784591
6810000 2.07945123556
6820000 2.07799626448
6830000 2.07653394719
6840000 2.07505142046
6850000 2.07360522819
6860000 2.07212130808
6870000 2.07063236247
6880000 2.06925870644
6890000 2.06785381189
6900000 2.06636611663
6910000 2.06493490365
6920000 2.06347560567
6930000 2.06193490758
6940000 2.06055422337
6950000 2.05910932745
6960000 2.0576488393
6970000 2.05614400481
6980000 2.05469104218
6990000 2.05329946273
7000000 2.05200870617
7010000 2.05060076311
7020000 2.04912872326
7030000 2.04773674395
7040000 2.04631764947
7050000 2.04493662297
7060000 2.04350399699
7070000 2.0421732013
7080000 2.04077030491
7090000 2.03930059318
7100000 2.03794396215
7110000 2.03650475312
7120000 2.0352037086
7130000 2.03388832719
7140000 2.03251783219
7150000 2.03116794526
7160000 2.0297711149
7170000 2.02839256222
7180000 2.02707469261
7190000 2.0257512557
7200000 2.02442794534
7210000 2.02312807973
7220000 2.02175639291
7230000 2.02044428094
7240000 2.01906780821
7250000 2.01772357588
7260000 2.0162631422
7270000 2.01490410335
7280000 2.01355034041
7290000 2.01213763453
7300000 2.01080334017
7310000 2.00945473557
7320000 2.00817357109
7330000 2.00692623576
7340000 2.0056229054
7350000 2.00428159176
7360000 2.00299989988
7370000 2.00171546044
7380000 2.00045900661
7390000 1.99921125728
7400000 1.9980017625
7410000 1.99668138473
7420000 1.99548561471
7430000 1.99405085835
7440000 1.99277344875
7450000 1.99146121186
7460000 1.99018436731
7470000 1.98886906665
7480000 1.98763282034
7490000 1.98633528157
7500000 1.98507251352
7510000 1.98380929941
7520000 1.98247245336
7530000 1.98117152886
7540000 1.9798566303
7550000 1.97858109551
7560000 1.97732083378
7570000 1.97603771799
7580000 1.97475512998
7590000 1.97345745745
7600000 1.97220015854
7610000 1.9709420679
7620000 1.96965075207
7630000 1.96838201029
7640000 1.96713782039
7650000 1.96598281865
7660000 1.96476524499
7670000 1.96356600599
7680000 1.96234969948
7690000 1.96112981139
7700000 1.95979643825
7710000 1.95858537244
7720000 1.95744017216
7730000 1.95621359776
7740000 1.95500971331
7750000 1.95370771429
7760000 1.95251905743
7770000 1.95132982586
7780000 1.95006048535
7790000 1.94883451609
7800000 1.94757368265
7810000 1.94634848835
7820000 1.94516413986
7830000 1.94398472417
7840000 1.94278854636
7850000 1.94164598511
7860000 1.94048487037
7870000 1.93934678031
7880000 1.93811892707
7890000 1.93694504905
7900000 1.93584969805
7910000 1.93455048643
7920000 1.93337014386
7930000 1.93214100411
7940000 1.93098289361
7950000 1.92979414866
7960000 1.92858267643
7970000 1.927371755
7980000 1.92620384498
7990000 1.92509180227
8000000 1.92394463347
8010000 1.92273244675
8020000 1.92159758353
8030000 1.92048404145
8040000 1.91933135089
8050000 1.91820230268
8060000 1.91703751533
8070000 1.9158585383
8080000 1.91475301687
8090000 1.9135919822
8100000 1.91248263185
8110000 1.91136621174
8120000 1.91018125257
8130000 1.90906913759
8140000 1.90794239317
8150000 1.90683091758
8160000 1.90570991447
8170000 1.9045877962
8180000 1.90343087033
8190000 1.90230804705
8200000 1.90121001364
8210000 1.90015933382
8220000 1.89907681897
8230000 1.89790306289
8240000 1.89676277436
8250000 1.89566384261
8260000 1.89451161449
8270000 1.89339143819
8280000 1.89231836922
8290000 1.89121417339
8300000 1.89015100416
8310000 1.88907976994
8320000 1.88796181793
8330000 1.88687866436
8340000 1.8858443547
8350000 1.88479399727
8360000 1.88373378186
8370000 1.88266473583
8380000 1.8814847117
8390000 1.88042892768
8400000 1.8792992379
8410000 1.87819684712
8420000 1.8771672212
8430000 1.87604315826
8440000 1.87495981628
8450000 1.87392302056
8460000 1.87285133642
8470000 1.871819049
8480000 1.87073674256
8490000 1.86968525308
8500000 1.86854911597
8510000 1.86745462
8520000 1.86642479672
8530000 1.86534229456
8540000 1.86430622552
8550000 1.86325836629
8560000 1.86220249814
8570000 1.86112023824
8580000 1.86012959333
8590000 1.85900507922
8600000 1.85794726418
8610000 1.85691554435
8620000 1.85582138363
8630000 1.85484775774
8640000 1.8537798225
8650000 1.85272589118
8660000 1.85169859272
8670000 1.85065918271
8680000 1.84963062082
8690000 1.84856033271
8700000 1.84752489293
8710000 1.84651857295
8720000 1.84548155964
8730000 1.84440027486
8740000 1.84337459844
8750000 1.84241054779
8760000 1.84141532153
8770000 1.84041679553
8780000 1.83940275527
8790000 1.83837444835
8800000 1.83734855684
8810000 1.8363493504
8820000 1.83541848568
8830000 1.83437062932
8840000 1.83330398825
8850000 1.83230069252
8860000 1.83133020669
8870000 1.83041499383
8880000 1.82941285559
8890000 1.82843089619
8900000 1.82741919306
8910000 1.82642240572
8920000 1.82546621512
8930000 1.82450637157
8940000 1.82348759588
8950000 1.82247634845
8960000 1.82147802637
8970000 1.82051816415
8980000 1.81953248525
8990000 1.81855745113
9000000 1.81758030327
9010000 1.81662559018
9020000 1.81560588547
9030000 1.81466763467
9040000 1.81374333069
9050000 1.81278987228
9060000 1.8117710063
9070000 1.81090439615
9080000 1.8099586688
9090000 1.80895963847
9100000 1.80795072253
9110000 1.8069672777
9120000 1.80601126571
9130000 1.80511087528
9140000 1.80409996767
9150000 1.8031197613
9160000 1.80218080991
9170000 1.80117790938
9180000 1.80026277212
9190000 1.79932186661
9200000 1.79838095746
9210000 1.79745770339
9220000 1.79646485791
9230000 1.79551074903
9240000 1.79453652587
9250000 1.79358949198
9260000 1.79260640999
9270000 1.79166933998
9280000 1.79076711114
9290000 1.78981531421
9300000 1.78893906451
9310000 1.78797629435
9320000 1.78702752207
9330000 1.78612988559
9340000 1.78516404648
9350000 1.78422257968
9360000 1.78329738895
9370000 1.78229335714
9380000 1.78135219677
9390000 1.78037843085
9400000 1.77944031982
9410000 1.77853343286
9420000 1.7775788491
9430000 1.77671530234
9440000 1.77579342888
9450000 1.77488093122
9460000 1.77401888039
9470000 1.77318926985
9480000 1.77228728529
9490000 1.77134891361
9500000 1.77046381423
9510000 1.76958398878
9520000 1.76871969538
9530000 1.76785597167
9540000 1.76695960539
9550000 1.76606759204
9560000 1.76518429294
9570000 1.76432065989
9580000 1.76343280153
9590000 1.76249437653
9600000 1.76161220131
9610000 1.76075732357
9620000 1.75990580656
9630000 1.75902939656
9640000 1.75811640119
9650000 1.75730751873
9660000 1.75635781912
9670000 1.75550036024
9680000 1.75454126175
9690000 1.75365539234
9700000 1.75273295928
9710000 1.75179382008
9720000 1.75095081593
9730000 1.7501188134
9740000 1.74929945206
9750000 1.7484721066
9760000 1.7475962495
9770000 1.74663037278
9780000 1.74575464177
9790000 1.74492582138
9800000 1.74404919978
9810000 1.74317208046
9820000 1.74232562711
9830000 1.74149446347
9840000 1.74061795975
9850000 1.73981185664
9860000 1.73901903108
9870000 1.73822921422
9880000 1.7374096029
9890000 1.73655340556
9900000 1.73570543302
9910000 1.73480493842
9920000 1.73396631695
9930000 1.73312841504
9940000 1.73227569486
9950000 1.73146004279
9960000 1.73053942802
9970000 1.72968514022
9980000 1.72880406926
9990000 1.72795148184
10000000 1.72713338989
10010000 1.72631508669
10020000 1.72554270895
10030000 1.72478752595
10040000 1.72394656848
10050000 1.72316190085
10060000 1.72238020865
10070000 1.72155393767
10080000 1.72075681642
10090000 1.71990970255
10100000 1.7190632805
10110000 1.71825734528
10120000 1.7174285568
10130000 1.71661675518
10140000 1.71577362036
10150000 1.71489417342
10160000 1.71404638506
10170000 1.71321635181
10180000 1.71238592953
10190000 1.71153341807
10200000 1.71067572042
10210000 1.70990893527
10220000 1.70905915931
10230000 1.7082999396
10240000 1.7074600903
10250000 1.7066666652
10260000 1.70581456872
10270000 1.70500685703
10280000 1.70421178175
10290000 1.70344006679
10300000 1.70263479418
10310000 1.70185624872
10320000 1.70110015937
10330000 1.70028942356
10340000 1.69953061262
10350000 1.69876351081
10360000 1.69795423373
10370000 1.69718267465
10380000 1.69640880624
10390000 1.69563858455
10400000 1.69483792413
10410000 1.69405447605
10420000 1.69322689046
10430000 1.69240847917
10440000 1.691643983
10450000 1.69086148059
10460000 1.69004677789
10470000 1.68918805652
10480000 1.68838859575
10490000 1.6876309046
10500000 1.68682580823
10510000 1.6860758662
10520000 1.68532942992
10530000 1.68454521849
10540000 1.68376587818
10550000 1.6829490133
10560000 1.68216652541
10570000 1.68144267066
10580000 1.68069859867
10590000 1.67994592072
10600000 1.67922447143
10610000 1.67845192728
10620000 1.67768530422
10630000 1.67689478353
10640000 1.67615239764
10650000 1.67538632141
10660000 1.67463200332
10670000 1.67384376372
10680000 1.67305550874
10690000 1.67232391395
10700000 1.67157316295
10710000 1.67080053686
10720000 1.67004311907
10730000 1.66928220151
10740000 1.66849755598
10750000 1.66773201011
10760000 1.66697120551
10770000 1.66619255275
10780000 1.66541409323
10790000 1.6646620343
10800000 1.66388537823
10810000 1.66315576496
10820000 1.6623766794
10830000 1.66164197778
10840000 1.66085269426
10850000 1.66008132158
10860000 1.65932820074
10870000 1.65863908386
10880000 1.65790705863
10890000 1.65724163408
10900000 1.65649106622
10910000 1.65579034834
10920000 1.65511443243
10930000 1.65437258688
10940000 1.65368247649
10950000 1.65291887102
10960000 1.65218483494
10970000 1.65146929287
10980000 1.65075925148
10990000 1.65003502125
11000000 1.64932065371
11010000 1.64858977857
11020000 1.64787560146
11030000 1.6471532315
11040000 1.64640854838
11050000 1.64569147008
11060000 1.64497763196
11070000 1.64423444695
11080000 1.64352697309
11090000 1.64283898059
11100000 1.64214104977
11110000 1.64145286565
11120000 1.6407166585
11130000 1.63989225487
11140000 1.63915343448
11150000 1.63840828122
11160000 1.63765947359
11170000 1.63696037721
11180000 1.63624893806
11190000 1.63553584551
11200000 1.63482770808
11210000 1.63407863352
11220000 1.63333213309
11230000 1.63261580944
11240000 1.63191422328
11250000 1.63122643399
11260000 1.63045582456
11270000 1.62971257586
11280000 1.62898970418
11290000 1.62829769872
11300000 1.62762620111
11310000 1.62686632269
11320000 1.62617311537
11330000 1.62548577799
11340000 1.62477023908
11350000 1.62407949519
11360000 1.62337929229
11370000 1.62265995523
11380000 1.62195424371
11390000 1.62127437215
11400000 1.62062280172
11410000 1.61988311418
11420000 1.61913607124
11430000 1.61844981154
11440000 1.61777517225
11450000 1.61715679933
11460000 1.61650606272
11470000 1.61579733471
11480000 1.61508360305
11490000 1.61435332199
11500000 1.61364023526
11510000 1.61294787353
11520000 1.61224659467
11530000 1.61156054484
11540000 1.61085547398
11550000 1.61018268042
11560000 1.60946085148
11570000 1.60880522818
11580000 1.60814417473
11590000 1.60746689007
11600000 1.60679171515
11610000 1.60619862941
11620000 1.60548176299
11630000 1.60476594515
11640000 1.60413484914
11650000 1.60339760012
11660000 1.60271800539
11670000 1.60206336584
11680000 1.60140384966
11690000 1.60066888032
11700000 1.59996255431
11710000 1.59930487608
11720000 1.59858178195
11730000 1.59791095569
11740000 1.59727904115
11750000 1.59664044468
11760000 1.59601859751
11770000 1.59536850096
11780000 1.59473824564
11790000 1.59403008018
11800000 1.59340250526
11810000 1.59274388559
11820000 1.59207995477
11830000 1.59141564918
11840000 1.59077929884
11850000 1.59010175598
11860000 1.58945058784
11870000 1.58883289924
11880000 1.58821627714
11890000 1.58759648685
11900000 1.58693208366
11910000 1.5862551395
11920000 1.5855595936
11930000 1.58491582194
11940000 1.58422732976
11950000 1.58359030832
11960000 1.58300025408
11970000 1.58233070322
11980000 1.58167882554
11990000 1.58100949228
12000000 1.58034416352
12010000 1.57973018771
12020000 1.57910023186
12030000 1.57846037712
12040000 1.57774905966
12050000 1.57712621463
12060000 1.57646200375
12070000 1.57579501939
12080000 1.5751486809
12090000 1.57450807548
12100000 1.57387073902
12110000 1.57325648781
12120000 1.57263065562
12130000 1.57192074415
12140000 1.57124087786
12150000 1.57063642769
12160000 1.569980952
12170000 1.56937472905
12180000 1.56874363253
12190000 1.56808121306
12200000 1.5674384187
12210000 1.56683454392
12220000 1.56617999352
12230000 1.56555673751
12240000 1.56489505344
12250000 1.56426073448
12260000 1.56364898888
12270000 1.56300831681
12280000 1.56239402823
12290000 1.56175820283
12300000 1.56115587351
12310000 1.56052258814
12320000 1.55987607449
12330000 1.55923934779
12340000 1.55864363035
12350000 1.55797517136
12360000 1.55736488635
12370000 1.55671192752
12380000 1.55610059222
12390000 1.55549807816
12400000 1.55488935928
12410000 1.55427726196
12420000 1.55364542968
12430000 1.55299829277
12440000 1.55241758573
12450000 1.55179259378
12460000 1.55119928479
12470000 1.55060248334
12480000 1.55005318732
12490000 1.54942912393
12500000 1.5488485419
12510000 1.54824854795
12520000 1.54766302553
12530000 1.54703132196
12540000 1.54642096599
12550000 1.54583916121
12560000 1.54523418979
12570000 1.54465826486
12580000 1.54405839233
12590000 1.54346588813
12600000 1.54289389243
12610000 1.54229536863
12620000 1.54168140791
12630000 1.54100387266
12640000 1.54039722866
12650000 1.53976250466
12660000 1.53912241864
12670000 1.53851812106
12680000 1.53794256812
12690000 1.53736526909
12700000 1.53678246769
12710000 1.5362073629
12720000 1.53558326792
12730000 1.53497668908
12740000 1.5343617255
12750000 1.53375998371
12760000 1.53319136686
12770000 1.53256215639
12780000 1.53192580945
12790000 1.53138507568
12800000 1.53080488029
12810000 1.53023327746
12820000 1.52961888928
12830000 1.52900485017
12840000 1.52841748567
12850000 1.52783502263
12860000 1.5272638735
12870000 1.52671473202
12880000 1.52611934931
12890000 1.52552542012
12900000 1.5248890249
12910000 1.5242860224
12920000 1.52374892614
12930000 1.52315375479
12940000 1.52261607462
12950000 1.521966927
12960000 1.52137935882
12970000 1.52082168646
12980000 1.52025667618
12990000 1.51963875003
13000000 1.51902766703
13010000 1.51846546669
13020000 1.51786519074
13030000 1.51731494146
13040000 1.51672628016
13050000 1.51613774488
13060000 1.51557466695
13070000 1.51497549695
13080000 1.51438941633
13090000 1.51383188243
13100000 1.51326665493
13110000 1.51273336164
13120000 1.51217496991
13130000 1.51163046439
13140000 1.51106830489
13150000 1.51047879932
13160000 1.50994326938
13170000 1.50936595629
13180000 1.5087575732
13190000 1.50819935432
13200000 1.50765449559
13210000 1.50713419551
13220000 1.50663383567
13230000 1.50606948097
13240000 1.50551516947
13250000 1.50498953763
13260000 1.50443765654
13270000 1.50386895731
13280000 1.5033028981
13290000 1.50274573847
13300000 1.50220682781
13310000 1.50168819156
13320000 1.50113348952
13330000 1.50054862496
13340000 1.50002634852
13350000 1.49945040766
13360000 1.49887451023
13370000 1.49831226622
13380000 1.49777432382
13390000 1.49725427485
13400000 1.49675198086
13410000 1.49616772382
13420000 1.49563317389
13430000 1.49509175074
13440000 1.49453210812
13450000 1.49398530421
13460000 1.49342354146
13470000 1.49286326313
13480000 1.49235859274
13490000 1.49180399945
13500000 1.49126170193
13510000 1.49075274059
13520000 1.49019783396
13530000 1.48963913828
13540000 1.48907882895
13550000 1.48857538599
13560000 1.48804546705
13570000 1.48748397579
13580000 1.48695248342
13590000 1.48643753154
13600000 1.48593279715
13610000 1.4854167835
13620000 1.4849175477
13630000 1.48439234695
13640000 1.4839040762
13650000 1.48340674861
13660000 1.48284519824
13670000 1.48235113786
13680000 1.48185185061
13690000 1.48130063807
13700000 1.48075894367
13710000 1.48024287419
13720000 1.47972076447
13730000 1.47918180243
13740000 1.47863249654
13750000 1.47810375442
13760000 1.47759591394
13770000 1.47707105474
13780000 1.47655451733
13790000 1.47606794652
13800000 1.47554561022
13810000 1.47502657857
13820000 1.47453500395
13830000 1.47404844834
