10000 6.79712659816
20000 4.64020705352
30000 3.73310099811
40000 3.20305454672
50000 2.86346857997
60000 2.60937192996
70000 2.41320455434
80000 2.2590252344
90000 2.12977650692
100000 2.02427807936
110000 1.93120417383
120000 1.85213112507
130000 1.7815329591
140000 1.71831560554
150000 1.6621052295
160000 1.60043980108
160000 1.60043980108
160000 1.60043980108
160000 1.60043980108
160000 1.60043980108
160000 1.60043980108
160000 1.60043980108
160000 1.60043980108
160000 1.60043980108
160000 1.60043980108
160000 1.60043980108
160000 1.60043980108
160000 1.60043980108
160000 1.60043980108
160000 1.60043980108
160000 1.60043980108
160000 1.60043980108
160000 1.60043980108
160000 1.60043980108
160000 1.60043980108
160000 1.60043980108
160000 1.60043980108
160000 1.60043980108
160000 1.60043980108
160000 1.60043980108
160000 1.60043980108
160000 1.60043980108
160000 1.60043980108
160000 1.60043980108
160000 1.60043980108
160000 1.60043980108
160000 1.60043980108
160000 1.60043980108
160000 1.60043980108
160000 1.60043980108
160000 1.60043980108
160000 1.60043980108
160000 1.60043336984
170000 1.54413448426
170000 1.5441344842
170000 1.54413447054
170000 1.54413447049
170000 1.54413446614
170000 1.54413446377
170000 1.54413446112
170000 1.54413445894
170000 1.54413445692
170000 1.54413445514
170000 1.54413445354
170000 1.54413445211
170000 1.54413445083
170000 1.54413444969
170000 1.54413444867
170000 1.54413444776
170000 1.54413444694
170000 1.54413444621
170000 1.54413444556
170000 1.54413444498
170000 1.54413444446
170000 1.54413444399
170000 1.54413444358
170000 1.54413444321
170000 1.54413444287
170000 1.54413444257
170000 1.54413444231
170000 1.54413444207
170000 1.54413444186
170000 1.54413444167
170000 1.5441344415
170000 1.54413444135
170000 1.54413444121
170000 1.54413444109
170000 1.54413444098
170000 1.54413444088
170000 1.5441344408
170000 1.5441295862
180000 1.50072702045
180000 1.5007270204
180000 1.50072700957
180000 1.50072700953
180000 1.50072700607
180000 1.50072700419
180000 1.50072700209
180000 1.50072700035
180000 1.50072699875
180000 1.50072699733
180000 1.50072699606
180000 1.50072699493
180000 1.50072699391
180000 1.50072699301
180000 1.50072699219
180000 1.50072699147
180000 1.50072699082
180000 1.50072699024
180000 1.50072698972
180000 1.50072698926
180000 1.50072698884
180000 1.50072698847
180000 1.50072698814
180000 1.50072698785
180000 1.50072698758
180000 1.50072698734
180000 1.50072698713
180000 1.50072698694
180000 1.50072698677
180000 1.50072698662
180000 1.50072698649
180000 1.50072698636
180000 1.50072698626
180000 1.50072698616
180000 1.50072698607
180000 1.500726986
180000 1.50072698593
180000 1.50072316899
190000 1.46566301772
190000 1.46566301772
190000 1.46566301772
190000 1.46566301772
190000 1.46566301772
190000 1.46566301772
190000 1.46566301772
190000 1.46566301772
190000 1.46566301772
190000 1.46566301772
190000 1.46566301772
190000 1.46566301772
190000 1.46566301772
190000 1.46566301772
190000 1.46566301772
190000 1.46566301772
190000 1.46566301772
190000 1.46566301772
190000 1.46566301772
190000 1.46566301772
190000 1.46566301772
190000 1.46566301772
190000 1.46566301772
190000 1.46566301772
190000 1.46566301772
190000 1.46566301772
190000 1.46566301772
190000 1.46566301772
190000 1.46566301772
190000 1.46566301772
190000 1.46566301772
190000 1.46566301772
190000 1.46566301772
190000 1.46566301772
190000 1.46566301772
190000 1.46566301772
190000 1.46566301772
190000 1.46565992025
200000 1.43735379384
200000 1.43735379384
200000 1.43735379384
200000 1.43735379384
200000 1.43735379384
200000 1.43735379384
200000 1.43735379384
200000 1.43735379384
200000 1.43735379384
200000 1.43735379384
200000 1.43735379384
200000 1.43735379384
200000 1.43735379384
200000 1.43735379384
200000 1.43735379384
200000 1.43735379384
200000 1.43735379384
200000 1.43735379384
200000 1.43735379384
200000 1.43735379384
200000 1.43735379384
200000 1.43735379384
200000 1.43735379384
200000 1.43735379384
200000 1.43735379384
200000 1.43735379384
200000 1.43735379384
200000 1.43735379384
200000 1.43735379384
200000 1.43735379384
200000 1.43735379384
200000 1.43735379384
200000 1.43735379384
200000 1.43735379384
200000 1.43735379384
200000 1.43735379384
200000 1.43735379384
200000 1.43735121709
210000 1.41342132865
210000 1.41342132865
210000 1.41342132865
210000 1.41342132865
210000 1.41342132865
210000 1.41342132865
210000 1.41342132865
210000 1.41342132865
210000 1.41342132865
210000 1.41342132865
210000 1.41342132865
210000 1.41342132865
210000 1.41342132865
210000 1.41342132865
210000 1.41342132865
210000 1.41342132865
210000 1.41342132865
210000 1.41342132865
210000 1.41342132865
210000 1.41342132865
210000 1.41342132865
210000 1.41342132865
210000 1.41342132865
210000 1.41342132865
210000 1.41342132865
210000 1.41342132865
210000 1.41342132865
210000 1.41342132865
210000 1.41342132865
210000 1.41342132865
210000 1.41342132865
210000 1.41342132865
210000 1.41342132865
210000 1.41342132865
210000 1.41342132865
210000 1.41342132865
210000 1.41342132865
210000 1.41341914413
