10000 31.508147154
20000 22.9354970682
30000 19.0158440518
40000 16.6573766107
50000 15.0199579469
60000 13.808282368
70000 12.8538032353
80000 12.0844886156
90000 11.4402690151
100000 10.8960396941
110000 10.4225782789
120000 10.0108824477
130000 9.64433630596
140000 9.31882348001
150000 9.02335781279
160000 8.75748402575
170000 8.51323566866
180000 8.29007815019
190000 8.08323169034
200000 7.89308505356
210000 7.71531599374
220000 7.55030578977
230000 7.39476874673
240000 7.24968133577
250000 7.1123704641
260000 6.98363069866
270000 6.86121828601
280000 6.74594809593
290000 6.63590168243
300000 6.53188785212
310000 6.43224111548
320000 6.33774972716
330000 6.24694926687
340000 6.16059980422
350000 6.07739977992
360000 5.99807746027
370000 5.9219071151
380000 5.84825868359
390000 5.7778108844
400000 5.70955726345
410000 5.64414400422
420000 5.58065203493
430000 5.51969618432
440000 5.46043242402
450000 5.4034457224
460000 5.34795708647
470000 5.29452326027
480000 5.24242207218
490000 5.19218371497
500000 5.14313602464
510000 5.09578428988
520000 5.04950064751
530000 5.00476706704
540000 4.9609951644
550000 4.91864509278
560000 4.87716384081
570000 4.8369911568
580000 4.79760587926
590000 4.75942866881
600000 4.72196717145
610000 4.68562418424
620000 4.64993351698
630000 4.61528123764
640000 4.58122500964
650000 4.54813522153
660000 4.51559136088
670000 4.48394910719
680000 4.4528079807
690000 4.42250984857
700000 4.39267267514
710000 4.36362534386
720000 4.33500284863
730000 4.30712185526
740000 4.27963312262
750000 4.25284180741
760000 4.22641329886
770000 4.20064190042
780000 4.17520661012
790000 4.15039148574
800000 4.12588821139
810000 4.10197116253
820000 4.07834387343
830000 4.05527156011
840000 4.03246884742
850000 4.0101922778
860000 3.9881668747
870000 3.96664095885
880000 3.94534932028
890000 3.92453247874
900000 3.90393441214
910000 3.88378823145
920000 3.86384657143
930000 3.84433550018
940000 3.82501582095
950000 3.80610690078
960000 3.78748659819
970000 3.76903988826
980000 3.75147962619
990000 3.73357180323
1000000 3.71603101201
1010000 3.69864321899
1020000 3.68160681011
1030000 3.66471414941
1040000 3.64815820549
1050000 3.63173742192
1060000 3.61563958952
1070000 3.59966893431
1080000 3.58400829461
1090000 3.56846740201
1100000 3.55322435429
1110000 3.53809413025
1120000 3.52325028682
1130000 3.50851280849
1140000 3.49405089964
1150000 3.47968932441
1160000 3.46559311234
1170000 3.45159159538
1180000 3.43784579607
1190000 3.42418941544
1200000 3.41077962769
1210000 3.39745431625
1220000 3.38436695703
1230000 3.37135944032
1240000 3.35858168587
1250000 3.3458794255
1260000 3.33339915749
1270000 3.32099029937
1280000 3.30879605567
1290000 3.29666938266
1300000 3.28475031228
1310000 3.27289520073
1320000 3.26124102246
1330000 3.24964740236
1340000 3.2382483668
1350000 3.22690668517
1360000 3.21575353979
1370000 3.20465472698
1380000 3.19373868397
1390000 3.18287412258
1400000 3.17218682922
1410000 3.16154832546
1420000 3.15108183674
1430000 3.14066159398
1440000 3.13040834731
1450000 3.12019894162
1460000 3.11015173346
1470000 3.10014609096
1480000 3.09029805511
1490000 3.080489431
1500000 3.07083401855
1510000 3.06121597762
1520000 3.05174693832
1530000 3.0423133369
1540000 3.03302470177
1550000 3.02382385619
1560000 3.01465573626
1570000 3.00562684201
1580000 2.99662897842
1590000 2.98776670146
1600000 2.97893384573
1610000 2.97023308164
1620000 2.96156020985
1630000 2.9530160713
1640000 2.94449837188
1650000 2.93610617683
1660000 2.92773903913
1670000 2.91949429988
1680000 2.91127330346
1690000 2.90317171638
1700000 2.89509262107
1710000 2.88713005698
1720000 2.87918879346
1730000 2.87136128864
1740000 2.86355394971
1750000 2.8558576974
1760000 2.84818052975
1770000 2.84061187232
1780000 2.83306126879
1790000 2.82561669021
1800000 2.81818918256
1810000 2.81086530147
1820000 2.80355755355
1830000 2.79635111665
1840000 2.78915991799
1850000 2.78206779391
1860000 2.77499005367
1870000 2.7680092271
1880000 2.76104196842
1890000 2.75416953463
1900000 2.74730988925
1910000 2.74054304893
1920000 2.73378825215
1930000 2.72712430653
1940000 2.72047169243
1950000 2.71390803868
1960000 2.70735503561
1970000 2.7008891625
1980000 2.69443328885
1990000 2.68806277259
2000000 2.68170163277
2010000 2.67542413319
2020000 2.66915541382
2030000 2.66296867064
2040000 2.65679013692
2050000 2.6506919663
2060000 2.64460145866
2070000 2.63858974988
2080000 2.63258518071
2090000 2.62665789308
2100000 2.62073724368
2110000 2.61489240352
2120000 2.60905372119
2130000 2.60328941908
2140000 2.59756457323
2150000 2.59184520246
2160000 2.58619814778
2170000 2.580556136
2180000 2.57498511218
2190000 2.56941871685
2200000 2.56392201903
2210000 2.55842955226
2220000 2.55300552882
2230000 2.54758535519
2240000 2.54223240563
2250000 2.5368829401
2260000 2.53159951301
2270000 2.52631921896
2280000 2.52110381009
2290000 2.51589119739
2300000 2.51074234785
2310000 2.50559597111
2320000 2.50051226558
2330000 2.4954307224
2340000 2.4904107875
2350000 2.48539271687
2360000 2.48043521955
2370000 2.47547930024
2380000 2.47058294629
2390000 2.46568789542
2400000 2.46085142801
2410000 2.45601599957
2420000 2.45123819788
2430000 2.44646118144
2440000 2.44174085931
2450000 2.43702107867
2460000 2.4323570834
2470000 2.42769339537
2480000 2.42308460645
2490000 2.41847589968
2500000 2.41392122769
2510000 2.40936642151
2520000 2.404864807
2530000 2.40036285036
2540000 2.39591326278
2550000 2.39146313321
2560000 2.38706456992
2570000 2.38266527252
2580000 2.37831675784
2590000 2.37396732433
2600000 2.36966790859
2610000 2.36536739643
2620000 2.36111615506
2630000 2.35686364654
2640000 2.35265967928
2650000 2.34845428071
2660000 2.34429671075
2670000 2.34013755163
2680000 2.33602552484
2690000 2.33191175711
2700000 2.3278444413
2710000 2.32377523859
2720000 2.31975182277
2730000 2.31574999567
2740000 2.3117460734
2750000 2.30778696921
2760000 2.30382563752
2770000 2.29990849528
2780000 2.29598899828
2790000 2.29211307595
2800000 2.28823467649
2810000 2.28439925033
2820000 2.28056122938
2830000 2.27676559338
2840000 2.27296724946
2850000 2.26921071478
2860000 2.26545136341
2870000 2.26173325786
2880000 2.25801223104
2890000 2.25433189855
2900000 2.25064854425
2910000 2.24700534438
2920000 2.24335902605
2930000 2.23975233351
2940000 2.23614242961
2950000 2.2325716338
2960000 2.22899753736
2970000 2.22546204195
2980000 2.2219231601
2990000 2.21842238257
3000000 2.21491813615
3010000 2.21145150741
3020000 2.20798133055
3030000 2.20454829453
3040000 2.20111163428
3050000 2.19771164754
3060000 2.19430796346
3070000 2.19094049485
3080000 2.18756925867
3090000 2.18423378893
3100000 2.18089448421
3110000 2.17759050568
3120000 2.17428262743
3130000 2.17100964368
3140000 2.16773269809
3150000 2.16449022362
3160000 2.16124372768
3170000 2.15803128763
3180000 2.15481476888
3190000 2.15163189867
3200000 2.14844489489
3210000 2.14529114
3220000 2.14213319891
3230000 2.13900811457
3240000 2.13587879358
3250000 2.13278194451
3260000 2.12968081043
3270000 2.12661177058
3280000 2.12353839939
3290000 2.12049675168
3300000 2.11745072825
3310000 2.11443606434
3320000 2.11143470266
3330000 2.1084289023
3340000 2.10545392836
3350000 2.10247447596
3360000 2.09952550224
3370000 2.09657201202
3380000 2.09364865896
3390000 2.09072075302
3400000 2.08782264878
3410000 2.08491995692
3420000 2.08204673721
3430000 2.07916889668
3440000 2.07632020455
3450000 2.07346685992
3460000 2.07064234557
3470000 2.0678131485
3480000 2.06501246911
3490000 2.06220707817
3500000 2.05942989771
3510000 2.05664797823
3520000 2.05389396727
3530000 2.05113519116
3540000 2.04840402673
3550000 2.04566807228
3560000 2.04295943771
3570000 2.04024598949
3580000 2.03755957424
3590000 2.03486832289
3600000 2.03220382238
3610000 2.02953446449
3620000 2.02689158001
3630000 2.02424381796
3640000 2.02162225647
3650000 2.01899579829
3660000 2.01639527229
3670000 2.01378983154
3680000 2.01121005897
3690000 2.00862535459
3700000 2.00606605866
3710000 2.00350181482
3720000 2.00096272391
3730000 1.99841866994
3740000 1.99589951745
3750000 1.99337538765
3760000 1.99087591191
3770000 1.98837144551
3780000 1.98589138964
3790000 1.9834063306
3800000 1.98094544242
3810000 1.97847953938
3820000 1.97603757127
3830000 1.97359057741
3840000 1.97116728623
3850000 1.96873895919
3860000 1.96633410618
3870000 1.96392420792
3880000 1.96153755856
3890000 1.95914585531
3900000 1.95677717927
3910000 1.95441737861
3920000 1.95205251239
3930000 1.94971034749
3940000 1.94736311007
3950000 1.94503836059
3960000 1.94270853228
3970000 1.94040098174
3980000 1.93808834669
3990000 1.93579778237
4000000 1.93350212846
4010000 1.93122834131
4020000 1.92894946008
4030000 1.92669224467
4040000 1.92442993123
4050000 1.92218908563
4060000 1.91994313861
4070000 1.91771846432
4080000 1.91548868575
4090000 1.91327998766
4100000 1.91106618293
4110000 1.90887326921
4120000 1.90667524698
4130000 1.90449792902
4140000 1.90231550116
4150000 1.9001535935
4160000 1.89798657501
4170000 1.89583989527
4180000 1.89368810423
4190000 1.89155647306
4200000 1.88941973054
4210000 1.88730297153
4220000 1.88518110155
4230000 1.88307904118
4240000 1.88097187063
4250000 1.87888433824
4260000 1.87679169683
4270000 1.8747185245
4280000 1.8726402447
4290000 1.87058126724
4300000 1.86851718422
4310000 1.86647223909
4320000 1.86442219067
4330000 1.86239111793
4340000 1.86035494452
4350000 1.85833758679
4360000 1.85631513132
4370000 1.85431133372
4380000 1.85230244164
4390000 1.85031205171
4400000 1.84831657089
4410000 1.84633943859
4420000 1.84435721928
4430000 1.84239319692
4440000 1.8404240917
4450000 1.8384730339
4460000 1.83651689766
4470000 1.83457866126
4480000 1.83263535114
4490000 1.83070979522
4500000 1.82879050886
4510000 1.82686615634
4520000 1.82495934331
4530000 1.82304746947
4540000 1.82115299419
4550000 1.81925346368
4560000 1.8173711926
4570000 1.81548387211
4580000 1.81361367373
4590000 1.81173843198
4600000 1.80988017676
4610000 1.80801688444
4620000 1.8061704448
4630000 1.80431897453
4640000 1.8024842248
4650000 1.80064445109
4660000 1.79882126746
4670000 1.79699306672
4680000 1.7951813272
4690000 1.79336457764
4700000 1.79156416207
4710000 1.78975874368
4720000 1.78796953366
4730000 1.78617532822
4740000 1.78439720706
4750000 1.78261409805
4760000 1.78084695078
4770000 1.7790748234
4780000 1.77731853671
4790000 1.7755572778
4800000 1.77381174002
4810000 1.77206123807
4820000 1.77032633912
4830000 1.7685864842
4840000 1.76686211561
4850000 1.76513279937
4860000 1.76341885419
4870000 1.76169996984
4880000 1.75999634265
4890000 1.75828778488
4900000 1.75659437176
4910000 1.75489603678
4920000 1.75321273525
4930000 1.75152452071
4940000 1.74985122976
4950000 1.74817303475
4960000 1.74650965476
4970000 1.74484137978
4980000 1.74318781252
4990000 1.74152935945
5000000 1.73988550806
5010000 1.73823678014
5020000 1.7366025491
5030000 1.7349634509
5040000 1.73333874598
5050000 1.73170918339
5060000 1.73009391168
5070000 1.72847379186
5080000 1.72686786172
5090000 1.72526655473
5100000 1.72366041412
5110000 1.72206831367
5120000 1.72047138937
5130000 1.71888840689
5140000 1.71730061041
5150000 1.7157266585
5160000 1.71414790252
5170000 1.71258289498
5180000 1.71101309336
5190000 1.70945694511
5200000 1.70789601287
5210000 1.70634863999
5220000 1.70479649325
5230000 1.70325781292
5240000 1.70171436893
5250000 1.70018429943
5260000 1.69864947652
5270000 1.6971279372
5280000 1.69560165478
5290000 1.69408856606
5300000 1.69257074459
5310000 1.6910660279
5320000 1.6895565889
5330000 1.68806016672
5340000 1.68655903269
5350000 1.68507082849
5360000 1.68357792296
5370000 1.68209786121
5380000 1.68061310868
5390000 1.67914111482
5400000 1.67766444077
5410000 1.67620044118
5420000 1.67473177204
5430000 1.67327569406
5440000 1.6718149572
5450000 1.67036672908
5460000 1.66891385279
5470000 1.6674734037
5480000 1.66602831718
5490000 1.66459557717
5500000 1.66315821052
5510000 1.66173311054
5520000 1.66030339471
5530000 1.65888586656
5540000 1.6574637334
5550000 1.65605370975
5560000 1.65463909193
5570000 1.65323650627
5580000 1.65182933732
5590000 1.65043412396
5600000 1.64903433822
5610000 1.64764643232
5620000 1.64625396494
5630000 1.64487330241
5640000 1.64348808935
5650000 1.64211460692
5660000 1.6407365849
5670000 1.63937022006
5680000 1.63800738041
5690000 1.63664001761
5700000 1.63528420331
5710000 1.63392387684
5720000 1.63257502725
5730000 1.6312216765
5740000 1.62987973174
5750000 1.62853329683
5760000 1.62719819772
5770000 1.62585861947
5780000 1.62453030756
5790000 1.62319752752
5800000 1.62187594504
5810000 1.62054990546
5820000 1.61923499533
5830000 1.61791563914
5840000 1.61660734496
5850000 1.61529461576
5860000 1.61399288182
5870000 1.61268672388
5880000 1.61139149509
5890000 1.61009185335
5900000 1.60880307529
5910000 1.60750989532
5920000 1.6062275142
5930000 1.6049407422
5940000 1.60366470486
5950000 1.60238428769
5960000 1.60111454159
5970000 1.59984042669
5980000 1.5985769199
5990000 1.59730905534
6000000 1.59605173653
6010000 1.59479007097
6020000 1.5935388894
6030000 1.59228337209
6040000 1.5910382776
6050000 1.58978885838
6060000 1.58854980139
6070000 1.58730643066
6080000 1.58607336215
6090000 1.5848359909
6100000 1.58360886241
6110000 1.58237744216
6120000 1.58115620577
6130000 1.5799306886
6140000 1.57871529695
6150000 1.57749563548
6160000 1.57628604173
6170000 1.57507218911
6180000 1.57386834695
6190000 1.57266025685
6200000 1.57146212048
6210000 1.5702597471
6220000 1.56906727125
6230000 1.56787056929
6240000 1.56668370916
6250000 1.56549263383
6260000 1.56431134516
6270000 1.5631328176
6280000 1.56195009113
6290000 1.56077706958
6300000 1.55959985997
6310000 1.55843230134
6320000 1.5572605655
6330000 1.5560984272
6340000 1.5549321225
6350000 1.55377536239
6360000 1.55261444669
6370000 1.55146302308
6380000 1.55030745467
