30000 131.581888384
60000 95.5243531299
90000 79.1524715332
120000 69.247069304
150000 62.4161681605
180000 57.3320887854
210000 53.353959414
240000 50.1290455889
270000 47.4456235996
300000 45.1644954832
330000 43.1939782335
360000 41.4696556763
390000 39.9441743701
420000 38.5809429971
450000 37.3532314896
480000 36.2397367047
510000 35.2234878781
540000 34.2920118263
570000 33.4326705598
600000 32.6374989792
630000 31.8984143647
660000 31.2087954886
690000 30.5638707677
720000 29.9588657474
750000 29.3892349979
780000 28.8523401889
810000 28.344621787
840000 27.8636229742
870000 27.4075365784
900000 26.9737693961
930000 26.5605675859
960000 26.1665584912
990000 25.7902664628
1020000 25.4302329419
1050000 25.0853487564
1080000 24.7544879665
1110000 24.4372290596
1140000 24.1320311922
1170000 23.838270445
1200000 23.5555376426
1230000 23.2827931279
1260000 23.01959586
1290000 22.7654506859
1320000 22.5197381319
1350000 22.2823438136
1380000 22.0523250925
1410000 21.8297136225
1440000 21.6139191008
1470000 21.4045331624
1500000 21.2014853364
1530000 21.0043128218
1560000 20.8127116329
1590000 20.6263759809
1620000 20.4450842913
1650000 20.2688297591
1680000 20.0971333066
1710000 19.9296454428
1740000 19.7665612726
1770000 19.6076816167
1800000 19.4523960709
1830000 19.3009680807
1860000 19.1530749261
1890000 19.008696469
1920000 18.8678198961
1950000 18.7301331582
1980000 18.5953253305
2010000 18.4635574866
2040000 18.334607975
2070000 18.2085126882
2100000 18.0850890772
2130000 17.9640745797
2160000 17.8456241172
2190000 17.7295464221
2220000 17.6157616017
2250000 17.5042890563
2280000 17.3948616327
2310000 17.2875903957
2340000 17.1823152607
2370000 17.0791166658
2400000 16.9776827141
2430000 16.8781683051
2460000 16.7804854654
2490000 16.6844598274
2520000 16.5901362657
2550000 16.4974194529
2580000 16.4063137687
2610000 16.3167954766
2640000 16.2287424468
2670000 16.1421534522
2700000 16.0569445274
2730000 15.9731397078
2760000 15.8905847961
2790000 15.8094056833
2820000 15.729446917
2850000 15.6506149509
2880000 15.5731856386
2910000 15.4969763208
2940000 15.4218622607
2970000 15.3478584117
3000000 15.2748856593
3030000 15.203009446
3060000 15.1322240824
3090000 15.0623238527
3120000 14.9934496931
3150000 14.9255499854
3180000 14.858731505
3210000 14.7927508182
3240000 14.7276863478
3270000 14.6634251093
3300000 14.6000366639
3330000 14.5374419701
3360000 14.4756799059
3390000 14.4147667654
3420000 14.3546277258
3450000 14.2953056772
3480000 14.2366392425
3510000 14.1787450929
3540000 14.1215941172
3570000 14.0651706917
3600000 14.0093691215
3630000 13.9542657259
3660000 13.899846757
3690000 13.8460797844
3720000 13.7929128578
3750000 13.7403906076
3780000 13.6885081119
3810000 13.6372552765
3840000 13.5864536785
3870000 13.5363649005
3900000 13.4867968134
3930000 13.437799291
3960000 13.3892860573
3990000 13.3413839998
4020000 13.293972784
4050000 13.2471387076
4080000 13.2007744723
4110000 13.1549112401
4140000 13.1095528085
4170000 13.0647039962
4200000 13.0202691338
4230000 12.9763379549
4260000 12.9327596878
4290000 12.8897173563
4320000 12.8470749645
4350000 12.8048761876
4380000 12.7631185926
4410000 12.7218112779
4440000 12.6808922127
4470000 12.6403494797
4500000 12.6002467596
4530000 12.5605436093
4560000 12.521242353
4590000 12.4822790412
4620000 12.4437014397
4650000 12.4054654056
4680000 12.3675473408
4710000 12.3300039201
4740000 12.292820667
4770000 12.2559463746
4800000 12.2194199725
4830000 12.1832588788
4860000 12.1474593042
4890000 12.1118775991
4920000 12.0767067338
4950000 12.0418647963
4980000 12.0072923554
5010000 11.9730217724
5040000 11.9390595461
5070000 11.9054456917
5100000 11.8720788401
5130000 11.8389648957
5160000 11.8061899863
5190000 11.7736897412
5220000 11.7413767439
5250000 11.7094341819
5280000 11.6777192423
5310000 11.6462525583
5340000 11.6150380495
5370000 11.5840870546
5400000 11.5534480444
5430000 11.5230155433
5460000 11.492788551
5490000 11.4628487703
5520000 11.4331226721
5550000 11.4036623848
5580000 11.3744137773
5610000 11.3454161495
5640000 11.3166499818
5670000 11.288060985
5700000 11.2597280448
5730000 11.2316178469
5760000 11.2037366798
5790000 11.1760721824
5820000 11.1485906472
5850000 11.1213196535
5880000 11.094277558
5910000 11.0673976504
5940000 11.0406863722
5970000 11.0141880084
6000000 10.987943351
6030000 10.9618866251
6060000 10.9359866229
6090000 10.9103006208
6120000 10.8847502642
6150000 10.8594130324
6180000 10.8342883685
6210000 10.8092767497
6240000 10.7844697898
6270000 10.7598691649
6300000 10.7354441235
6330000 10.7111697829
6360000 10.6870450794
6390000 10.6630748277
6420000 10.6393047329
6450000 10.6156771678
6480000 10.5922359989
6510000 10.568944462
6540000 10.5458150591
6570000 10.5228551722
6600000 10.5000262692
6630000 10.4773461969
6660000 10.454833606
6690000 10.4324753606
6720000 10.4102511924
6750000 10.3881505349
6780000 10.3662131277
6810000 10.3443868963
6840000 10.3227526074
6870000 10.3012456452
6900000 10.2798819516
6930000 10.2586321149
6960000 10.2374813677
6990000 10.2165255485
7020000 10.1956936777
7050000 10.1749398265
7080000 10.1543531076
7110000 10.1339073412
7140000 10.113628085
7170000 10.0934395402
7200000 10.0733229808
7230000 10.0533952141
7260000 10.033546689
7290000 10.0138228424
7320000 9.99424400572
7350000 9.97478345687
7380000 9.9553856698
7410000 9.93615095571
7440000 9.91700716094
7470000 9.89798218251
7500000 9.87907896514
7530000 9.8602615033
7560000 9.84155157954
7590000 9.82296219739
7620000 9.80449045099
7650000 9.78610193208
7680000 9.76783173391
7710000 9.7496897254
7740000 9.73161155945
7770000 9.71365290418
7800000 9.69579183402
7830000 9.67803360978
7860000 9.66038651181
7890000 9.64282175219
7920000 9.62535119519
7950000 9.60803373803
7980000 9.59075561635
8010000 9.57359934204
8040000 9.5565198515
8070000 9.53957776696
8100000 9.52271363246
8130000 9.50593368719
8160000 9.48921984789
8190000 9.47264049897
8220000 9.45613258775
8250000 9.43973009344
8280000 9.423357256
8310000 9.40710991069
8340000 9.39091042831
8370000 9.37486474228
8400000 9.35889769715
8430000 9.34298336038
8460000 9.32712117777
8490000 9.31138215452
8520000 9.29568696182
8550000 9.28012089867
8580000 9.2645452091
8610000 9.2491766303
8640000 9.23379107779
8670000 9.21852301664
8700000 9.20328269651
8730000 9.18818418297
8760000 9.17315390912
8790000 9.15820519772
8820000 9.14329816184
8850000 9.12849870544
8880000 9.11376433875
8910000 9.09909195173
8940000 9.08451275387
8970000 9.06997577261
9000000 9.05552548255
9030000 9.04115716362
9060000 9.02682663565
9090000 9.01257306049
9120000 8.99839889266
9150000 8.98426289675
9180000 8.97022584898
9210000 8.95626489054
9240000 8.94235093636
9270000 8.92851703574
9300000 8.91471385019
9330000 8.90103223185
9360000 8.88738829277
9390000 8.87383971008
9420000 8.86031027725
9450000 8.84684759036
9480000 8.83343207349
9510000 8.82011646322
9540000 8.80685838219
9570000 8.79362856169
9600000 8.78049461029
9630000 8.76740178582
9660000 8.75437723605
9690000 8.74139942306
9720000 8.72847136058
9750000 8.71565079793
9780000 8.70283693128
9810000 8.69010704799
9840000 8.67745884038
9870000 8.66480875412
9900000 8.65224153822
9930000 8.63971094391
9960000 8.62724015502
9990000 8.61484252
10020000 8.60248108186
10050000 8.59017558204
10080000 8.57793961935
10110000 8.56572756212
10140000 8.553608681
10170000 8.54150823983
10200000 8.52948700336
10230000 8.51749716952
10260000 8.50560791275
10290000 8.49373005286
10320000 8.48192453277
10350000 8.47015935735
10380000 8.45843030566
10410000 8.44677690527
10440000 8.43517089048
10470000 8.42359733432
10500000 8.41206243385
10530000 8.40058227519
10560000 8.38915985548
10590000 8.37776706045
10620000 8.36646855556
10650000 8.3552023764
10680000 8.34396581383
10710000 8.33276417187
10740000 8.32160676592
10770000 8.31052070026
10800000 8.29946503136
10830000 8.28846169707
10860000 8.2774914867
10890000 8.2665751554
10920000 8.25567266548
10950000 8.24480040383
10980000 8.23403170591
11010000 8.22327343822
11040000 8.21257869758
11070000 8.20190381091
11100000 8.19130225911
11130000 8.1807221839
11160000 8.17018239949
11190000 8.15970908103
11220000 8.14924611364
11250000 8.13882981781
11280000 8.12847175732
11310000 8.11816284258
11340000 8.10787763712
11370000 8.09764058138
11400000 8.08743204863
11430000 8.07726442786
11460000 8.06712421153
11490000 8.05702868922
11520000 8.04696902932
11550000 8.03694488788
11580000 8.02696145609
11610000 8.01703093908
11640000 8.007111716
11670000 7.99724785966
11700000 7.9873887643
11730000 7.97757619289
11760000 7.96780940525
11790000 7.95808908481
11820000 7.94841114318
11850000 7.93877203331
11880000 7.92914765342
11910000 7.91956581283
11940000 7.90999470236
11970000 7.90049847123
12000000 7.89102073633
12030000 7.88158409054
12060000 7.8722031136
12090000 7.86282814803
12120000 7.85349438859
12150000 7.84419994832
12180000 7.83494597607
12210000 7.82571080463
12240000 7.81651906858
12270000 7.80733918414
12300000 7.7982275756
12330000 7.78909603496
12360000 7.780019989
12390000 7.77096881027
12420000 7.76195941699
12450000 7.75298865389
12480000 7.74406595244
12510000 7.73515234143
12540000 7.7262732729
12570000 7.71744629825
12600000 7.70864125991
12630000 7.69985352644
12660000 7.69112907732
12690000 7.68239859857
12720000 7.67369630463
12750000 7.66503797143
12780000 7.65641028457
12810000 7.64779724042
12840000 7.63921839219
12870000 7.63068545721
12900000 7.622175463
12930000 7.6136934512
12960000 7.60523259421
12990000 7.59679369137
13020000 7.58839583334
13050000 7.58003015553
13080000 7.57168934401
13110000 7.56337912295
13140000 7.55509290327
13170000 7.54682598031
13200000 7.53857569775
13230000 7.53036897514
13260000 7.52219152184
13290000 7.51403181093
13320000 7.50590715991
13350000 7.49781528091
13380000 7.48973867967
13410000 7.48170106621
13440000 7.47369503612
13470000 7.46571700277
13500000 7.4577368312
13530000 7.44978392766
13560000 7.44189063407
13590000 7.4340080791
13620000 7.42615627268
13650000 7.41831790119
13680000 7.41051839433
13710000 7.40272987342
13740000 7.39497605505
13770000 7.38724395917
13800000 7.37954141055
13830000 7.37186013083
13860000 7.36417857484
13890000 7.35654724101
13920000 7.34894111599
13950000 7.34134657033
13980000 7.33380840955
14010000 7.32625459867
14040000 7.31874006286
14070000 7.31125174267
14100000 7.3037623633
14130000 7.29631483451
14160000 7.28890393132
14190000 7.2815130303
14220000 7.27414226436
14250000 7.26679079671
14280000 7.25947936307
14310000 7.2521712418
14340000 7.24490596621
14370000 7.2376416911
14400000 7.23039950254
14430000 7.22318894836
14460000 7.21600327201
14490000 7.20882714269
14520000 7.20167534696
14550000 7.19455303664
14580000 7.18744396874
14610000 7.18035608821
14640000 7.17328667034
14670000 7.16624934157
14700000 7.15925278835
14730000 7.15222924706
14760000 7.14524693083
14790000 7.1382782891
14820000 7.13135252101
14850000 7.1244165859
14880000 7.11752521051
14910000 7.11064503601
14940000 7.10379202439
14970000 7.09695582275
15000000 7.09011913742
15030000 7.08332611044
15060000 7.0765496398
15090000 7.06980767833
15120000 7.0630649405
15150000 7.05634828402
15180000 7.04965108439
15210000 7.04297260132
15240000 7.03630734327
15270000 7.02966239769
15300000 7.02304011794
15330000 7.01645698462
15360000 7.00986274649
15390000 7.00329385048
15420000 6.9967493809
15450000 6.99019767903
15480000 6.98369165545
15510000 6.9771746323
15540000 6.97069758734
15570000 6.96425887881
15600000 6.9578294005
15630000 6.95141332065
15660000 6.94503341706
15690000 6.93864922387
15720000 6.93230461954
15750000 6.92595191767
15780000 6.91963252749
15810000 6.91331396695
15840000 6.90701558182
15870000 6.90072220062
15900000 6.89445454628
15930000 6.88822152338
15960000 6.88198748693
15990000 6.8757734163
16020000 6.86958175688
16050000 6.8634275137
16080000 6.85725778271
16110000 6.85112971709
16140000 6.84500576435
16170000 6.83888426873
16200000 6.83280112314
16230000 6.82672678105
16260000 6.82065578338
16290000 6.8146176034
16320000 6.80857704684
16350000 6.80255321168
16380000 6.79658311802
16410000 6.79062702979
16440000 6.7846688922
16470000 6.77872797592
16500000 6.77279260882
16530000 6.76687586082
16560000 6.76097200222
16590000 6.75510056633
16620000 6.74922944884
16650000 6.74339521263
16680000 6.73755685879
16710000 6.73174824241
16740000 6.72594922439
16770000 6.72016179551
16800000 6.71438437756
16830000 6.70863365616
16860000 6.70289547416
16890000 6.69718629315
16920000 6.69148983762
16950000 6.68579757308
16980000 6.68010936704
17010000 6.67442819782
17040000 6.66878767555
17070000 6.66315268237
17100000 6.65754826125
17130000 6.65195082877
17160000 6.64634827734
17190000 6.64077244776
17220000 6.63522652711
17250000 6.6296719564
17280000 6.62413664106
17310000 6.61862344818
17340000 6.61309682142
17370000 6.60760852606
17400000 6.60214638742
17430000 6.59669817225
17460000 6.59124026194
17490000 6.58582394368
17520000 6.58039982194
17550000 6.57499648694
17580000 6.56959518716
17610000 6.56420476426
17640000 6.5588546692
17670000 6.55350595902
17700000 6.54816065787
17730000 6.54283277649
17760000 6.53751519162
17790000 6.53219600291
17820000 6.52690361264
17850000 6.52162887451
17880000 6.51637406232
17910000 6.51112682473
17940000 6.50588939145
17970000 6.50068258113
18000000 6.49544929072
18030000 6.49025509855
18060000 6.48506944246
18090000 6.47990603178
18120000 6.47475041628
18150000 6.46960574802
18180000 6.46446428973
18210000 6.45933110641
18240000 6.45422062786
18270000 6.44911717684
18300000 6.44402870543
18330000 6.43896744243
18360000 6.43390575689
18390000 6.42885585743
18420000 6.42383698885
18450000 6.41881195574
18480000 6.41380682655
18510000 6.40880930911
18540000 6.40382547573
18570000 6.39884788471
18600000 6.39388531893
18630000 6.38893646884
18660000 6.38399950261
18690000 6.37905390307
18720000 6.37413296855
18750000 6.36922868535
18780000 6.36433060478
18810000 6.35943588252
18840000 6.3545535125
18870000 6.3496825662
18900000 6.3448454259
18930000 6.34000145548
18960000 6.33517029071
18990000 6.33037218212
19020000 6.32557037646
19050000 6.32079101008
19080000 6.3160090586
19110000 6.31124619301
19140000 6.30647443438
19170000 6.30172843813
19200000 6.29700095227
19230000 6.2922863561
19260000 6.28758351742
19290000 6.28287904664
19320000 6.27818319586
19350000 6.27350773826
19380000 6.26884588814
19410000 6.26418253428
19440000 6.25953329632
19470000 6.25487894731
19500000 6.25024384724
19530000 6.24563795482
19560000 6.24101826419
19590000 6.23642151812
19620000 6.23183013897
19650000 6.22724302386
19680000 6.22265012427
19710000 6.21807870818
19740000 6.21352783514
19770000 6.20898080047
19800000 6.20445619376
19830000 6.19994623779
19860000 6.19543552879
19890000 6.19092909489
19920000 6.18644502077
19950000 6.18196659557
19980000 6.17749244955
20010000 6.17302753274
20040000 6.16856001936
20070000 6.16412282227
20100000 6.15969726119
20130000 6.15527777225
20160000 6.15087353627
20190000 6.146463916
20220000 6.14208064124
20250000 6.13770141175
20280000 6.13332035483
20310000 6.12894647181
20340000 6.12458943787
20370000 6.1202392619
20400000 6.11590859611
20430000 6.11158054443
20460000 6.10725700275
20490000 6.10295328908
20520000 6.09865980027
20550000 6.09437435244
20580000 6.09010056918
20610000 6.08583218029
20640000 6.08157300063
20670000 6.07733142116
20700000 6.07308979222
20730000 6.06885509214
20760000 6.06463283738
20790000 6.06041508897
20820000 6.05621335824
20850000 6.05202209266
20880000 6.04782265387
20910000 6.04364115727
20940000 6.03946155489
20970000 6.0353018535
21000000 6.0311534594
21030000 6.02701547862
21060000 6.02288514951
21090000 6.0187437898
21120000 6.01461891373
21150000 6.01048981638
21180000 6.00638530614
21210000 6.00229028272
21240000 5.9982084197
21270000 5.99412749677
21300000 5.99007236624
21330000 5.98601737165
21360000 5.98197544469
21390000 5.97792163138
21420000 5.97389785795
21450000 5.96986458231
21480000 5.96585305568
21510000 5.96185593905
21540000 5.95785498264
21570000 5.95385971802
21600000 5.94987716824
21630000 5.94589790076
21660000 5.94192662781
21690000 5.93798203415
21720000 5.93404359907
21750000 5.93010176649
21780000 5.92617799073
21810000 5.92225025444
21840000 5.91832068029
21870000 5.91440897083
21900000 5.91050286239
21930000 5.90661502999
21960000 5.90270540564
21990000 5.8988315789
22020000 5.89495027102
22050000 5.89108677915
22080000 5.88723385842
22110000 5.88339455988
22140000 5.87955535177
22170000 5.87572314567
22200000 5.87190697068
22230000 5.86809338357
22260000 5.86428676965
22290000 5.86047559851
22320000 5.85666828481
22350000 5.8528833249
22380000 5.84909577186
22410000 5.84532219071
22440000 5.84156249005
22470000 5.8378003829
22500000 5.83403609269
22530000 5.83030728672
22560000 5.82658005526
22590000 5.8228449045
22620000 5.81911220931
22650000 5.81539623443
22680000 5.81169305264
22710000 5.80798536207
22740000 5.80428661065
22770000 5.80060195083
22800000 5.79691731121
22830000 5.79324194809
22860000 5.78956743705
22890000 5.78590981453
22920000 5.78224556647
22950000 5.77859501357
22980000 5.77496887857
23010000 5.77132755462
23040000 5.767707468
23070000 5.76408845243
23100000 5.76046770838
23130000 5.75687079162
23160000 5.75327116487
23190000 5.74968419193
23220000 5.74609844506
23250000 5.74254031842
23280000 5.73898534927
23310000 5.7354137128
23340000 5.7318599569
23370000 5.72831169738
23400000 5.72476794467
23430000 5.72123874332
23460000 5.71772385933
23490000 5.71419966361
23520000 5.71069962455
23550000 5.70718947403
23580000 5.70369085522
23610000 5.70019322648
23640000 5.69670475398
23670000 5.69322152422
23700000 5.6897374717
23730000 5.68626299749
23760000 5.68280210278
23790000 5.67934942044
23820000 5.67590629077
23850000 5.672446903
23880000 5.6690135157
23910000 5.6655826775
23940000 5.66215953489
23970000 5.65873235301
24000000 5.65531366529
24030000 5.65191335315
24060000 5.64851115237
24090000 5.64511688389
24120000 5.64172232297
24150000 5.63833395417
24180000 5.63496678732
24210000 5.63160836901
24240000 5.62825615668
24270000 5.62489228276
24300000 5.62153138403
24330000 5.61819335918
24360000 5.61486380365
24390000 5.61152165446
24420000 5.60819659429
24450000 5.60487311109
24480000 5.60156337376
24510000 5.59825873069
24540000 5.5949568178
24570000 5.59164988718
24600000 5.58836366217
24630000 5.58507284674
24660000 5.58177806831
24690000 5.57848767345
24720000 5.5752227865
24750000 5.57196778786
24780000 5.56872298056
24810000 5.56547582629
24840000 5.562235451
24870000 5.55900211757
24900000 5.55577437338
24930000 5.55254326353
24960000 5.54931753344
24990000 5.54609345216
25020000 5.54288904977
25050000 5.53967693217
25080000 5.53648470334
25110000 5.53329166505
25140000 5.53010184315
25170000 5.52691798224
25200000 5.5237355611
25230000 5.5205768254
25260000 5.51741404462
25290000 5.51425379388
25320000 5.51109580656
25350000 5.50794087866
25380000 5.50479906397
25410000 5.50167324602
25440000 5.49854071458
25470000 5.49541199776
25500000 5.49229967235
25530000 5.48919246038
25560000 5.486086924
25590000 5.48297705099
25620000 5.4798832103
25650000 5.47678042206
25680000 5.4736987883
25710000 5.47061613965
25740000 5.46754237265
25770000 5.46446247338
25800000 5.46139273275
25830000 5.45834133507
25860000 5.45528793487
25890000 5.45223981042
25920000 5.44919870573
25950000 5.44615582066
25980000 5.44312449822
26010000 5.44009775992
26040000 5.43706157301
26070000 5.43404659364
26100000 5.43103484804
26130000 5.42802075854
26160000 5.42500140147
26190000 5.42200202624
26220000 5.41900884232
26250000 5.41602282989
26280000 5.41303907149
26310000 5.41006578667
26340000 5.40710016397
26370000 5.40413034189
26400000 5.40116933124
26430000 5.3982135573
26460000 5.39524991266
26490000 5.39229759815
26520000 5.38936432066
26550000 5.38643344028
26580000 5.38349653504
26610000 5.38056983469
26640000 5.3776424258
26670000 5.37472062813
26700000 5.37179342667
26730000 5.36888483911
26760000 5.36598760514
26790000 5.36308318971
26820000 5.36018474016
26850000 5.35729742367
26880000 5.35441227544
26910000 5.35153385788
