10000 217.49435209650778
20000 159.22868469763114
30000 132.3978107196114
40000 116.38136406061427
50000 105.18303913313854
60000 96.80609736251562
70000 90.20087621201972
80000 84.96788031132049
90000 80.5304762144971
100000 76.7632382467649
110000 73.54896229233337
120000 70.71135289459386
130000 68.23491490728675
140000 66.0099925596171
150000 64.01985349004826
160000 62.17040447115343
170000 60.501494472127504
180000 58.93920278075847
190000 57.51940065931228
200000 56.19732725571096
210000 54.97344135779938
220000 53.84636442735543
230000 52.802439695482235
240000 51.811823519857526
250000 50.887258651355765
260000 50.01953233797307
270000 49.19595329249108
280000 48.403673779350676
290000 47.66581845226525
300000 46.946156115347236
310000 46.28936805682338
320000 45.631986059685644
330000 45.02515213315225
340000 44.43258439184634
350000 43.867870056949734
360000 43.333791225931655
370000 42.80784009920138
380000 42.29963276114309
390000 41.822397362190024
400000 41.35933819313317
410000 40.91164272529981
420000 40.48402653831986
430000 40.070800364602206
440000 39.67404718442545
450000 39.287155289033
460000 38.90356906775525
470000 38.54872915068609
480000 38.19299994625827
490000 37.85469492758894
500000 37.51954871944184
510000 37.20297668104354
520000 36.88503032989395
530000 36.58123924271579
540000 36.27320075665695
550000 35.993009615567566
560000 35.71235856479223
570000 35.444749681858646
580000 35.180686466498194
590000 34.91156247161268
600000 34.65926347139161
610000 34.41304667100129
620000 34.17256668225316
630000 33.936337224049815
640000 33.7035954800422
650000 33.477333082847004
660000 33.26144992322708
670000 33.049752322470255
680000 32.841537470434645
690000 32.63090454393134
700000 32.42981887333885
710000 32.22867565124838
720000 32.035316251170165
730000 31.847654754348135
740000 31.65642255729844
750000 31.478113232949802
760000 31.302792847091684
770000 31.128949467997405
780000 30.95690209499552
790000 30.791917731771157
800000 30.62298590419942
810000 30.463296612491977
820000 30.302165517318315
830000 30.14392997089273
840000 29.99026874010183
850000 29.836583989696887
860000 29.68749618254107
870000 29.537429449987666
880000 29.390134346660872
890000 29.252089774271003
900000 29.111392621742034
910000 28.97318050371949
920000 28.84281368819219
930000 28.707355208028343
940000 28.575087114237046
950000 28.445017020776444
960000 28.315572857000614
970000 28.19110806663108
980000 28.064684335468137
990000 27.941522110318047
1000000 27.822503665292444
1010000 27.70630830781713
1020000 27.590039933415422
1030000 27.474614399413902
1040000 27.363482176738067
1050000 27.249895354939987
1060000 27.13900659343335
1070000 27.029847560764487
1080000 26.921479635492222
1090000 26.819049773924792
1100000 26.719548711219918
1110000 26.613384644222155
1120000 26.51041107775721
1130000 26.4111919242615
1140000 26.313462675935977
1150000 26.214147450146882
1160000 26.118590056283256
1170000 26.0247607470228
1180000 25.934237982052327
1190000 25.840602692681212
1200000 25.748014657559978
1210000 25.656858154898455
1220000 25.5670248540215
1230000 25.476036890456676
1240000 25.385904934845136
1250000 25.29823468294628
1260000 25.20899345540086
1270000 25.12318747995914
1280000 25.039393898982862
1290000 24.954333158949495
1300000 24.872123328171728
1310000 24.790633754515426
1320000 24.710975464260162
1330000 24.629513124865664
1340000 24.546836325218226
1350000 24.470118370235593
1360000 24.395540844794976
1370000 24.318077278476213
1380000 24.24337581904648
1390000 24.172352135643262
1400000 24.098130466347325
1410000 24.021059988781765
1420000 23.951724123445725
1430000 23.881286220113118
1440000 23.807085936334637
1450000 23.737618599721262
1460000 23.66550289679865
1470000 23.592482290121197
1480000 23.524511321348918
1490000 23.461203303983662
1500000 23.393015251424927
1510000 23.328998729360908
1520000 23.262847274252774
1530000 23.195618610681684
1540000 23.134515286873096
1550000 23.070089239833376
1560000 23.014203246844087
1570000 22.9550166945076
1580000 22.89108067374413
1590000 22.832638063154413
1600000 22.771326714728332
1610000 22.713333229928033
1620000 22.652077516047814
1630000 22.59251935572903
1640000 22.535665734693634
1650000 22.476797946063005
1660000 22.422986614935617
1670000 22.36480433655232
1680000 22.307201338690145
1690000 22.253553887764074
1700000 22.19915687312325
1710000 22.141739478670267
1720000 22.090334429957906
1730000 22.037490926002235
1740000 21.983747318904246
1750000 21.93111702365708
1760000 21.877933621166676
1770000 21.823588129168087
1780000 21.772030628967464
1790000 21.720902929297353
1800000 21.669950888329097
1810000 21.620965115133682
1820000 21.571095037849194
1830000 21.52256790449886
1840000 21.473593608302053
1850000 21.42807211436614
1860000 21.381399445675918
1870000 21.334473952075655
1880000 21.289700950676878
1890000 21.24234250589575
1900000 21.195934958210106
1910000 21.149519153210253
1920000 21.10291668539819
1930000 21.05521711794425
1940000 21.00828420104127
1950000 20.962945646237245
1960000 20.92137780379835
1970000 20.875849227777394
1980000 20.82946131180449
1990000 20.78715113346295
2000000 20.741203043679118
2010000 20.695064205835465
2020000 20.64980006987991
2030000 20.609076903181673
2040000 20.564557031335998
2050000 20.522035134672862
2060000 20.480323225607687
2070000 20.43801700263998
2080000 20.396610658076938
2090000 20.353385921074196
2100000 20.310633170284138
2110000 20.267810864838278
2120000 20.229345258680148
2130000 20.188009239198166
2140000 20.147871233613166
2150000 20.109154571619335
2160000 20.068714560337618
2170000 20.030088580537853
2180000 19.99035194835532
2190000 19.951600930047007
2200000 19.91290043368201
2210000 19.875825074572873
2220000 19.83625603709626
2230000 19.80088124356986
2240000 19.762972237827583
2250000 19.727958657817332
2260000 19.68826702505602
2270000 19.652139954173226
2280000 19.615254048430526
2290000 19.57973862137221
2300000 19.543781323235134
2310000 19.508203967190255
2320000 19.473312645411653
2330000 19.439117819791065
2340000 19.401324263198426
2350000 19.36453698178814
2360000 19.331390252067195
2370000 19.295709266447837
2380000 19.262388263726283
2390000 19.228327875774983
2400000 19.196119767591764
2410000 19.161545316805203
2420000 19.127531034148316
2430000 19.09479725183214
2440000 19.061467044315346
2450000 19.02787660007782
2460000 18.992738748606907
2470000 18.9595641653023
2480000 18.927369959416303
2490000 18.894210942049668
2500000 18.86265299526383
2510000 18.8319358105221
2520000 18.800807598767655
2530000 18.768326753917
2540000 18.73613613146217
2550000 18.705510869212166
2560000 18.67510002863319
2570000 18.644656708964735
2580000 18.61274655863125
2590000 18.580918914773168
2600000 18.548188058420102
2610000 18.518260097071938
2620000 18.489691862989677
2630000 18.459605750054383
2640000 18.429367996888214
2650000 18.397415054520927
2660000 18.36785868506934
2670000 18.338040668144185
2680000 18.308140911864584
2690000 18.27928021452355
2700000 18.251124773167287
2710000 18.22232229864319
2720000 18.196022983607726
2730000 18.16716621611372
2740000 18.1391915235826
2750000 18.11122110502785
2760000 18.08199626048264
2770000 18.055147289006644
2780000 18.026524177993515
2790000 17.998022881588415
2800000 17.969864590699277
2810000 17.943449985909076
2820000 17.91585401397806
2830000 17.88717378092313
2840000 17.86074005980324
2850000 17.834518505935183
2860000 17.808348777424726
2870000 17.78207447227884
2880000 17.754587391584522
2890000 17.729213590197535
2900000 17.703465683708895
2910000 17.67753786063673
2920000 17.65246533277036
2930000 17.627388466620104
2940000 17.59929541402272
2950000 17.573667322056178
2960000 17.548498446710237
2970000 17.52471803444468
2980000 17.499726864598014
2990000 17.473850051810846
3000000 17.44835492562134
3010000 17.422737235834287
3020000 17.397983226851085
3030000 17.372632969710377
3040000 17.349173707896213
3050000 17.324389879941677
3060000 17.30051487915228
3070000 17.276106490912507
3080000 17.25344078069051
3090000 17.22913780489469
3100000 17.206764365326748
3110000 17.185366801143154
3120000 17.15905745814626
3130000 17.135515311961527
3140000 17.111684509253006
3150000 17.09085492709694
3160000 17.065945584035017
3170000 17.04223885690664
3180000 17.017965185938554
3190000 16.993639746482195
3200000 16.97016455752138
3210000 16.947265675892556
3220000 16.92503500875891
3230000 16.903117487181436
3240000 16.88193583847265
3250000 16.858635404571697
3260000 16.835750457223515
3270000 16.813444419057348
3280000 16.790805298518336
3290000 16.767603105622594
3300000 16.746431225192367
3310000 16.72313195629555
3320000 16.702520645902336
3330000 16.67960482469139
3340000 16.65724951608958
3350000 16.63670785229799
3360000 16.614492654573358
3370000 16.591732572931978
3380000 16.570525972541354
3390000 16.55029139648239
3400000 16.530555411536234
3410000 16.509873189433506
3420000 16.48972733715815
3430000 16.46840351387511
3440000 16.448054444823534
3450000 16.428562978540512
3460000 16.408771510463772
3470000 16.388199199880155
3480000 16.36803349849339
3490000 16.348028327447686
3500000 16.32742085164136
3510000 16.30733770304418
3520000 16.287490190484604
3530000 16.26755772879273
3540000 16.24794122714485
3550000 16.22820237542779
3560000 16.209420341754768
3570000 16.190271058123976
3580000 16.1709244763946
3590000 16.151118151869824
3600000 16.131010802450795
3610000 16.112272241013024
3620000 16.092365338658063
3630000 16.07186468171181
3640000 16.052739988534476
3650000 16.034894390676527
3660000 16.01487861197091
3670000 15.99610370782496
3680000 15.97712634430828
3690000 15.95729680039931
3700000 15.93943897444324
3710000 15.921047173895824
3720000 15.901821834636312
3730000 15.88434744930751
3740000 15.866666513976952
3750000 15.848997969727174
3760000 15.831101984150177
3770000 15.812356590585031
3780000 15.793032380050349
3790000 15.775518830889059
3800000 15.757706221914399
3810000 15.73918099158063
3820000 15.721695280978658
3830000 15.704358954675309
3840000 15.687113058874536
3850000 15.66887131259509
3860000 15.650743715725435
3870000 15.63211774928703
3880000 15.614295699890228
3890000 15.59681107985711
3900000 15.579556469605375
3910000 15.56071335868452
3920000 15.544594739339232
3930000 15.526347928400064
3940000 15.508975462297368
3950000 15.491608607181831
3960000 15.474526656021713
3970000 15.457583359910002
3980000 15.441961357706742
3990000 15.425536262813992
4000000 15.408923944762153
4010000 15.393032686236268
4020000 15.375438009412449
4030000 15.358663270464088
4040000 15.342508247603728
4050000 15.326720085242039
4060000 15.310638411082344
4070000 15.295083338700303
4080000 15.279056948076803
4090000 15.262258751287769
4100000 15.245564707462657
4110000 15.230441889606176
4120000 15.213015965737426
4130000 15.197754861494706
4140000 15.181565545862254
4150000 15.165830192452995
4160000 15.150543843096939
4170000 15.134220424722898
4180000 15.119374937466336
4190000 15.103338010204833
4200000 15.086775652578984
4210000 15.071249365426562
4220000 15.055824316203184
4230000 15.039920304767262
4240000 15.025423720835157
4250000 15.009712116935514
4260000 14.994613998929937
4270000 14.979147013366
4280000 14.963512327294193
4290000 14.947695069967075
4300000 14.933136288592884
4310000 14.917948774102985
4320000 14.902887293223095
4330000 14.887657482768187
4340000 14.871290052421287
4350000 14.85582028440109
4360000 14.841132642884507
4370000 14.826601438437983
4380000 14.812074192084532
4390000 14.797251374033326
4400000 14.781336724393102
4410000 14.766942464503517
4420000 14.751920789370105
4430000 14.737908306818198
4440000 14.723042556446563
4450000 14.708131916418402
4460000 14.694102375965036
4470000 14.679687268757998
4480000 14.66552946609322
4490000 14.651548524504037
4500000 14.636589110244985
4510000 14.62220593113582
4520000 14.607253637034285
4530000 14.592045645487756
4540000 14.577500159444071
4550000 14.562969318696192
4560000 14.548982447925814
4570000 14.534603381612682
4580000 14.520583285823571
4590000 14.505939577853415
4600000 14.49164026581805
4610000 14.477530408992784
4620000 14.46397590425584
4630000 14.449735244361216
4640000 14.436090596667924
4650000 14.422390541237423
4660000 14.408628387479604
4670000 14.394454158124972
4680000 14.38077817155509
4690000 14.366277199319144
4700000 14.352714916343054
4710000 14.339670115323232
4720000 14.326941784077981
4730000 14.31363349518571
4740000 14.29965544624251
4750000 14.286704678003476
4760000 14.272864994539464
4770000 14.260218002431131
4780000 14.247858055634635
4790000 14.234504057099059
4800000 14.221030290223544
4810000 14.207213592050199
4820000 14.194044363451448
4830000 14.179946351963153
4840000 14.167467721690342
4850000 14.15395843545199
4860000 14.14103485653246
4870000 14.128428664964272
4880000 14.116140446093784
4890000 14.103672935352584
4900000 14.091055103404027
4910000 14.078560923389269
4920000 14.066452631527639
4930000 14.053795343712071
4940000 14.040277598868219
4950000 14.027187663406842
4960000 14.014020595920794
4970000 14.000523217133225
4980000 13.987730351380597
4990000 13.97466002249229
5000000 13.962165469443375
5010000 13.94997999286577
5020000 13.937853631438122
5030000 13.925243141344392
5040000 13.912967723895724
5050000 13.901450065227706
5060000 13.8899887275711
5070000 13.876910488193285
5080000 13.863968649415831
5090000 13.851122926392518
5100000 13.839688495508257
5110000 13.82751575650147
5120000 13.81575642301403
5130000 13.804224705880204
5140000 13.791752982401757
5150000 13.779944679712342
5160000 13.767958297734566
5170000 13.75596942982292
5180000 13.74405708037727
5190000 13.732689947643394
5200000 13.72117139584095
5210000 13.709807392111719
5220000 13.697811597495335
5230000 13.686730545737042
5240000 13.675009130659033
5250000 13.66383348575973
5260000 13.652796913591832
5270000 13.642026449891354
5280000 13.630348122180608
5290000 13.61829205656415
5300000 13.60646953334765
5310000 13.594993399390175
5320000 13.583592935839821
5330000 13.571668983119768
5340000 13.560727761154755
5350000 13.550234747452379
5360000 13.538324320322799
5370000 13.52744436885408
5380000 13.515907331482724
5390000 13.504947092354474
5400000 13.493381586838797
5410000 13.482048843386725
5420000 13.470753720082273
5430000 13.460064590288946
5440000 13.449920038180771
5450000 13.439358375544762
5460000 13.428695043027329
5470000 13.417828498711176
5480000 13.407147397586042
5490000 13.396186502267271
5500000 13.384936273758345
5510000 13.373660225643588
5520000 13.362820190618313
5530000 13.351640854743595
5540000 13.34117276274679
5550000 13.330542073292412
5560000 13.319409223106856
5570000 13.308776285587696
5580000 13.298078504359902
5590000 13.287562690637602
5600000 13.27709776194685
5610000 13.266376181692978
5620000 13.256255735127173
5630000 13.245470555092083
5640000 13.23418637035616
5650000 13.223554732007944
5660000 13.21302437172504
5670000 13.202984357605695
5680000 13.193213490124911
5690000 13.183215665525285
5700000 13.172125294552249
5710000 13.161798121618437
5720000 13.151100930605347
5730000 13.140718103029561
5740000 13.130731369278001
5750000 13.120611540682935
5760000 13.110475271866877
5770000 13.100232208832027
5780000 13.089790650930968
5790000 13.079241114679446
5800000 13.06940814431781
5810000 13.059155674532265
5820000 13.04967479427011
5830000 13.039371169756905
5840000 13.029172947357845
5850000 13.019155292350634
5860000 13.00942495033829
5870000 12.999235032049025
5880000 12.989571329195634
5890000 12.980496325052115
5900000 12.97062396806454
5910000 12.960426999214729
5920000 12.950509561250206
5930000 12.941117238549243
5940000 12.931505069021783
5950000 12.921482066916713
5960000 12.911433445012154
5970000 12.90130735045358
5980000 12.891945595871404
5990000 12.882326680819682
6000000 12.872045137154974
6010000 12.861860620292031
6020000 12.852352644966174
6030000 12.842949665015231
6040000 12.832234413133484
6050000 12.822904293105388
6060000 12.81386979028546
6070000 12.803643111652498
6080000 12.793683543829648
6090000 12.78437327836925
6100000 12.774954953978435
6110000 12.765519661843937
6120000 12.756069443649258
6130000 12.746925956459759
6140000 12.737234438956017
6150000 12.72685282431105
6160000 12.717796165426684
6170000 12.708152243219393
6180000 12.699276285957382
6190000 12.689666593883546
6200000 12.679898911690907
6210000 12.670888235042067
6220000 12.661483682349578
6230000 12.652423914045144
6240000 12.642894566102962
6250000 12.63394626425874
6260000 12.625073566726394
6270000 12.616263679894136
6280000 12.606936902670537
6290000 12.598125246474858
6300000 12.589337803239177
6310000 12.580600040430449
6320000 12.571565137328951
6330000 12.562553431005574
6340000 12.553543869791822
6350000 12.544614215262003
6360000 12.535710344910303
6370000 12.526830101931614
6380000 12.51839756613004
6390000 12.509935436060907
6400000 12.501657359774685
6410000 12.492716875217901
6420000 12.483569038868303
6430000 12.474107083764375
6440000 12.465939107429527
6450000 12.45800003762439
6460000 12.449246566432432
6470000 12.440922761555868
6480000 12.432021267801364
6490000 12.42360488920057
6500000 12.414917208353613
6510000 12.406503538714201
6520000 12.397856745600484
6530000 12.389431368805454
6540000 12.381433500200039
6550000 12.37289816729559
6560000 12.36455894602306
6570000 12.355916347011423
6580000 12.347493941912187
6590000 12.338921132936328
6600000 12.330344621860855
6610000 12.32206193485973
6620000 12.313639775641999
6630000 12.305186259279136
6640000 12.297155367500288
6650000 12.288923485734262
6660000 12.280474581698856
6670000 12.27183296296373
6680000 12.263010960306634
6690000 12.254241513861917
6700000 12.24600188751933
6710000 12.238086650972427
6720000 12.230027038767545
6730000 12.222133918938988
6740000 12.21404418940548
6750000 12.205940076880118
6760000 12.198188759171185
6770000 12.19002588910392
6780000 12.18255632756088
6790000 12.174866858912349
6800000 12.166920779572182
6810000 12.158680247850421
6820000 12.150617970163752
6830000 12.142182580031209
6840000 12.13397180779518
6850000 12.125921294181476
6860000 12.118027964819486
6870000 12.109793476600414
6880000 12.102045104187937
6890000 12.094176225165794
6900000 12.08602592885055
6910000 12.077986707064
6920000 12.070228309971252
6930000 12.062743848998336
6940000 12.054788700348386
6950000 12.047150930299383
6960000 12.039019998914375
6970000 12.031302766770848
6980000 12.023114980649883
6990000 12.015082409492791
7000000 12.00696822975193
7010000 11.999941428503833
7020000 11.992470872940736
7030000 11.984820638690179
7040000 11.976504856690163
7050000 11.968859288244202
7060000 11.960876565086462
7070000 11.952699059232362
7080000 11.94510707071797
7090000 11.93772686295004
7100000 11.930284975876887
7110000 11.922194629040472
7120000 11.91406900676743
7130000 11.906433414758936
7140000 11.898821307896675
7150000 11.891194860808062
7160000 11.88395540366387
7170000 11.876468445134876
7180000 11.86910488704529
7190000 11.861691163320254
7200000 11.853665824527583
7210000 11.846181445476946
7220000 11.838616983420316
7230000 11.830979930644896
7240000 11.823668269789065
7250000 11.81606307099749
7260000 11.808826079866474
7270000 11.80151705784731
7280000 11.794497038935111
7290000 11.786941493605493
7300000 11.77958179619896
7310000 11.772266047497618
7320000 11.764895987952999
7330000 11.757219883075255
7340000 11.74999827757789
7350000 11.743272668609956
7360000 11.735964158626883
7370000 11.729197443905965
7380000 11.721993754425538
7390000 11.714935182473782
7400000 11.707795779585659
7410000 11.70065701303416
7420000 11.69394461295804
7430000 11.68739580090976
7440000 11.680541669916614
7450000 11.673292935313668
7460000 11.665890505759503
7470000 11.65878701016128
7480000 11.6516773300511
7490000 11.644886552783603
7500000 11.637623459996794
7510000 11.630618926418654
7520000 11.623469416147595
7530000 11.616556945993068
7540000 11.609536144963846
7550000 11.602474689010874
7560000 11.595203591717674
7570000 11.588307818421855
7580000 11.581541961659124
7590000 11.575064993382224
7600000 11.568384127013683
7610000 11.561658946389443
7620000 11.554790271436417
7630000 11.547877630779103
7640000 11.540751589288032
7650000 11.533512255570532
7660000 11.525911791169268
7670000 11.519399478791726
7680000 11.512445593748772
7690000 11.505845092553496
7700000 11.499479088590322
7710000 11.492727519729796
7720000 11.486021672207702
7730000 11.479125667758495
7740000 11.472667810469881
7750000 11.465997510263902
7760000 11.459281300553181
7770000 11.452382282384104
7780000 11.445723755144325
7790000 11.43901800447428
7800000 11.432516227332851
7810000 11.42586563723149
7820000 11.419612685548383
7830000 11.413170863267965
7840000 11.406435483593171
7850000 11.399658972465556
7860000 11.392871969514902
7870000 11.386558978373783
7880000 11.380174011868089
7890000 11.373776463332094
7900000 11.367102292675462
7910000 11.360297826322812
7920000 11.353698278593603
7930000 11.346940050158684
7940000 11.340327784961449
7950000 11.334114960616727
7960000 11.327411731701423
7970000 11.320870289924102
7980000 11.314216226519282
7990000 11.307635166711766
8000000 11.301274707449851
8010000 11.295158314073511
8020000 11.28864772688892
8030000 11.282166940712509
8040000 11.276194974876297
8050000 11.269611040208751
8060000 11.263266176145395
8070000 11.257674592699741
8080000 11.251004178980512
8090000 11.24462083094269
8100000 11.23859690417958
8110000 11.232867746104324
8120000 11.226122846902651
8130000 11.219724897093847
8140000 11.213566688624997
8150000 11.20712441718044
8160000 11.20071427050246
8170000 11.194552874055995
8180000 11.188428590020234
8190000 11.182215505011687
8200000 11.176135102756371
8210000 11.169330780378896
8220000 11.16337229183175
8230000 11.15707166823676
8240000 11.151073200884511
8250000 11.145227003349353
8260000 11.139159446746186
8270000 11.133362831124678
8280000 11.127397062507072
8290000 11.121225292461583
8300000 11.11533315979649
8310000 11.10900617419598
8320000 11.10322125921947
8330000 11.097226247339483
8340000 11.090985252330055
8350000 11.084809697834238
8360000 11.078852265232118
8370000 11.072617981983534
8380000 11.066034634685103
8390000 11.060100175980475
8400000 11.05413663244718
8410000 11.048309722857047
8420000 11.042362284969052
8430000 11.03659261011935
8440000 11.030206429049198
8450000 11.024293877576849
8460000 11.018079537047756
8470000 11.011890964411092
8480000 11.006163549447052
8490000 11.00020617587829
8500000 10.994546972478306
8510000 10.98847799354294
8520000 10.982883128138994
8530000 10.976671445041086
8540000 10.970703019608276
8550000 10.965220497115995
8560000 10.959501041638992
8570000 10.95317857742436
8580000 10.947108485611771
8590000 10.941417669088187
8600000 10.93578976157152
8610000 10.930089399280433
8620000 10.924332915881742
8630000 10.918656177222019
8640000 10.913003297099007
8650000 10.907468146470663
8660000 10.901441015402444
8670000 10.895850135842844
8680000 10.8902855439395
8690000 10.884826454677498
8700000 10.87901672858226
8710000 10.87310166714826
8720000 10.867211521458007
8730000 10.861417084255446
8740000 10.855829876976244
8750000 10.84979909268586
8760000 10.844428674153674
8770000 10.838722713947192
8780000 10.832652791167607
8790000 10.827096791012663
8800000 10.82152987274721
8810000 10.815907154053193
8820000 10.81023765919529
8830000 10.804781329115604
8840000 10.799431270403435
8850000 10.794199155959866
8860000 10.788505128426172
8870000 10.782618776474761
8880000 10.777261174900087
8890000 10.771691547039492
8900000 10.766279691082579
8910000 10.760865369567018
8920000 10.754932988645368
8930000 10.749382729980411
8940000 10.744304752261542
8950000 10.738784660270554
8960000 10.733462721797999
8970000 10.727645492163465
8980000 10.722171635221736
8990000 10.716649439095185
9000000 10.71124584549858
9010000 10.705567893888789
9020000 10.69991687195856
9030000 10.694512407186467
9040000 10.68957069284646
9050000 10.684014532314542
9060000 10.678367953875917
9070000 10.672933325779397
9080000 10.667462105601144
9090000 10.6624423121042
9100000 10.6568100816997
9110000 10.651379890493002
9120000 10.646453829441597
9130000 10.64103922158862
9140000 10.635864051984234
9150000 10.630626707256704
9160000 10.625365712120171
9170000 10.620005607995447
9180000 10.614770226000045
9190000 10.609543230439018
9200000 10.604575763205961
9210000 10.59929487755374
9220000 10.593962511718775
9230000 10.588724503499002
9240000 10.583508858970106
9250000 10.577752872342375
9260000 10.572334429968533
9270000 10.567120638547832
9280000 10.561867942555349
9290000 10.556984990791063
9300000 10.551509962353624
9310000 10.54641804899181
9320000 10.541358815961663
9330000 10.536018243880132
9340000 10.530585732710472
9350000 10.525517719918199
9360000 10.520298097602883
9370000 10.515439425384603
9380000 10.51019797790592
9390000 10.50511228286233
9400000 10.499783486110951
9410000 10.494615873562074
9420000 10.489638083408924
9430000 10.484523808260239
9440000 10.479511733954757
9450000 10.47455152992816
9460000 10.469408523352078
9470000 10.464334284936205
9480000 10.459166050693955
9490000 10.453776202111413
9500000 10.448744089764093
9510000 10.443902521273381
9520000 10.439020940073508
9530000 10.433941949069432
9540000 10.428805835803125
9550000 10.42378519224252
9560000 10.41882513339032
9570000 10.41400741559769
9580000 10.409240328838937
9590000 10.404224808815147
9600000 10.398921669202423
9610000 10.394146833557786
9620000 10.389259440176
9630000 10.384303857466886
9640000 10.379611713487364
9650000 10.374183802665188
9660000 10.369051333098653
9670000 10.364053830510558
9680000 10.35897243405166
9690000 10.354399399377538
9700000 10.34896136285582
9710000 10.344054343294363
9720000 10.339086209243286
9730000 10.334285390753994
9740000 10.329390678405655
9750000 10.324377201675283
9760000 10.319438479242281
9770000 10.314484476823871
9780000 10.30960838251499
9790000 10.305016250625489
9800000 10.300336216286519
9810000 10.295260307097555
9820000 10.290436108288993
9830000 10.285349229409615
9840000 10.280588487332952
9850000 10.27556600754409
9860000 10.27095970182897
9870000 10.266309479692335
9880000 10.26159832133905
9890000 10.25671007281181
9900000 10.252050620879418
9910000 10.247206917458454
9920000 10.242387630561923
9930000 10.237789712481385
9940000 10.233096410803542
9950000 10.228572011389696
9960000 10.224216243804154
9970000 10.219517112336332
9980000 10.214656548913966
9990000 10.209846016938684
10000000 10.205253879214984
10010000 10.200422462273028
10020000 10.195943373639015
10030000 10.19117878440557
10040000 10.186527862511173
10050000 10.181842987394095
10060000 10.177326791600326
10070000 10.17254529816417
10080000 10.168046033911997
10090000 10.163596751080114
10100000 10.158973415665402
10110000 10.154392098996453
10120000 10.149978620617643
10130000 10.145394724532359
10140000 10.140691271079461
10150000 10.136232962419612
10160000 10.131523891656382
10170000 10.126958932008227
10180000 10.122022875409371
10190000 10.11724540392021
10200000 10.112703533536976
10210000 10.108430401806988
10220000 10.103828038990807
10230000 10.099022039858964
10240000 10.094903760380289
10250000 10.090348482531196
10260000 10.085527218717576
10270000 10.080856048970418
10280000 10.076295366370177
10290000 10.071792465470308
10300000 10.067189339793268
10310000 10.062837864139425
10320000 10.058429219783566
10330000 10.053999729267002
10340000 10.0495110529448
10350000 10.045192428749763
10360000 10.040848880504466
10370000 10.03665177855748
10380000 10.032268906374044
10390000 10.027742950379107
10400000 10.023258288869563
10410000 10.018787749789924
10420000 10.014201471016033
10430000 10.009609537395486
10440000 10.00495081513475
10450000 10.000452734495983
10460000 9.996037300725424
10470000 9.991706075357222
10480000 9.98707352087781
10490000 9.982702954433309
10500000 9.978682889997488
10510000 9.97427558956621
10520000 9.969620678651872
10530000 9.965208461657749
10540000 9.960951881985414
10550000 9.956806557300423
10560000 9.952661569743466
10570000 9.948265499661849
10580000 9.943990374976645
10590000 9.939700585440722
10600000 9.935170877415047
10610000 9.930703895295359
10620000 9.926540883471617
10630000 9.922096281779394
10640000 9.917644373337648
10650000 9.91331221793871
10660000 9.908660063557814
10670000 9.90429258688291
10680000 9.899784384916002
10690000 9.895554561438873
10700000 9.891385286716716
10710000 9.887133481876388
10720000 9.882878490244375
10730000 9.878384291649255
10740000 9.873680932321918
10750000 9.86950231836094
10760000 9.865243574647383
10770000 9.861027868676212
10780000 9.856942547295436
10790000 9.852749668206993
10800000 9.848578827035869
10810000 9.844686673616286
10820000 9.84042790780275
10830000 9.836271909710405
10840000 9.832328389753423
10850000 9.828013391640154
10860000 9.823891813008
10870000 9.819848530388922
10880000 9.816057851053667
10890000 9.811684195486087
10900000 9.807341001798155
10910000 9.80330122386558
10920000 9.799076362351558
10930000 9.794968854783578
10940000 9.790720775354155
10950000 9.786717304233932
10960000 9.782697321936187
10970000 9.778439036404789
10980000 9.774454282897869
10990000 9.77010211469511
11000000 9.765924726858765
11010000 9.761685194134328
11020000 9.75763221547983
11030000 9.753725175762048
11040000 9.749731602994729
11050000 9.745744534486226
11060000 9.741739430367181
11070000 9.737535874405788
11080000 9.733267859415758
11090000 9.729007379911536
11100000 9.725115807177518
11110000 9.721005248025259
11120000 9.717185886620923
11130000 9.71345422672285
11140000 9.70965496017004
11150000 9.705480067906212
11160000 9.701398776181554
11170000 9.69726672857
11180000 9.693130168957135
11190000 9.689250521455715
11200000 9.685510231776046
11210000 9.681544711144873
11220000 9.677411280407643
11230000 9.673076358439353
11240000 9.669278014133612
11250000 9.665368674314832
11260000 9.661361471188284
11270000 9.65711423412598
11280000 9.652937608228168
11290000 9.64906873704177
11300000 9.645206567654329
11310000 9.641506043591628
11320000 9.637556722563572
11330000 9.633812908210263
11340000 9.630018671756671
11350000 9.625960344375487
11360000 9.621964285154869
11370000 9.618157283354508
11380000 9.614231068326768
11390000 9.61035920123722
11400000 9.606464118323283
11410000 9.602638490644043
11420000 9.598890563842163
11430000 9.594542754702776
11440000 9.5905425442664
11450000 9.586652138519867
11460000 9.582859120135872
11470000 9.578963116771805
11480000 9.575327643456864
11490000 9.571279669281342
11500000 9.567421579433539
11510000 9.563681059036268
11520000 9.559912211225427
11530000 9.556101774696339
11540000 9.55222438229982
11550000 9.548121960607784
11560000 9.544173588954736
11570000 9.540537985881981
11580000 9.536436971142336
11590000 9.532694076029756
11600000 9.528882389908846
11610000 9.524909101629174
11620000 9.521250197149516
11630000 9.51740207428311
11640000 9.513575738766564
11650000 9.509549354307227
11660000 9.505569480037682
11670000 9.501590382063053
11680000 9.497822226189806
11690000 9.493934267305898
11700000 9.490032487462548
11710000 9.486139681457155
11720000 9.482414111448776
11730000 9.478686010662827
11740000 9.474851768147987
11750000 9.471160875764307
11760000 9.467525062395348
11770000 9.463717576519747
11780000 9.460089361297705
11790000 9.456347399225479
11800000 9.452501284635733
11810000 9.44900168454799
11820000 9.445139174016568
11830000 9.441758230874536
11840000 9.438209011374877
11850000 9.434359217010265
11860000 9.430643846604273
11870000 9.42718799335266
11880000 9.423745910251094
11890000 9.42011822934263
11900000 9.416558990687241
11910000 9.412865723965508
11920000 9.409344426080064
11930000 9.405932830740557
11940000 9.402286199837803
11950000 9.39862513258251
11960000 9.395089151330072
11970000 9.391677581048642
11980000 9.388133762996896
11990000 9.384727885143512
12000000 9.38104244533177
12010000 9.377521417083708
12020000 9.373829602183639
12030000 9.370257686556213
12040000 9.366875853418833
12050000 9.363310854137621
12060000 9.359691754955332
12070000 9.356188150568705
12080000 9.352802285061616
12090000 9.3492615413278
12100000 9.345766624322199
12110000 9.342159587504014
12120000 9.338513848380204
12130000 9.334993879323886
12140000 9.331305474727108
12150000 9.327734840112289
12160000 9.324298083158704
12170000 9.320907272549267
12180000 9.317429538712945
12190000 9.314074252802522
12200000 9.31027610989833
12210000 9.306805656000286
12220000 9.303289347744636
12230000 9.30004541306881
12240000 9.296580915913378
12250000 9.292904216998078
12260000 9.289371059317661
12270000 9.285890836533431
12280000 9.282147469389123
12290000 9.278603463642794
12300000 9.275020497003574
12310000 9.271480572597477
12320000 9.26820036009617
12330000 9.264618501941744
12340000 9.261227912457619
12350000 9.257784000070853
12360000 9.254531818513222
12370000 9.251178024486745
12380000 9.24768080117994
12390000 9.244310058885087
12400000 9.240699863801472
12410000 9.237310011083768
12420000 9.233910340665128
12430000 9.230471477167285
12440000 9.227003258657632
12450000 9.2234791687294
12460000 9.22017106666944
12470000 9.216919662487593
12480000 9.21334176130737
12490000 9.209937205726568
12500000 9.206422847694565
12510000 9.203180813052041
12520000 9.199911123872578
12530000 9.196630424948548
12540000 9.193162637851893
12550000 9.189888194250917
12560000 9.186630029754633
12570000 9.183499761222837
12580000 9.180192602801819
12590000 9.176614972797331
12600000 9.173188878079362
12610000 9.169744049486699
12620000 9.166310345158612
12630000 9.162789811679797
12640000 9.159279554834617
12650000 9.155994596195125
12660000 9.152505728017019
12670000 9.149270809286586
12680000 9.145908840398054
12690000 9.142640228636349
12700000 9.139343974776834
12710000 9.135903494377692
12720000 9.13260343827647
12730000 9.129314717743606
12740000 9.126039075510594
12750000 9.122756973931171
12760000 9.119416188283529
12770000 9.115762497443678
12780000 9.112653134347223
12790000 9.109533330480504
12800000 9.10613634904969
12810000 9.10291999961631
12820000 9.099642976956185
12830000 9.096376402119686
12840000 9.092787487219136
12850000 9.089364299928198
12860000 9.085946397272382
12870000 9.08270019964973
12880000 9.079304101060604
12890000 9.075832986455136
12900000 9.072559893210322
12910000 9.069387601705897
12920000 9.066279815814148
12930000 9.062968938344902
12940000 9.059754834479639
12950000 9.056538036786721
12960000 9.053122898140243
12970000 9.049871085889228
12980000 9.046631294194924
12990000 9.043376711846763
13000000 9.040084776660937
13010000 9.036646522258577
13020000 9.033535132104632
13030000 9.030558976893122
13040000 9.027383066742347
13050000 9.024076527997343
13060000 9.02092209424052
13070000 9.017520770570298
13080000 9.014424430517476
13090000 9.011022464361751
13100000 9.007774863987205
13110000 9.00442338439515
13120000 9.001260464954886
13130000 8.998094021715753
13140000 8.994787087620029
13150000 8.991540501629226
13160000 8.988327277298568
13170000 8.985171670147933
13180000 8.981998261970512
13190000 8.979158332696594
13200000 8.975899870622603
13210000 8.972768434160493
13220000 8.969638495381462
13230000 8.966372592571183
13240000 8.963344125869476
13250000 8.96022262227902
13260000 8.957009816796393
13270000 8.953810197891684
13280000 8.950711371577357
13290000 8.947544897330788
13300000 8.94443819051252
13310000 8.941321732060132
13320000 8.938307039905927
13330000 8.935356263959804
13340000 8.93235052913074
13350000 8.929063758292669
13360000 8.925926326723921
13370000 8.9227375465723
13380000 8.91983291476409
13390000 8.916781626181619
13400000 8.913734491119213
13410000 8.910575389701789
13420000 8.907420801052893
13430000 8.904433214623808
13440000 8.901256600355744
13450000 8.898328343880276
13460000 8.895224627788442
13470000 8.892110699418023
13480000 8.888955358558068
13490000 8.885618912262439
13500000 8.882732164208715
13510000 8.879678486397466
13520000 8.87682989025822
13530000 8.873888705223706
13540000 8.87077857256368
13550000 8.867543220413383
13560000 8.86449434620886
13570000 8.861344961767761
13580000 8.858211838141251
13590000 8.855052571554335
13600000 8.852012846183403
13610000 8.849152711295218
13620000 8.846004267791704
13630000 8.842880517842673
13640000 8.840034317535535
13650000 8.837119558754155
13660000 8.834214469987106
13670000 8.831271844964405
13680000 8.828208971677878
13690000 8.825157814246676
13700000 8.822222845558187
13710000 8.819128652028791
13720000 8.816291070551497
13730000 8.813016152003648
13740000 8.810059603007025
13750000 8.807006115798202
13760000 8.803920065015715
13770000 8.80096700978302
13780000 8.797926380784583
13790000 8.794745988840926
13800000 8.791787730070977
13810000 8.788705518197908
13820000 8.785711036214721
13830000 8.782649404634212
13840000 8.779690186079373
13850000 8.776777921212043
13860000 8.773607450429445
13870000 8.770818858725905
13880000 8.767906804775777
13890000 8.765016898154663
13900000 8.762071514945955
13910000 8.759292483066334
13920000 8.756298937870714
13930000 8.753230912928208
13940000 8.750174783455272
13950000 8.747363755942077
13960000 8.744616232805537
13970000 8.74163757711813
13980000 8.738768370210124
13990000 8.735732746943595
14000000 8.73270962898511
14010000 8.730028897361144
14020000 8.727106916544104
14030000 8.724252022502226
14040000 8.721263443209555
14050000 8.718435127019506
14060000 8.715561407134294
14070000 8.712513463820061
14080000 8.709646517420953
14090000 8.707037509655814
14100000 8.704150876850171
14110000 8.701108909966742
14120000 8.698466803934187
14130000 8.695672314954814
14140000 8.692980049389778
14150000 8.69010785743982
14160000 8.6871186803351
14170000 8.684250980100504
14180000 8.681513140717504
14190000 8.678538631028454
14200000 8.675667944450229
14210000 8.672682526296905
14220000 8.669857679470013
14230000 8.666771661464198
14240000 8.663996599512787
14250000 8.661090741292865
14260000 8.658257237076633
14270000 8.655457189646972
14280000 8.652535972741372
14290000 8.649556886583943
14300000 8.64681571236248
14310000 8.644115345392926
14320000 8.641083303058247
14330000 8.638345659421752
14340000 8.635517145306675
14350000 8.632651549252548
14360000 8.629877374400525
14370000 8.627118747639587
14380000 8.624370374931507
14390000 8.62171184374924
14400000 8.618971273555882
14410000 8.616276536297317
14420000 8.613501887716346
14430000 8.61064009843387
14440000 8.607917533861391
14450000 8.605137720586832
14460000 8.602220752572759
14470000 8.599316475727658
14480000 8.596496086308601
14490000 8.593632903717047
14500000 8.59086646381607
14510000 8.588107111026135
14520000 8.585227842351566
14530000 8.58246306222717
14540000 8.579578589133627
14550000 8.576703937615026
14560000 8.574043633069723
14570000 8.571551002121138
14580000 8.568917920961598
14590000 8.566147659485926
14600000 8.563367114885187
14610000 8.560712621772494
14620000 8.558115768681748
14630000 8.555455894519977
14640000 8.552711394908428
14650000 8.549970260369694
14660000 8.54717319350736
14670000 8.544655725819506
14680000 8.542125245447018
14690000 8.53937944058456
14700000 8.536664414607404
14710000 8.534002727823015
14720000 8.531164006057866
14730000 8.528539762912189
14740000 8.525849027286744
14750000 8.52327936514698
14760000 8.520376172692139
14770000 8.517604696597319
14780000 8.514980331420093
14790000 8.512242289994274
14800000 8.509511019754825
14810000 8.50677823440071
14820000 8.504246136747913
14830000 8.50152010207418
14840000 8.498901338131072
14850000 8.496262048406905
14860000 8.493626614899368
14870000 8.490959162065305
14880000 8.488173223575616
14890000 8.485380072192871
14900000 8.482564471459353
14910000 8.47999098875489
14920000 8.477125105102738
14930000 8.47441466186835
14940000 8.471749211579697
14950000 8.469155545235614
14960000 8.466212044102502
14970000 8.463589065691346
14980000 8.460930513898997
14990000 8.458258135249475
15000000 8.455645329190885
15010000 8.453107997448324
15020000 8.45047491912877
15030000 8.447931111867618
15040000 8.445245805529453
15050000 8.442639091952026
15060000 8.440084099443098
15070000 8.437497412043365
15080000 8.434881061512707
15090000 8.43218844877191
15100000 8.429473114925079
15110000 8.426902765209851
15120000 8.424247986841447
15130000 8.421660649815884
15140000 8.419038153293979
15150000 8.41622229235949
15160000 8.413635848388399
15170000 8.410948118757434
15180000 8.40829755936011
15190000 8.405691649087906
15200000 8.403220631259694
15210000 8.400506725274374
15220000 8.39795758900773
15230000 8.395119268961341
15240000 8.392663816487458
15250000 8.390093357981936
15260000 8.387464170361561
15270000 8.38488685465112
15280000 8.382366806866582
15290000 8.379802813515482
15300000 8.377334676585559
15310000 8.37469404932382
15320000 8.372390533826266
15330000 8.369663544266501
15340000 8.367151478957199
15350000 8.364638945488664
15360000 8.362117846630616
15370000 8.359582211332546
15380000 8.356887333321719
15390000 8.354343414697414
15400000 8.351548235274747
15410000 8.348964703150756
15420000 8.346568622871398
15430000 8.344080989466333
15440000 8.341491377659047
15450000 8.3390300036149
15460000 8.336422565746448
15470000 8.33389346697484
15480000 8.331321665881651
15490000 8.328825737442925
15500000 8.326263142485963
15510000 8.323759847369065
15520000 8.321215329374057
15530000 8.318840912359006
15540000 8.316312673062233
15550000 8.313901274605938
15560000 8.31144923864776
15570000 8.30902841945978
15580000 8.306441376058517
15590000 8.303913409029674
15600000 8.301357454444274
15610000 8.29881667479253
15620000 8.296077160372493
15630000 8.293651225512052
15640000 8.291313400295785
15650000 8.288888545683058
15660000 8.286423796098449
15670000 8.283902717260029
15680000 8.281534685142116
15690000 8.27903274217968
15700000 8.276575301960758
15710000 8.274076713060163
15720000 8.271410028523974
15730000 8.269060300585263
15740000 8.266636014601588
15750000 8.264122212559126
15760000 8.26166572792154
15770000 8.25911131688941
15780000 8.256715668587512
15790000 8.254310639294594
15800000 8.251705565881888
15810000 8.249204963346136
15820000 8.246866793175442
15830000 8.244441477822802
15840000 8.242091122472015
15850000 8.239539173517285
15860000 8.237173316853134
15870000 8.234762500256945
15880000 8.232152239078635
15890000 8.229574281587665
15900000 8.227105941570212
15910000 8.224768372166592
15920000 8.222303140012608
15930000 8.219795275508353
15940000 8.21750243754503
15950000 8.21526113157948
15960000 8.212688748771393
15970000 8.210537941285281
15980000 8.208049280916228
15990000 8.2056093909922
16000000 8.203159059827508
16010000 8.200999267664768
16020000 8.198389537446111
16030000 8.19589627159499
16040000 8.193509345465928
16050000 8.191159692072961
16060000 8.188746157700146
16070000 8.186435469956773
16080000 8.184088903828863
16090000 8.181778657666275
16100000 8.179365022390815
16110000 8.177002905875804
16120000 8.17457030298068
16130000 8.172195313189663
16140000 8.169661044607018
16150000 8.167194288567863
16160000 8.164656539371341
16170000 8.162355097637887
16180000 8.160010950255433
16190000 8.157697213802535
16200000 8.155073327890454
16210000 8.152849153322725
16220000 8.150441445555195
16230000 8.148194184671404
16240000 8.145896729394305
16250000 8.143563615614656
16260000 8.141182331217834
16270000 8.138910095396364
16280000 8.136599192762116
16290000 8.134133329504152
16300000 8.131786914513272
16310000 8.129429949502551
16320000 8.127134118093254
16330000 8.124929743606204
16340000 8.122539783407195
16350000 8.120231596072239
16360000 8.118023469665781
16370000 8.115878032836548
16380000 8.113546672548328
16390000 8.111210479505802
16400000 8.1086724006548
16410000 8.10639778011574
16420000 8.104084980558156
16430000 8.10167145331449
16440000 8.099384406121327
16450000 8.097047857639138
16460000 8.09477513953508
16470000 8.09244852515191
16480000 8.089987550167352
16490000 8.087675348081754
16500000 8.085327765301782
16510000 8.083062073470886
16520000 8.080784699608989
16530000 8.078385834228808
16540000 8.075783612479716
16550000 8.073625059332128
16560000 8.071477572537956
16570000 8.069223855245149
16580000 8.066903296004728
16590000 8.064523966785053
16600000 8.062180471106792
16610000 8.059874587864485
16620000 8.057595945525211
16630000 8.055370141624168
16640000 8.053157642622741
16650000 8.050665778145827
16660000 8.04853286581631
16670000 8.046388667102047
16680000 8.044068168294988
16690000 8.041621699048275
16700000 8.039446963392
16710000 8.037062034252592
16720000 8.034735780208797
16730000 8.032556308875318
16740000 8.030194722233137
16750000 8.027755579990215
16760000 8.025457202412424
16770000 8.023233717861844
16780000 8.020980729094232
16790000 8.018748326807902
16800000 8.016594307530028
16810000 8.014501801940407
16820000 8.012218415540108
16830000 8.00993850659603
16840000 8.007860153047966
16850000 8.005687103467128
16860000 8.00347192910924
16870000 8.001253562827513
16880000 7.999091007070511
16890000 7.9969597658947045
16900000 7.9947378553184505
16910000 7.992405728250394
16920000 7.990203241216437
16930000 7.98793450729959
16940000 7.985809780561564
16950000 7.983782889851762
16960000 7.981631564974362
16970000 7.979382918541688
16980000 7.977181393388895
16990000 7.97500580035024
17000000 7.972800621862304
17010000 7.970479867427869
17020000 7.968216596705411
17030000 7.965964429441705
17040000 7.963776043574598
17050000 7.961589856960625
17060000 7.959464196583044
17070000 7.957225061060622
17080000 7.955015023167966
17090000 7.952934118071911
17100000 7.950613821424387
17110000 7.948481572850946
17120000 7.946415754007106
17130000 7.944134154337502
17140000 7.9419303335583304
17150000 7.939774250941574
17160000 7.9376058282196675
17170000 7.93549264017704
17180000 7.933385311222734
17190000 7.931251871833199
17200000 7.929209931807604
17210000 7.927001683219973
17220000 7.924757496995111
17230000 7.9225458924807235
17240000 7.920312234734017
17250000 7.918186147985661
17260000 7.91616528197958
17270000 7.914199990356692
17280000 7.911983131945588
17290000 7.909871848799725
17300000 7.907745391815632
17310000 7.905694154028491
17320000 7.903429067254977
17330000 7.901319045713402
17340000 7.899104325251023
17350000 7.89694126582897
17360000 7.894803616217083
17370000 7.89255512336977
