10000 1897.52635966
20000 1953.37715687
30000 1985.31967283
40000 2007.67428577
50000 2024.84440555
60000 2038.76645587
70000 2050.46378554
80000 2060.54187288
90000 2069.39176486
100000 2077.27652975
110000 2084.3834087
120000 2090.85033956
130000 2096.78168887
140000 2102.25831179
150000 2107.34410925
160000 2112.0904502
170000 2116.53924154
180000 2120.72511314
190000 2124.67700729
200000 2128.41935703
210000 2131.97297477
220000 2135.35573247
230000 2138.58308951
240000 2141.66850728
250000 2144.62377853
260000 2147.4592916
270000 2150.18424442
280000 2152.8068193
290000 2155.3343268
300000 2157.77332505
310000 2160.12971932
320000 2162.40884575
330000 2164.61554197
340000 2166.75420723
350000 2168.82885366
360000 2170.84315033
370000 2172.80046111
380000 2174.70387763
390000 2176.55624771
400000 2178.36020036
410000 2180.11816754
420000 2181.83240335
430000 2183.50500088
440000 2185.13790722
450000 2186.73293662
460000 2188.29178233
470000 2189.81602708
480000 2191.30715246
490000 2192.76654738
500000 2194.19551556
510000 2195.59528239
520000 2196.96700105
530000 2198.31175806
540000 2199.63057831
550000 2200.92442963
560000 2202.1942269
570000 2203.4408359
580000 2204.66507671
590000 2205.86772685
600000 2207.0495242
610000 2208.21116965
620000 2209.35332948
630000 2210.47663764
640000 2211.58169777
650000 2212.66908513
660000 2213.73934833
670000 2214.79301094
680000 2215.83057299
690000 2216.85251238
700000 2217.85928614
710000 2218.85133162
720000 2219.82906761
730000 2220.7928954
740000 2221.74319969
750000 2222.68034952
760000 2223.6046991
770000 2224.5165886
780000 2225.41634486
790000 2226.3042821
800000 2227.18070254
810000 2228.04589702
820000 2228.90014555
830000 2229.74371783
840000 2230.57687378
850000 2231.39986397
860000 2232.21293011
870000 2233.01630539
880000 2233.81021496
890000 2234.59487621
900000 2235.3704992
910000 2236.13728692
920000 2236.89543563
930000 2237.64513519
940000 2238.38656925
950000 2239.11991561
960000 2239.84534638
970000 2240.5630283
980000 2241.2731229
990000 2241.97578672
1000000 2242.67117157
1010000 2243.35942465
1020000 2244.04068876
1030000 2244.71510248
1040000 2245.38280033
1050000 2246.04391292
1060000 2246.69856711
1070000 2247.34688615
1080000 2247.9889898
1090000 2248.62499449
1100000 2249.2550134
1110000 2249.87915663
1120000 2250.49753126
1130000 2251.11024151
1140000 2251.71738879
1150000 2252.31907184
1160000 2252.91538679
1170000 2253.50642729
1180000 2254.09228456
1190000 2254.67304747
1200000 2255.24880267
1210000 2255.8196346
1220000 2256.38562561
1230000 2256.94685599
1240000 2257.50340407
1250000 2258.05534629
1260000 2258.60275721
1270000 2259.14570962
1280000 2259.68427457
1290000 2260.21852146
1300000 2260.74851802
1310000 2261.27433045
1320000 2261.79602338
1330000 2262.31366
1340000 2262.82730205
1350000 2263.33700987
1360000 2263.84284245
1370000 2264.34485748
1380000 2264.84311138
1390000 2265.33765931
1400000 2265.82855526
1410000 2266.31585204
1420000 2266.79960132
1430000 2267.2798537
1440000 2267.75665868
1450000 2268.23006473
1460000 2268.70011932
1470000 2269.16686892
1480000 2269.63035906
1490000 2270.09063434
1500000 2270.54773844
1510000 2271.00171417
1520000 2271.45260348
1530000 2271.9004475
1540000 2272.34528653
1550000 2272.78716009
1560000 2273.22610691
1570000 2273.66216499
1580000 2274.0953716
1590000 2274.52576327
1600000 2274.95337588
1610000 2275.37824459
1620000 2275.80040391
1630000 2276.21988773
1640000 2276.63672928
1650000 2277.0509612
1660000 2277.46261552
1670000 2277.87172369
1680000 2278.27831658
1690000 2278.68242453
1700000 2279.08407732
1710000 2279.48330419
1720000 2279.88013389
1730000 2280.27459464
1740000 2280.66671418
1750000 2281.05651976
1760000 2281.44403818
1770000 2281.82929574
1780000 2282.21231833
1790000 2282.59313138
1800000 2282.9717599
1810000 2283.34822847
1820000 2283.72256126
1830000 2284.09478205
1840000 2284.46491421
1850000 2284.83298074
1860000 2285.19900427
1870000 2285.56300704
1880000 2285.92501094
1890000 2286.28503751
1900000 2286.64310795
1910000 2286.99924312
1920000 2287.35346354
1930000 2287.70578942
1940000 2288.05624065
1950000 2288.40483679
1960000 2288.75159713
1970000 2289.09654065
1980000 2289.43968602
1990000 2289.78105165
2000000 2290.12065566
2010000 2290.45851589
2020000 2290.79464992
2030000 2291.12907507
2040000 2291.46180838
2050000 2291.79286667
2060000 2292.1222665
2070000 2292.45002416
2080000 2292.77615574
2090000 2293.10067708
2100000 2293.42360378
2110000 2293.74495124
2120000 2294.06473462
2130000 2294.38296887
2140000 2294.69966872
2150000 2295.01484871
2160000 2295.32852316
2170000 2295.64070619
2180000 2295.95141173
2190000 2296.26065351
2200000 2296.56844508
2210000 2296.87479979
2220000 2297.17973082
2230000 2297.48325117
2240000 2297.78537364
2250000 2298.0861109
2260000 2298.38547541
2270000 2298.68347949
2280000 2298.98013527
2290000 2299.27545475
2300000 2299.56944974
2310000 2299.86213192
2320000 2300.15351281
2330000 2300.44360376
2340000 2300.73241601
2350000 2301.01996062
2360000 2301.30624852
2370000 2301.59129052
2380000 2301.87509725
2390000 2302.15767924
2400000 2302.43904688
2410000 2302.71921041
2420000 2302.99817997
2430000 2303.27596555
2440000 2303.55257703
2450000 2303.82802416
2460000 2304.10231657
2470000 2304.37546378
2480000 2304.64747517
2490000 2304.91836004
2500000 2305.18812754
2510000 2305.45678675
2520000 2305.72434661
2530000 2305.99081595
2540000 2306.25620352
2550000 2306.52051795
2560000 2306.78376777
2570000 2307.0459614
2580000 2307.30710718
2590000 2307.56721334
2600000 2307.826288
2610000 2308.08433922
2620000 2308.34137494
2630000 2308.59740301
2640000 2308.85243121
2650000 2309.1064672
2660000 2309.35951858
2670000 2309.61159285
2680000 2309.86269743
2690000 2310.11283964
2700000 2310.36202675
2710000 2310.61026592
2720000 2310.85756424
2730000 2311.10392872
2740000 2311.34936629
2750000 2311.59388382
2760000 2311.83748808
2770000 2312.08018578
2780000 2312.32198355
2790000 2312.56288796
2800000 2312.80290549
2810000 2313.04204256
2820000 2313.28030554
2830000 2313.51770069
2840000 2313.75423424
2850000 2313.98991233
2860000 2314.22474105
2870000 2314.45872641
2880000 2314.69187438
2890000 2314.92419085
2900000 2315.15568165
2910000 2315.38635255
2920000 2315.61620926
2930000 2315.84525744
2940000 2316.07350267
2950000 2316.30095049
2960000 2316.52760639
2970000 2316.75347578
2980000 2316.97856404
2990000 2317.20287648
3000000 2317.42641835
3010000 2317.64919486
3020000 2317.87121117
3030000 2318.09247238
3040000 2318.31298355
3050000 2318.53274966
3060000 2318.75177568
3070000 2318.97006651
3080000 2319.187627
3090000 2319.40446196
3100000 2319.62057614
3110000 2319.83597427
3120000 2320.050661
3130000 2320.26464097
3140000 2320.47791874
3150000 2320.69049885
3160000 2320.90238579
3170000 2321.11358402
3180000 2321.32409792
3190000 2321.53393186
3200000 2321.74309017
3210000 2321.95157713
3220000 2322.15939697
3230000 2322.36655389
3240000 2322.57305205
3250000 2322.77889559
3260000 2322.98408857
3270000 2323.18863505
3280000 2323.39253903
3290000 2323.59580448
3300000 2323.79843534
3310000 2324.00043551
3320000 2324.20180884
3330000 2324.40255917
3340000 2324.60269029
3350000 2324.80220596
3360000 2325.0011099
3370000 2325.1994058
3380000 2325.39709732
3390000 2325.59418809
3400000 2325.79068169
3410000 2325.98658169
3420000 2326.18189162
3430000 2326.37661497
3440000 2326.57075521
3450000 2326.76431578
3460000 2326.95730008
3470000 2327.1497115
3480000 2327.34155337
3490000 2327.53282901
3500000 2327.72354172
3510000 2327.91369476
3520000 2328.10329135
3530000 2328.2923347
3540000 2328.48082799
3550000 2328.66877437
3560000 2328.85617697
3570000 2329.04303887
3580000 2329.22936315
3590000 2329.41515285
3600000 2329.600411
3610000 2329.78514058
3620000 2329.96934457
3630000 2330.15302591
3640000 2330.33618751
3650000 2330.51883227
3660000 2330.70096307
3670000 2330.88258274
3680000 2331.06369411
3690000 2331.24429999
3700000 2331.42440315
3710000 2331.60400634
3720000 2331.7831123
3730000 2331.96172373
3740000 2332.13984333
3750000 2332.31747376
3760000 2332.49461766
3770000 2332.67127766
3780000 2332.84745636
3790000 2333.02315635
3800000 2333.19838017
3810000 2333.37313038
3820000 2333.54740948
3830000 2333.72122
3840000 2333.89456439
3850000 2334.06744513
3860000 2334.23986465
3870000 2334.41182539
3880000 2334.58332973
3890000 2334.75438007
3900000 2334.92497878
3910000 2335.09512819
3920000 2335.26483064
3930000 2335.43408845
3940000 2335.6029039
3950000 2335.77127927
3960000 2335.93921682
3970000 2336.10671879
3980000 2336.27378741
3990000 2336.44042489
4000000 2336.6066334
4010000 2336.77241514
4020000 2336.93777225
4030000 2337.10270688
4040000 2337.26722115
4050000 2337.43131717
4060000 2337.59499704
4070000 2337.75826284
4080000 2337.92111662
4090000 2338.08356044
4100000 2338.24559632
4110000 2338.40722629
4120000 2338.56845234
4130000 2338.72927646
4140000 2338.88970064
4150000 2339.04972682
4160000 2339.20935694
4170000 2339.36859295
4180000 2339.52743675
4190000 2339.68589025
4200000 2339.84395534
4210000 2340.00163389
4220000 2340.15892777
4230000 2340.31583881
4240000 2340.47236886
4250000 2340.62851974
4260000 2340.78429326
4270000 2340.93969121
4280000 2341.09471537
4290000 2341.24936752
4300000 2341.40364942
4310000 2341.55756281
4320000 2341.71110942
4330000 2341.86429097
4340000 2342.01710919
4350000 2342.16956575
4360000 2342.32166235
4370000 2342.47340066
4380000 2342.62478235
4390000 2342.77580906
4400000 2342.92648243
4410000 2343.0768041
4420000 2343.22677567
4430000 2343.37639876
4440000 2343.52567496
4450000 2343.67460586
4460000 2343.82319302
4470000 2343.97143801
4480000 2344.11934238
4490000 2344.26690767
4500000 2344.41413542
4510000 2344.56102715
4520000 2344.70758435
4530000 2344.85380855
4540000 2344.99970122
4550000 2345.14526385
4560000 2345.29049791
4570000 2345.43540485
4580000 2345.57998614
4590000 2345.7242432
4600000 2345.86817748
4610000 2346.0117904
4620000 2346.15508337
4630000 2346.29805779
4640000 2346.44071505
4650000 2346.58305656
4660000 2346.72508367
4670000 2346.86679776
4680000 2347.0082002
4690000 2347.14929232
4700000 2347.29007546
4710000 2347.43055098
4720000 2347.57072017
4730000 2347.71058438
4740000 2347.85014489
4750000 2347.98940301
4760000 2348.12836003
4770000 2348.26701723
4780000 2348.40537589
4790000 2348.54343727
4800000 2348.68120263
4810000 2348.81867323
4820000 2348.9558503
4830000 2349.09273507
4840000 2349.22932879
4850000 2349.36563266
4860000 2349.50164789
4870000 2349.6373757
4880000 2349.77281727
4890000 2349.9079738
4900000 2350.04284647
4910000 2350.17743645
4920000 2350.31174491
4930000 2350.44577301
4940000 2350.57952191
4950000 2350.71299275
4960000 2350.84618666
4970000 2350.97910478
4980000 2351.11174824
4990000 2351.24411816
5000000 2351.37621564
5010000 2351.50804179
5020000 2351.6395977
5030000 2351.77088448
5040000 2351.9019032
5050000 2352.03265494
5060000 2352.16314078
5070000 2352.29336178
5080000 2352.42331899
5090000 2352.55301348
5100000 2352.68244629
5110000 2352.81161845
5120000 2352.94053101
5130000 2353.06918499
5140000 2353.19758141
5150000 2353.32572129
5160000 2353.45360564
5170000 2353.58123546
5180000 2353.70861176
5190000 2353.83573551
5200000 2353.96260772
5210000 2354.08922936
5220000 2354.2156014
5230000 2354.34172482
5240000 2354.46760058
5250000 2354.59322963
5260000 2354.71861294
5270000 2354.84375144
5280000 2354.96864609
5290000 2355.09329781
5300000 2355.21770753
5310000 2355.34187619
5320000 2355.4658047
5330000 2355.58949398
5340000 2355.71294494
5350000 2355.83615848
5360000 2355.9591355
5370000 2356.0818769
5380000 2356.20438357
5390000 2356.32665639
5400000 2356.44869625
5410000 2356.570504
5420000 2356.69208054
5430000 2356.81342672
5440000 2356.93454339
5450000 2357.05543143
5460000 2357.17609167
5470000 2357.29652496
5480000 2357.41673215
5490000 2357.53671407
5500000 2357.65647155
5510000 2357.77600542
5520000 2357.89531651
5530000 2358.01440562
5540000 2358.13327359
5550000 2358.2519212
5560000 2358.37034928
5570000 2358.48855861
5580000 2358.60655001
5590000 2358.72432425
5600000 2358.84188212
5610000 2358.95922442
5620000 2359.07635191
5630000 2359.19326538
5640000 2359.30996559
5650000 2359.42645331
5660000 2359.54272931
5670000 2359.65879434
5680000 2359.77464915
5690000 2359.8902945
5700000 2360.00573113
5710000 2360.12095979
5720000 2360.23598121
5730000 2360.35079614
5740000 2360.46540528
5750000 2360.57980939
5760000 2360.69400918
5770000 2360.80800536
5780000 2360.92179865
5790000 2361.03538978
5800000 2361.14877943
5810000 2361.26196832
5820000 2361.37495716
5830000 2361.48774662
5840000 2361.60033742
5850000 2361.71273023
5860000 2361.82492575
5870000 2361.93692465
5880000 2362.04872762
5890000 2362.16033533
5900000 2362.27174846
5910000 2362.38296767
5920000 2362.49399363
5930000 2362.60482699
5940000 2362.71546843
5950000 2362.82591859
5960000 2362.93617812
5970000 2363.04624768
5980000 2363.1561279
5990000 2363.26581944
6000000 2363.37532293
6010000 2363.484639
6020000 2363.59376829
6030000 2363.70271142
6040000 2363.81146903
6050000 2363.92004174
6060000 2364.02843015
6070000 2364.1366349
6080000 2364.2446566
6090000 2364.35249585
6100000 2364.46015326
6110000 2364.56762944
6120000 2364.67492498
6130000 2364.7820405
6140000 2364.88897657
6150000 2364.99573381
6160000 2365.10231278
6170000 2365.20871409
6180000 2365.31493831
6190000 2365.42098603
6200000 2365.52685783
6210000 2365.63255427
6220000 2365.73807593
6230000 2365.84342339
6240000 2365.9485972
6250000 2366.05359794
6260000 2366.15842617
6270000 2366.26308243
6280000 2366.3675673
6290000 2366.47188132
6300000 2366.57602504
6310000 2366.67999901
6320000 2366.78380378
6330000 2366.88743989
6340000 2366.99090788
6350000 2367.09420829
6360000 2367.19734164
6370000 2367.30030849
6380000 2367.40310935
6390000 2367.50574475
6400000 2367.60821522
6410000 2367.71052128
6420000 2367.81266345
6430000 2367.91464225
6440000 2368.0164582
6450000 2368.11811179
6460000 2368.21960356
6470000 2368.32093399
6480000 2368.42210361
6490000 2368.52311291
6500000 2368.6239624
6510000 2368.72465256
6520000 2368.82518391
6530000 2368.92555692
6540000 2369.0257721
6550000 2369.12582993
6560000 2369.22573091
6570000 2369.32547551
6580000 2369.42506421
6590000 2369.52449751
6600000 2369.62377587
6610000 2369.72289977
6620000 2369.82186969
6630000 2369.92068609
6640000 2370.01934946
6650000 2370.11786024
6660000 2370.21621892
6670000 2370.31442595
6680000 2370.41248179
6690000 2370.5103869
6700000 2370.60814175
6710000 2370.70574677
6720000 2370.80320244
6730000 2370.90050919
6740000 2370.99766748
6750000 2371.09467775
6760000 2371.19154045
6770000 2371.28825601
6780000 2371.38482489
6790000 2371.48124752
6800000 2371.57752433
6810000 2371.67365576
6820000 2371.76964225
6830000 2371.86548422
6840000 2371.9611821
6850000 2372.05673633
6860000 2372.15214732
6870000 2372.2474155
6880000 2372.34254129
6890000 2372.4375251
6900000 2372.53236737
6910000 2372.6270685
6920000 2372.72162891
6930000 2372.81604901
6940000 2372.91032921
6950000 2373.00446992
6960000 2373.09847155
6970000 2373.19233449
6980000 2373.28605917
6990000 2373.37964597
7000000 2373.47309529
7010000 2373.56640754
7020000 2373.65958311
7030000 2373.7526224
7040000 2373.8455258
7050000 2373.93829369
7060000 2374.03092648
7070000 2374.12342455
7080000 2374.21578828
7090000 2374.30801805
7100000 2374.40011426
7110000 2374.49207729
7120000 2374.58390751
7130000 2374.6756053
7140000 2374.76717103
7150000 2374.8586051
7160000 2374.94990785
7170000 2375.04107968
7180000 2375.13212094
7190000 2375.22303202
7200000 2375.31381326
7210000 2375.40446505
7220000 2375.49498774
7230000 2375.5853817
7240000 2375.67564728
7250000 2375.76578485
7260000 2375.85579477
7270000 2375.94567739
7280000 2376.03543306
7290000 2376.12506215
7300000 2376.214565
7310000 2376.30394196
7320000 2376.39319338
7330000 2376.48231961
7340000 2376.571321
7350000 2376.66019789
7360000 2376.74895063
7370000 2376.83757955
7380000 2376.92608499
7390000 2377.01446731
7400000 2377.10272683
7410000 2377.19086388
7420000 2377.27887882
7430000 2377.36677196
7440000 2377.45454365
7450000 2377.5421942
7460000 2377.62972396
7470000 2377.71713325
7480000 2377.8044224
7490000 2377.89159173
7500000 2377.97864157
7510000 2378.06557224
7520000 2378.15238406
7530000 2378.23907736
7540000 2378.32565244
7550000 2378.41210964
7560000 2378.49844926
7570000 2378.58467162
7580000 2378.67077704
7590000 2378.75676583
7600000 2378.8426383
7610000 2378.92839476
7620000 2379.01403552
7630000 2379.09956088
7640000 2379.18497116
7650000 2379.27026666
7660000 2379.35544768
7670000 2379.44051453
7680000 2379.52546751
7690000 2379.61030692
7700000 2379.69503305
7710000 2379.77964621
7720000 2379.8641467
7730000 2379.9485348
7740000 2380.03281082
7750000 2380.11697505
7760000 2380.20102778
7770000 2380.2849693
7780000 2380.3687999
7790000 2380.45251987
7800000 2380.53612951
7810000 2380.61962908
7820000 2380.70301889
7830000 2380.78629922
7840000 2380.86947035
7850000 2380.95253255
7860000 2381.03548612
7870000 2381.11833134
7880000 2381.20106848
7890000 2381.28369781
7900000 2381.36621963
7910000 2381.4486342
7920000 2381.5309418
7930000 2381.6131427
7940000 2381.69523718
7950000 2381.7772255
7960000 2381.85910794
7970000 2381.94088477
7980000 2382.02255626
7990000 2382.10412267
8000000 2382.18558427
8010000 2382.26694132
8020000 2382.3481941
8030000 2382.42934286
8040000 2382.51038787
8050000 2382.59132938
8060000 2382.67216767
8070000 2382.75290298
8080000 2382.83353559
8090000 2382.91406573
8100000 2382.99449368
8110000 2383.07481969
8120000 2383.15504401
8130000 2383.2351669
8140000 2383.31518861
8150000 2383.39510939
8160000 2383.47492949
8170000 2383.55464916
8180000 2383.63426866
8190000 2383.71378822
8200000 2383.79320811
8210000 2383.87252856
8220000 2383.95174982
8230000 2384.03087213
8240000 2384.10989574
8250000 2384.1888209
8260000 2384.26764783
8270000 2384.34637679
8280000 2384.42500802
8290000 2384.50354174
8300000 2384.58197822
8310000 2384.66031767
8320000 2384.73856033
8330000 2384.81670645
8340000 2384.89475626
8350000 2384.97270998
8360000 2385.05056787
8370000 2385.12833014
8380000 2385.20599702
8390000 2385.28356876
8400000 2385.36104558
8410000 2385.4384277
8420000 2385.51571537
8430000 2385.59290879
8440000 2385.67000821
8450000 2385.74701385
8460000 2385.82392592
8470000 2385.90074466
8480000 2385.9774703
8490000 2386.05410304
8500000 2386.13064312
8510000 2386.20709075
8520000 2386.28344616
8530000 2386.35970956
8540000 2386.43588118
8550000 2386.51196122
8560000 2386.58794992
8570000 2386.66384748
8580000 2386.73965412
8590000 2386.81537005
8600000 2386.8909955
8610000 2386.96653067
8620000 2387.04197577
8630000 2387.11733102
8640000 2387.19259662
8650000 2387.2677728
8660000 2387.34285975
8670000 2387.4178577
8680000 2387.49276683
8690000 2387.56758737
8700000 2387.64231952
8710000 2387.71696348
8720000 2387.79151946
8730000 2387.86598767
8740000 2387.94036831
8750000 2388.01466158
8760000 2388.08886768
8770000 2388.16298682
8780000 2388.2370192
8790000 2388.31096502
8800000 2388.38482447
8810000 2388.45859776
8820000 2388.53228508
8830000 2388.60588664
8840000 2388.67940262
8850000 2388.75283323
8860000 2388.82617866
8870000 2388.89943911
8880000 2388.97261477
8890000 2389.04570583
8900000 2389.11871248
8910000 2389.19163493
8920000 2389.26447336
8930000 2389.33722795
8940000 2389.40989891
8950000 2389.48248643
8960000 2389.55499068
8970000 2389.62741186
8980000 2389.69975016
8990000 2389.77200576
9000000 2389.84417885
9010000 2389.91626962
9020000 2389.98827825
9030000 2390.06020492
9040000 2390.13204983
9050000 2390.20381315
9060000 2390.27549506
9070000 2390.34709575
9080000 2390.41861541
9090000 2390.4900542
9100000 2390.56141232
9110000 2390.63268993
9120000 2390.70388723
9130000 2390.77500439
9140000 2390.84604158
9150000 2390.91699898
9160000 2390.98787678
9170000 2391.05867514
9180000 2391.12939425
9190000 2391.20003427
9200000 2391.27059539
9210000 2391.34107777
9220000 2391.4114816
9230000 2391.48180703
9240000 2391.55205425
9250000 2391.62222342
9260000 2391.69231472
9270000 2391.76232832
9280000 2391.83226439
9290000 2391.90212309
9300000 2391.9719046
9310000 2392.04160908
9320000 2392.11123671
9330000 2392.18078764
9340000 2392.25026205
9350000 2392.3196601
9360000 2392.38898196
9370000 2392.45822779
9380000 2392.52739775
9390000 2392.59649202
9400000 2392.66551075
9410000 2392.73445411
9420000 2392.80332226
9430000 2392.87211536
9440000 2392.94083357
9450000 2393.00947705
9460000 2393.07804597
9470000 2393.14654049
9480000 2393.21496075
9490000 2393.28330693
9500000 2393.35157918
9510000 2393.41977766
9520000 2393.48790252
9530000 2393.55595392
9540000 2393.62393202
9550000 2393.69183697
9560000 2393.75966894
9570000 2393.82742807
9580000 2393.89511451
9590000 2393.96272843
9600000 2394.03026997
9610000 2394.0977393
9620000 2394.16513655
9630000 2394.23246188
9640000 2394.29971545
9650000 2394.36689741
9660000 2394.4340079
9670000 2394.50104707
9680000 2394.56801508
9690000 2394.63491207
9700000 2394.7017382
9710000 2394.76849361
9720000 2394.83517844
9730000 2394.90179285
9740000 2394.96833698
9750000 2395.03481098
9760000 2395.101215
9770000 2395.16754918
9780000 2395.23381365
9790000 2395.30000858
9800000 2395.36613411
9810000 2395.43219036
9820000 2395.4981775
9830000 2395.56409566
9840000 2395.62994499
9850000 2395.69572562
9860000 2395.7614377
9870000 2395.82708137
9880000 2395.89265677
9890000 2395.95816404
9900000 2396.02360332
9910000 2396.08897474
9920000 2396.15427846
9930000 2396.2195146
9940000 2396.2846833
9950000 2396.3497847
9960000 2396.41481895
9970000 2396.47978616
9980000 2396.54468649
9990000 2396.60952007
10000000 2396.67428703
10010000 2396.73898751
10020000 2396.80362164
10030000 2396.86818955
10040000 2396.93269139
10050000 2396.99712728
10060000 2397.06149736
10070000 2397.12580175
10080000 2397.1900406
10090000 2397.25421403
10100000 2397.31832218
10110000 2397.38236518
10120000 2397.44634315
10130000 2397.51025622
10140000 2397.57410454
10150000 2397.63788822
10160000 2397.7016074
10170000 2397.7652622
10180000 2397.82885275
10190000 2397.89237919
10200000 2397.95584163
10210000 2398.0192402
10220000 2398.08257504
10230000 2398.14584627
10240000 2398.20905402
10250000 2398.2721984
10260000 2398.33527955
10270000 2398.39829759
10280000 2398.46125264
10290000 2398.52414483
10300000 2398.58697429
10310000 2398.64974114
10320000 2398.71244549
10330000 2398.77508748
10340000 2398.83766722
10350000 2398.90018484
10360000 2398.96264045
10370000 2399.02503419
10380000 2399.08736617
10390000 2399.14963651
10400000 2399.21184533
10410000 2399.27399275
10420000 2399.3360789
10430000 2399.39810388
10440000 2399.46006783
10450000 2399.52197085
10460000 2399.58381307
10470000 2399.64559461
10480000 2399.70731557
10490000 2399.76897609
10500000 2399.83057627
10510000 2399.89211623
10520000 2399.95359609
10530000 2400.01501596
10540000 2400.07637597
10550000 2400.13767622
10560000 2400.19891683
10570000 2400.26009791
10580000 2400.32121958
10590000 2400.38228195
10600000 2400.44328514
10610000 2400.50422926
10620000 2400.56511442
10630000 2400.62594073
10640000 2400.68670831
10650000 2400.74741727
10660000 2400.80806772
10670000 2400.86865977
10680000 2400.92919353
10690000 2400.98966912
10700000 2401.05008663
10710000 2401.11044619
10720000 2401.17074791
10730000 2401.23099189
10740000 2401.29117823
10750000 2401.35130706
10760000 2401.41137848
10770000 2401.47139259
10780000 2401.53134951
10790000 2401.59124934
10800000 2401.65109219
10810000 2401.71087817
10820000 2401.77060738
10830000 2401.83027993
10840000 2401.88989592
10850000 2401.94945547
10860000 2402.00895867
10870000 2402.06840564
10880000 2402.12779647
10890000 2402.18713128
10900000 2402.24641015
10910000 2402.30563321
10920000 2402.36480056
10930000 2402.42391229
10940000 2402.48296851
10950000 2402.54196932
10960000 2402.60091483
10970000 2402.65980514
10980000 2402.71864034
10990000 2402.77742055
11000000 2402.83614587
11010000 2402.89481638
11020000 2402.9534322
11030000 2403.01199343
11040000 2403.07050016
11050000 2403.1289525
11060000 2403.18735055
11070000 2403.2456944
11080000 2403.30398415
11090000 2403.36221991
11100000 2403.42040178
11110000 2403.47852984
11120000 2403.5366042
11130000 2403.59462496
11140000 2403.65259221
11150000 2403.71050606
11160000 2403.76836659
11170000 2403.82617392
11180000 2403.88392812
11190000 2403.9416293
11200000 2403.99927756
11210000 2404.05687299
11220000 2404.11441568
11230000 2404.17190574
11240000 2404.22934325
11250000 2404.28672831
11260000 2404.34406102
11270000 2404.40134147
11280000 2404.45856976
11290000 2404.51574597
11300000 2404.5728702
11310000 2404.62994255
11320000 2404.68696311
11330000 2404.74393196
11340000 2404.80084921
11350000 2404.85771494
11360000 2404.91452926
11370000 2404.97129224
11380000 2405.02800398
11390000 2405.08466457
11400000 2405.1412741
11410000 2405.19783267
11420000 2405.25434037
11430000 2405.31079727
11440000 2405.36720349
11450000 2405.42355909
11460000 2405.47986418
11470000 2405.53611885
11480000 2405.59232317
11490000 2405.64847725
11500000 2405.70458117
11510000 2405.76063501
11520000 2405.81663888
11530000 2405.87259285
11540000 2405.92849701
11550000 2405.98435144
11560000 2406.04015625
11570000 2406.09591151
11580000 2406.15161731
11590000 2406.20727374
11600000 2406.26288089
11610000 2406.31843883
11620000 2406.37394766
11630000 2406.42940746
11640000 2406.48481832
11650000 2406.54018032
11660000 2406.59549355
11670000 2406.65075809
11680000 2406.70597403
11690000 2406.76114145
11700000 2406.81626043
11710000 2406.87133106
11720000 2406.92635343
11730000 2406.98132761
11740000 2407.03625369
11750000 2407.09113176
11760000 2407.14596189
11770000 2407.20074416
11780000 2407.25547867
11790000 2407.31016549
11800000 2407.36480471
11810000 2407.4193964
11820000 2407.47394065
11830000 2407.52843755
11840000 2407.58288716
11850000 2407.63728957
11860000 2407.69164487
11870000 2407.74595312
11880000 2407.80021443
11890000 2407.85442885
11900000 2407.90859648
11910000 2407.96271739
11920000 2408.01679167
11930000 2408.07081938
11940000 2408.12480062
11950000 2408.17873546
11960000 2408.23262398
11970000 2408.28646625
11980000 2408.34026236
11990000 2408.39401238
12000000 2408.44771639
12010000 2408.50137448
12020000 2408.55498671
12030000 2408.60855316
12040000 2408.66207392
12050000 2408.71554905
12060000 2408.76897864
12070000 2408.82236276
12080000 2408.87570149
12090000 2408.9289949
12100000 2408.98224307
12110000 2409.03544608
12120000 2409.088604
12130000 2409.14171691
12140000 2409.19478488
12150000 2409.24780798
12160000 2409.3007863
12170000 2409.3537199
12180000 2409.40660887
12190000 2409.45945327
12200000 2409.51225318
12210000 2409.56500868
12220000 2409.61771983
12230000 2409.67038671
12240000 2409.7230094
12250000 2409.77558796
12260000 2409.82812248
12270000 2409.88061301
12280000 2409.93305965
12290000 2409.98546245
12300000 2410.03782149
12310000 2410.09013685
12320000 2410.14240859
12330000 2410.19463678
12340000 2410.24682151
12350000 2410.29896283
12360000 2410.35106083
12370000 2410.40311557
12380000 2410.45512712
12390000 2410.50709555
12400000 2410.55902094
12410000 2410.61090335
12420000 2410.66274286
12430000 2410.71453953
12440000 2410.76629343
12450000 2410.81800464
12460000 2410.86967323
12470000 2410.92129925
12480000 2410.97288279
12490000 2411.02442391
12500000 2411.07592268
12510000 2411.12737917
12520000 2411.17879345
12530000 2411.23016558
12540000 2411.28149563
12550000 2411.33278368
12560000 2411.38402979
12570000 2411.43523402
12580000 2411.48639645
12590000 2411.53751715
12600000 2411.58859617
12610000 2411.63963359
12620000 2411.69062947
12630000 2411.74158388
12640000 2411.79249689
12650000 2411.84336856
12660000 2411.89419896
12670000 2411.94498816
12680000 2411.99573621
12690000 2412.0464432
12700000 2412.09710918
12710000 2412.14773421
12720000 2412.19831837
12730000 2412.24886172
12740000 2412.29936432
12750000 2412.34982624
12760000 2412.40024755
12770000 2412.4506283
12780000 2412.50096856
12790000 2412.5512684
12800000 2412.60152788
12810000 2412.65174707
12820000 2412.70192602
12830000 2412.7520648
12840000 2412.80216348
12850000 2412.85222212
12860000 2412.90224078
12870000 2412.95221953
12880000 2413.00215842
12890000 2413.05205752
12900000 2413.10191689
12910000 2413.15173661
12920000 2413.20151671
12930000 2413.25125728
12940000 2413.30095837
12950000 2413.35062004
12960000 2413.40024236
12970000 2413.44982539
12980000 2413.49936918
12990000 2413.5488738
13000000 2413.59833932
13010000 2413.64776578
13020000 2413.69715326
13030000 2413.74650181
13040000 2413.79581149
13050000 2413.84508237
13060000 2413.89431451
13070000 2413.94350795
13080000 2413.99266277
13090000 2414.04177903
13100000 2414.09085678
13110000 2414.13989609
13120000 2414.188897
13130000 2414.23785959
13140000 2414.28678392
13150000 2414.33567003
13160000 2414.38451799
13170000 2414.43332786
13180000 2414.4820997
13190000 2414.53083356
13200000 2414.57952951
13210000 2414.6281876
13220000 2414.67680789
13230000 2414.72539044
13240000 2414.7739353
13250000 2414.82244254
13260000 2414.87091221
13270000 2414.91934437
13280000 2414.96773907
13290000 2415.01609638
13300000 2415.06441634
13310000 2415.11269903
13320000 2415.16094449
13330000 2415.20915277
13340000 2415.25732395
13350000 2415.30545807
13360000 2415.35355519
13370000 2415.40161536
13380000 2415.44963865
13390000 2415.49762511
13400000 2415.54557478
13410000 2415.59348774
13420000 2415.64136404
13430000 2415.68920372
13440000 2415.73700685
13450000 2415.78477347
13460000 2415.83250366
13470000 2415.88019745
13480000 2415.92785491
13490000 2415.97547609
13500000 2416.02306105
13510000 2416.07060983
13520000 2416.11812249
13530000 2416.1655991
13540000 2416.21303969
13550000 2416.26044433
13560000 2416.30781307
13570000 2416.35514596
13580000 2416.40244306
13590000 2416.44970441
13600000 2416.49693008
13610000 2416.54412012
13620000 2416.59127457
13630000 2416.6383935
13640000 2416.68547695
13650000 2416.73252498
13660000 2416.77953764
13670000 2416.82651498
13680000 2416.87345706
13690000 2416.92036393
13700000 2416.96723563
13710000 2417.01407223
13720000 2417.06087377
13730000 2417.1076403
13740000 2417.15437188
13750000 2417.20106856
13760000 2417.24773039
13770000 2417.29435743
13780000 2417.34094971
13790000 2417.3875073
13800000 2417.43403024
13810000 2417.48051859
13820000 2417.52697239
13830000 2417.57339171
13840000 2417.61977657
13850000 2417.66612705
13860000 2417.71244319
13870000 2417.75872503
13880000 2417.80497263
13890000 2417.85118605
13900000 2417.89736532
13910000 2417.94351049
13920000 2417.98962163
13930000 2418.03569878
13940000 2418.08174198
13950000 2418.12775129
13960000 2418.17372675
13970000 2418.21966842
13980000 2418.26557634
13990000 2418.31145057
14000000 2418.35729114
14010000 2418.40309812
14020000 2418.44887155
14030000 2418.49461147
14040000 2418.54031794
14050000 2418.58599101
14060000 2418.63163072
14070000 2418.67723711
14080000 2418.72281025
14090000 2418.76835017
14100000 2418.81385693
14110000 2418.85933057
14120000 2418.90477113
14130000 2418.95017868
14140000 2418.99555325
14150000 2419.04089489
14160000 2419.08620365
14170000 2419.13147958
14180000 2419.17672271
14190000 2419.22193311
14200000 2419.26711082
14210000 2419.31225588
14220000 2419.35736833
14230000 2419.40244824
14240000 2419.44749563
14250000 2419.49251057
14260000 2419.53749309
14270000 2419.58244324
14280000 2419.62736107
14290000 2419.67224662
14300000 2419.71709994
14310000 2419.76192107
14320000 2419.80671007
14330000 2419.85146697
14340000 2419.89619182
14350000 2419.94088467
14360000 2419.98554556
14370000 2420.03017453
14380000 2420.07477164
14390000 2420.11933692
14400000 2420.16387043
14410000 2420.2083722
14420000 2420.25284228
14430000 2420.29728071
14440000 2420.34168755
14450000 2420.38606283
14460000 2420.4304066
14470000 2420.4747189
14480000 2420.51899978
14490000 2420.56324928
14500000 2420.60746744
14510000 2420.65165431
14520000 2420.69580994
14530000 2420.73993436
14540000 2420.78402761
14550000 2420.82808976
14560000 2420.87212082
14570000 2420.91612086
14580000 2420.96008991
14590000 2421.00402801
14600000 2421.04793521
14610000 2421.09181156
14620000 2421.13565709
14630000 2421.17947184
14640000 2421.22325587
14650000 2421.2670092
14660000 2421.31073189
14670000 2421.35442398
14680000 2421.39808551
14690000 2421.44171652
14700000 2421.48531705
14710000 2421.52888715
14720000 2421.57242686
14730000 2421.61593621
14740000 2421.65941526
14750000 2421.70286404
14760000 2421.74628259
14770000 2421.78967096
14780000 2421.83302919
14790000 2421.87635731
14800000 2421.91965538
14810000 2421.96292342
14820000 2422.00616149
14830000 2422.04936963
14840000 2422.09254786
14850000 2422.13569624
14860000 2422.17881481
14870000 2422.2219036
14880000 2422.26496266
14890000 2422.30799203
14900000 2422.35099175
14910000 2422.39396185
14920000 2422.43690239
14930000 2422.47981339
14940000 2422.5226949
14950000 2422.56554696
14960000 2422.6083696
14970000 2422.65116288
14980000 2422.69392683
14990000 2422.73666148
15000000 2422.77936688
15010000 2422.82204307
15020000 2422.86469008
15030000 2422.90730796
15040000 2422.94989675
15050000 2422.99245648
15060000 2423.03498719
15070000 2423.07748893
15080000 2423.11996173
15090000 2423.16240563
15100000 2423.20482067
15110000 2423.24720688
15120000 2423.28956432
15130000 2423.33189301
15140000 2423.37419299
15150000 2423.4164643
15160000 2423.45870699
15170000 2423.50092109
15180000 2423.54310663
15190000 2423.58526366
15200000 2423.62739221
15210000 2423.66949232
15220000 2423.71156403
15230000 2423.75360738
15240000 2423.7956224
15250000 2423.83760914
15260000 2423.87956763
15270000 2423.9214979
15280000 2423.9634
15290000 2424.00527396
15300000 2424.04711982
15310000 2424.08893762
15320000 2424.1307274
15330000 2424.17248918
15340000 2424.21422301
15350000 2424.25592893
15360000 2424.29760697
15370000 2424.33925717
15380000 2424.38087956
15390000 2424.42247419
15400000 2424.46404108
15410000 2424.50558028
15420000 2424.54709183
15430000 2424.58857575
15440000 2424.63003208
15450000 2424.67146087
15460000 2424.71286214
15470000 2424.75423593
15480000 2424.79558229
15490000 2424.83690123
15500000 2424.87819281
15510000 2424.91945706
15520000 2424.96069401
15530000 2425.00190369
15540000 2425.04308615
15550000 2425.08424142
15560000 2425.12536953
15570000 2425.16647052
15580000 2425.20754443
15590000 2425.24859128
15600000 2425.28961113
15610000 2425.33060399
15620000 2425.37156991
15630000 2425.41250892
15640000 2425.45342105
15650000 2425.49430635
15660000 2425.53516484
15670000 2425.57599655
15680000 2425.61680154
15690000 2425.65757982
15700000 2425.69833144
15710000 2425.73905642
15720000 2425.77975481
15730000 2425.82042663
15740000 2425.86107192
15750000 2425.90169072
15760000 2425.94228306
15770000 2425.98284897
15780000 2426.02338849
15790000 2426.06390164
15800000 2426.10438848
15810000 2426.14484902
15820000 2426.1852833
15830000 2426.22569136
15840000 2426.26607323
15850000 2426.30642894
15860000 2426.34675853
15870000 2426.38706203
15880000 2426.42733947
15890000 2426.46759089
15900000 2426.50781632
15910000 2426.54801579
15920000 2426.58818933
15930000 2426.62833699
15940000 2426.66845878
15950000 2426.70855475
15960000 2426.74862493
15970000 2426.78866935
15980000 2426.82868804
15990000 2426.86868104
16000000 2426.90864838
16010000 2426.94859008
16020000 2426.98850619
16030000 2427.02839674
16040000 2427.06826175
16050000 2427.10810126
16060000 2427.14791531
16070000 2427.18770391
16080000 2427.22746712
16090000 2427.26720495
16100000 2427.30691745
16110000 2427.34660464
16120000 2427.38626655
16130000 2427.42590321
16140000 2427.46551467
16150000 2427.50510094
16160000 2427.54466207
16170000 2427.58419808
16180000 2427.623709
16190000 2427.66319487
16200000 2427.70265571
16210000 2427.74209156
16220000 2427.78150246
16230000 2427.82088842
16240000 2427.86024948
16250000 2427.89958568
16260000 2427.93889704
16270000 2427.9781836
16280000 2428.01744538
16290000 2428.05668241
16300000 2428.09589474
16310000 2428.13508238
16320000 2428.17424538
16330000 2428.21338375
16340000 2428.25249753
16350000 2428.29158675
16360000 2428.33065144
16370000 2428.36969164
16380000 2428.40870736
16390000 2428.44769865
16400000 2428.48666553
16410000 2428.52560803
16420000 2428.56452618
16430000 2428.60342002
16440000 2428.64228957
16450000 2428.68113486
16460000 2428.71995592
16470000 2428.75875279
16480000 2428.79752549
16490000 2428.83627404
16500000 2428.8749985
16510000 2428.91369887
16520000 2428.95237519
16530000 2428.99102749
16540000 2429.0296558
16550000 2429.06826015
16560000 2429.10684057
16570000 2429.14539708
16580000 2429.18392973
16590000 2429.22243853
16600000 2429.26092351
16610000 2429.29938471
16620000 2429.33782215
16630000 2429.37623586
16640000 2429.41462587
16650000 2429.45299222
16660000 2429.49133492
16670000 2429.52965401
16680000 2429.56794951
16690000 2429.60622147
16700000 2429.64446989
16710000 2429.68269482
16720000 2429.72089627
16730000 2429.75907429
16740000 2429.79722889
16750000 2429.83536011
16760000 2429.87346797
16770000 2429.91155251
16780000 2429.94961375
16790000 2429.98765171
16800000 2430.02566643
16810000 2430.06365794
16820000 2430.10162626
16830000 2430.13957141
16840000 2430.17749344
16850000 2430.21539237
16860000 2430.25326822
16870000 2430.29112102
16880000 2430.3289508
16890000 2430.36675758
16900000 2430.40454141
16910000 2430.44230229
16920000 2430.48004027
16930000 2430.51775536
16940000 2430.55544759
16950000 2430.593117
16960000 2430.63076361
16970000 2430.66838745
16980000 2430.70598854
16990000 2430.74356691
17000000 2430.78112258
17010000 2430.8186556
17020000 2430.85616597
17030000 2430.89365374
17040000 2430.93111892
17050000 2430.96856154
17060000 2431.00598164
17070000 2431.04337923
17080000 2431.08075434
17090000 2431.118107
17100000 2431.15543724
17110000 2431.19274508
17120000 2431.23003056
17130000 2431.26729369
17140000 2431.3045345
17150000 2431.34175302
17160000 2431.37894927
17170000 2431.41612329
17180000 2431.45327509
17190000 2431.49040471
17200000 2431.52751217
17210000 2431.5645975
17220000 2431.60166072
17230000 2431.63870185
17240000 2431.67572093
17250000 2431.71271799
17260000 2431.74969303
17270000 2431.7866461
17280000 2431.82357722
17290000 2431.86048641
17300000 2431.8973737
17310000 2431.93423912
17320000 2431.97108268
17330000 2432.00790443
17340000 2432.04470437
17350000 2432.08148254
17360000 2432.11823897
17370000 2432.15497367
17380000 2432.19168667
17390000 2432.22837801
17400000 2432.2650477
17410000 2432.30169576
17420000 2432.33832223
17430000 2432.37492713
17440000 2432.41151049
17450000 2432.44807233
17460000 2432.48461266
17470000 2432.52113153
17480000 2432.55762896
17490000 2432.59410496
17500000 2432.63055957
17510000 2432.6669928
17520000 2432.70340469
17530000 2432.73979526
17540000 2432.77616453
17550000 2432.81251253
17560000 2432.84883928
17570000 2432.88514481
17580000 2432.92142914
17590000 2432.95769229
17600000 2432.99393429
17610000 2433.03015517
17620000 2433.06635495
17630000 2433.10253365
17640000 2433.1386913
17650000 2433.17482792
17660000 2433.21094353
17670000 2433.24703817
17680000 2433.28311184
17690000 2433.31916459
17700000 2433.35519643
17710000 2433.39120738
17720000 2433.42719747
17730000 2433.46316673
17740000 2433.49911517
17750000 2433.53504283
17760000 2433.57094972
17770000 2433.60683586
17780000 2433.64270129
17790000 2433.67854603
17800000 2433.71437009
17810000 2433.75017351
17820000 2433.78595631
17830000 2433.8217185
17840000 2433.85746012
17850000 2433.89318118
17860000 2433.92888172
17870000 2433.96456174
17880000 2434.00022129
17890000 2434.03586037
17900000 2434.07147902
17910000 2434.10707725
17920000 2434.14265509
17930000 2434.17821257
17940000 2434.21374969
17950000 2434.2492665
17960000 2434.28476301
17970000 2434.32023924
17980000 2434.35569522
17990000 2434.39113097
18000000 2434.42654652
18010000 2434.46194187
18020000 2434.49731707
18030000 2434.53267213
18040000 2434.56800707
18050000 2434.60332191
18060000 2434.63861669
18070000 2434.67389141
18080000 2434.70914611
18090000 2434.74438081
18100000 2434.77959552
18110000 2434.81479028
18120000 2434.84996509
18130000 2434.88512
18140000 2434.92025501
18150000 2434.95537015
18160000 2434.99046544
18170000 2435.02554091
18180000 2435.06059657
18190000 2435.09563245
18200000 2435.13064858
18210000 2435.16564496
18220000 2435.20062163
18230000 2435.23557861
18240000 2435.27051591
18250000 2435.30543357
18260000 2435.3403316
18270000 2435.37521002
18280000 2435.41006885
18290000 2435.44490813
18300000 2435.47972786
18310000 2435.51452807
18320000 2435.54930879
18330000 2435.58407003
18340000 2435.61881181
18350000 2435.65353416
18360000 2435.6882371
18370000 2435.72292065
18380000 2435.75758483
18390000 2435.79222967
18400000 2435.82685517
18410000 2435.86146138
18420000 2435.89604829
18430000 2435.93061595
18440000 2435.96516436
18450000 2435.99969356
18460000 2436.03420355
18470000 2436.06869437
18480000 2436.10316603
18490000 2436.13761856
18500000 2436.17205197
18510000 2436.20646628
18520000 2436.24086153
18530000 2436.27523772
18540000 2436.30959488
18550000 2436.34393303
18560000 2436.37825219
18570000 2436.41255238
18580000 2436.44683362
18590000 2436.48109593
18600000 2436.51533934
18610000 2436.54956386
18620000 2436.58376952
18630000 2436.61795633
18640000 2436.65212431
18650000 2436.6862735
18660000 2436.72040389
18670000 2436.75451553
18680000 2436.78860842
18690000 2436.82268259
18700000 2436.85673805
18710000 2436.89077484
18720000 2436.92479296
18730000 2436.95879244
18740000 2436.99277329
18750000 2437.02673555
18760000 2437.06067923
18770000 2437.09460434
18780000 2437.12851092
18790000 2437.16239897
18800000 2437.19626852
18810000 2437.23011959
18820000 2437.2639522
18830000 2437.29776636
18840000 2437.33156211
18850000 2437.36533945
18860000 2437.39909841
18870000 2437.43283901
18880000 2437.46656127
18890000 2437.5002652
18900000 2437.53395083
18910000 2437.56761818
18920000 2437.60126726
18930000 2437.6348981
18940000 2437.66851072
18950000 2437.70210513
18960000 2437.73568135
18970000 2437.76923941
18980000 2437.80277932
18990000 2437.8363011
19000000 2437.86980477
19010000 2437.90329036
19020000 2437.93675787
19030000 2437.97020734
19040000 2438.00363877
19050000 2438.03705219
19060000 2438.07044762
19070000 2438.10382508
19080000 2438.13718458
19090000 2438.17052614
19100000 2438.20384979
19110000 2438.23715554
19120000 2438.27044341
19130000 2438.30371343
19140000 2438.3369656
19150000 2438.37019995
19160000 2438.4034165
19170000 2438.43661526
19180000 2438.46979626
19190000 2438.50295951
19200000 2438.53610503
19210000 2438.56923285
19220000 2438.60234298
19230000 2438.63543543
19240000 2438.66851023
19250000 2438.7015674
19260000 2438.73460695
19270000 2438.7676289
19280000 2438.80063327
19290000 2438.83362009
19300000 2438.86658936
19310000 2438.89954111
19320000 2438.93247535
19330000 2438.96539211
19340000 2438.9982914
19350000 2439.03117323
19360000 2439.06403764
19370000 2439.09688463
19380000 2439.12971423
19390000 2439.16252645
19400000 2439.19532132
19410000 2439.22809884
19420000 2439.26085903
19430000 2439.29360193
19440000 2439.32632754
19450000 2439.35903587
19460000 2439.39172696
19470000 2439.42440082
19480000 2439.45705746
19490000 2439.4896969
19500000 2439.52231917
19510000 2439.55492427
19520000 2439.58751223
19530000 2439.62008307
19540000 2439.6526368
19550000 2439.68517344
19560000 2439.717693
19570000 2439.75019551
19580000 2439.78268099
19590000 2439.81514945
19600000 2439.8476009
19610000 2439.88003537
19620000 2439.91245287
19630000 2439.94485343
19640000 2439.97723705
19650000 2440.00960376
19660000 2440.04195358
19670000 2440.07428651
19680000 2440.10660258
19690000 2440.13890181
19700000 2440.17118422
19710000 2440.20344981
19720000 2440.23569861
19730000 2440.26793063
19740000 2440.3001459
19750000 2440.33234443
19760000 2440.36452623
19770000 2440.39669132
19780000 2440.42883973
19790000 2440.46097147
19800000 2440.49308655
19810000 2440.52518499
19820000 2440.55726681
19830000 2440.58933203
19840000 2440.62138066
19850000 2440.65341272
19860000 2440.68542823
19870000 2440.7174272
19880000 2440.74940965
19890000 2440.7813756
19900000 2440.81332507
19910000 2440.84525806
19920000 2440.8771746
19930000 2440.90907471
19940000 2440.9409584
19950000 2440.97282569
19960000 2441.00467659
19970000 2441.03651112
19980000 2441.0683293
19990000 2441.10013115
20000000 2441.13191668
20010000 2441.1636859
20020000 2441.19543884
20030000 2441.22717551
20040000 2441.25889592
20050000 2441.2906001
20060000 2441.32228806
20070000 2441.35395982
20080000 2441.38561539
20090000 2441.41725479
20100000 2441.44887803
20110000 2441.48048513
20120000 2441.51207612
20130000 2441.54365099
20140000 2441.57520978
20150000 2441.6067525
20160000 2441.63827915
20170000 2441.66978977
20180000 2441.70128436
20190000 2441.73276294
20200000 2441.76422553
20210000 2441.79567214
20220000 2441.82710279
20230000 2441.8585175
20240000 2441.88991628
20250000 2441.92129914
20260000 2441.95266611
20270000 2441.9840172
20280000 2442.01535242
20290000 2442.04667179
20300000 2442.07797533
20310000 2442.10926305
20320000 2442.14053497
20330000 2442.1717911
20340000 2442.20303147
20350000 2442.23425607
20360000 2442.26546494
20370000 2442.29665809
20380000 2442.32783553
20390000 2442.35899728
20400000 2442.39014335
20410000 2442.42127376
20420000 2442.45238852
20430000 2442.48348765
20440000 2442.51457117
20450000 2442.5456391
20460000 2442.57669143
20470000 2442.6077282
20480000 2442.63874942
20490000 2442.6697551
20500000 2442.70074526
20510000 2442.73171991
20520000 2442.76267908
20530000 2442.79362276
20540000 2442.82455099
20550000 2442.85546377
20560000 2442.88636112
20570000 2442.91724305
20580000 2442.94810959
20590000 2442.97896074
20600000 2443.00979652
20610000 2443.04061695
20620000 2443.07142204
20630000 2443.10221181
20640000 2443.13298626
20650000 2443.16374542
20660000 2443.19448931
20670000 2443.22521793
20680000 2443.2559313
20690000 2443.28662944
20700000 2443.31731235
20710000 2443.34798007
20720000 2443.37863259
20730000 2443.40926994
20740000 2443.43989213
20750000 2443.47049918
20760000 2443.5010911
20770000 2443.5316679
20780000 2443.5622296
20790000 2443.59277621
20800000 2443.62330776
20810000 2443.65382424
20820000 2443.68432569
20830000 2443.71481211
20840000 2443.74528351
20850000 2443.77573992
20860000 2443.80618135
20870000 2443.83660781
20880000 2443.86701931
20890000 2443.89741587
20900000 2443.92779751
20910000 2443.95816424
