210000 18.89112392544597
420000 13.645159245642969
630000 11.278827054249215
840000 9.84040928396872
1050000 8.858502207952997
1260000 8.131758256892953
1470000 7.56191957907739
1680000 7.0988919421078345
1890000 6.713428695183424
2100000 6.385309390600618
2310000 6.107167387273272
2520000 5.860224851718098
2730000 5.642115672023986
2940000 5.447062941675385
3150000 5.272061065722885
3360000 5.11300899882638
3570000 4.968207115357037
3780000 4.835193036956514
3990000 4.71316316534871
4200000 4.599633655546916
4410000 4.494668938545206
