10000 167.92435825502767
20000 117.56430279561549
30000 77.66237325049056
40000 57.08243676184322
50000 56.46582202316612
60000 56.09670615541645
70000 44.103175554456776
80000 30.06972504433999
90000 28.322236855640362
100000 26.475543344335016
110000 23.167505878847496
120000 20.538321741984344
130000 16.739195226839886
140000 15.638411607925672
150000 15.032150048105512
160000 14.747417290219774
170000 14.358705498781294
180000 13.973770507026456
190000 13.6821270768131
200000 13.166094533832412
210000 12.743864336612921
220000 12.571769723787334
230000 12.3650195190103
240000 12.168825811034935
250000 12.019926192687015
260000 11.847111553933566
270000 11.656198485433414
280000 11.494918820584244
290000 11.31938388580515
300000 11.152175119618207
310000 10.989415058377764
320000 10.833757021896579
330000 10.68728383094631
340000 10.540085139390243
350000 10.380568744341922
360000 10.24809378017633
370000 10.12673998269905
380000 10.014720217225575
390000 9.878664666838292
400000 9.764876040215048
410000 9.657592961304466
420000 9.52635781828246
430000 9.425056902237149
440000 9.324356809083168
450000 9.220833889374033
460000 9.16592051078833
470000 9.084426500056885
480000 8.978653351036083
490000 8.89536588626257
500000 8.79553520992032
510000 8.70361657703892
520000 8.622788721216944
530000 8.543230611970014
540000 8.456910227872157
550000 8.36869523903253
560000 8.297604529409027
570000 8.229395942493364
580000 8.166917839892557
590000 8.107276493199262
600000 8.044968604780664
610000 7.985625060163575
620000 7.925704115848715
630000 7.86456052859697
640000 7.802462008222079
650000 7.751316742497316
660000 7.695839577965184
670000 7.6454855534868615
680000 7.592064342184788
690000 7.543750868295752
700000 7.491706539385014
710000 7.445590588498633
720000 7.397048108063569
730000 7.350407018963866
740000 7.306685678495376
750000 7.260976965213704
760000 7.21673342784535
770000 7.170326178519349
780000 7.133618276407779
790000 7.092229720262434
800000 7.049915249021311
810000 7.006569581518417
820000 6.963425643631764
830000 6.927960029332715
840000 6.890037053977653
850000 6.843739060352791
860000 6.796165368583595
870000 6.760300910250405
880000 6.720905741851954
890000 6.682566222752701
900000 6.648679351224024
910000 6.6136974823261925
920000 6.57765729117138
930000 6.544773919615683
940000 6.508907880246753
950000 6.477609782690868
960000 6.44947146382353
970000 6.422116516830058
980000 6.387717606701921
990000 6.354437254215802
1000000 6.324143238397343
1010000 6.293216959788302
1020000 6.261472479882469
1030000 6.233309822913375
1040000 6.207291330629168
1050000 6.182957682148122
1060000 6.15391424703438
1070000 6.12281770066448
1080000 6.0976368975684405
1090000 6.072962976853956
1100000 6.044831875559026
1110000 6.019675571315024
1120000 5.994666306332795
1130000 5.97111362434164
1140000 5.947802385832593
1150000 5.923638389620409
1160000 5.89756650417003
1170000 5.872089953974501
1180000 5.8500119043318595
1190000 5.826392367230955
1200000 5.80313108585146
1210000 5.77971326412474
1220000 5.7564205873878205
1230000 5.733383703520635
1240000 5.71269578553351
1250000 5.691183550857057
1260000 5.668854668495157
1270000 5.648185598495726
1280000 5.628321476241617
1290000 5.60644937809118
1300000 5.585274430066137
1310000 5.565987032868803
1320000 5.544775167711607
1330000 5.52403353325109
1340000 5.506334481726007
1350000 5.486166803549256
1360000 5.4639936251625745
1370000 5.444484124273305
1380000 5.42612126302329
1390000 5.407686365219294
1400000 5.390572564249646
1410000 5.371204731709238
1420000 5.352065685938133
1430000 5.335999751316798
1440000 5.317828643082726
1450000 5.300392458979606
1460000 5.283530191280891
1470000 5.267111986936993
1480000 5.25022949055835
1490000 5.231055834334936
1500000 5.21353812589083
1510000 5.19702006116049
1520000 5.180900927511591
1530000 5.165119541061031
1540000 5.150336292332223
1550000 5.134952002277471
1560000 5.120550972062894
1570000 5.103221876270489
1580000 5.087182185091642
1590000 5.071308382954473
1600000 5.055238197965443
1610000 5.040791310570181
1620000 5.026863074465559
1630000 5.011906029500618
1640000 4.996261816828038
1650000 4.981127604949033
1660000 4.96757624112589
1670000 4.953999731682044
1680000 4.937265134406918
1690000 4.923408644638189
1700000 4.910053884614352
1710000 4.897344911910275
1720000 4.88431355268237
1730000 4.8713090879537715
1740000 4.857292909595274
1750000 4.84498660637963
1760000 4.831936346405079
1770000 4.819186666548522
1780000 4.807359164031824
1790000 4.794287599919656
1800000 4.782756047691434
1810000 4.769649910300226
1820000 4.757382087607796
1830000 4.74510366043804
1840000 4.735152177259126
1850000 4.722659323686326
1860000 4.710752218945537
1870000 4.699487645844367
1880000 4.687626532126342
1890000 4.675001467274467
1900000 4.664093804011024
1910000 4.652174730280247
1920000 4.640708232831849
1930000 4.628595251869221
1940000 4.616863575573797
1950000 4.605382806488032
1960000 4.593267775917338
1970000 4.582280238368662
1980000 4.572830589068565
1990000 4.561660435828686
2000000 4.550878344688021
2010000 4.539743853121781
2020000 4.52856016048236
2030000 4.517138207203537
2040000 4.506709838796545
2050000 4.495965106469291
2060000 4.486177695614387
2070000 4.475277244136705
2080000 4.466026135104689
2090000 4.457515268179602
2100000 4.447526070859774
2110000 4.438184781457666
2120000 4.428629702521597
2130000 4.4187287927717085
2140000 4.407796123733196
2150000 4.398273654318255
2160000 4.390225941708682
2170000 4.381002155897951
2180000 4.370926157109629
2190000 4.362572172153432
2200000 4.351980733447041
2210000 4.341425331314255
2220000 4.332012714845051
2230000 4.323621911992537
2240000 4.313372194400336
2250000 4.304720211599616
2260000 4.295882816401179
2270000 4.286260316904817
2280000 4.277114464975776
2290000 4.268239158367507
2300000 4.259465891832479
2310000 4.251208354621071
2320000 4.242051407733232
2330000 4.232453998571471
2340000 4.223859276021846
2350000 4.214166790348137
2360000 4.205606124478396
2370000 4.1962917486922935
2380000 4.18807476204326
2390000 4.179994934672447
2400000 4.170855186958246
2410000 4.163342764567513
2420000 4.155696228125941
2430000 4.147667920729732
2440000 4.139395083948934
2450000 4.131444877065609
2460000 4.123575901857826
2470000 4.1153073225232
2480000 4.107392925676905
2490000 4.0996349484996095
2500000 4.09128218650302
2510000 4.083035755260871
2520000 4.075084191441775
2530000 4.067538056815745
2540000 4.059661681094828
2550000 4.052173577265946
2560000 4.044930463026604
2570000 4.038211252529923
2580000 4.030127762777578
2590000 4.023038645550443
2600000 4.015653645147736
2610000 4.007558690747388
2620000 4.001121248068392
2630000 3.994294682401154
2640000 3.9871977116567985
2650000 3.9801838360738064
2660000 3.972894060496639
2670000 3.9658829862922196
2680000 3.9575429776925963
2690000 3.950625803196945
2700000 3.9437653953953755
2710000 3.937347552990265
2720000 3.9312010924290495
2730000 3.9251650199539596
2740000 3.918706787782149
2750000 3.911867001444984
2760000 3.904359145439834
2770000 3.8979520467568145
2780000 3.891327778099478
2790000 3.8852704443290125
2800000 3.878926063428142
2810000 3.872033143417
2820000 3.8647799874760307
2830000 3.858788788621909
2840000 3.852386935708815
2850000 3.845683110201193
2860000 3.8384132189760876
2870000 3.8315594273433495
2880000 3.8251961272735224
2890000 3.8190096451859583
2900000 3.8137174397204374
2910000 3.807572414138747
2920000 3.8022848440718757
2930000 3.7962031137970977
2940000 3.790232802537424
2950000 3.7844824364967153
2960000 3.7785758151661786
2970000 3.772698874881855
2980000 3.7667851414315114
2990000 3.7599344032448285
3000000 3.7538490323354936
3010000 3.748148163008536
3020000 3.742101896035068
3030000 3.7364178215986406
3040000 3.7305283753324257
3050000 3.7248494528137877
3060000 3.718056606245741
3070000 3.713377418868351
3080000 3.707872611502569
3090000 3.7028011457203553
3100000 3.6958598898701736
3110000 3.6904513571864395
3120000 3.6848914817499843
3130000 3.6787710330109777
3140000 3.6732356060990186
3150000 3.667971266892131
3160000 3.6622915175386432
3170000 3.657349120814204
3180000 3.6517728378377337
3190000 3.6465457396877863
3200000 3.64071614987255
3210000 3.6355321614847824
3220000 3.6303454971066587
3230000 3.625577981059275
3240000 3.620272971370603
3250000 3.615073167763625
3260000 3.6095407937866257
3270000 3.605236835137608
3280000 3.599598804666788
3290000 3.594546322132059
3300000 3.589877046464106
3310000 3.5840720545047287
3320000 3.579547194800308
3330000 3.573972370535838
3340000 3.568626871134715
3350000 3.5634957911850655
3360000 3.558252782779306
3370000 3.553663845629924
3380000 3.5482274284007556
3390000 3.5425690765637508
3400000 3.5378121754555862
3410000 3.532786011168296
3420000 3.5277943919983747
3430000 3.522768374810445
3440000 3.5181147233402768
3450000 3.513499320812821
3460000 3.508243002196334
3470000 3.50351584765912
3480000 3.4987286569855245
3490000 3.493946671133732
3500000 3.4893882397908795
3510000 3.4848157863456057
3520000 3.4797999313330066
3530000 3.475201543461343
3540000 3.4701845233484043
3550000 3.465754915645708
3560000 3.4613188852681507
3570000 3.4565435779444877
3580000 3.4521173851324116
3590000 3.4474565883570047
3600000 3.442359966544966
3610000 3.437943634881478
3620000 3.433475059618775
3630000 3.4288303637946362
3640000 3.424398489171732
3650000 3.4196559925805143
3660000 3.4153557593024293
3670000 3.4106377234425573
3680000 3.4059714158540313
3690000 3.4017300393166154
3700000 3.3966697530496903
3710000 3.3918135787963526
3720000 3.387481169315448
3730000 3.382807134372384
3740000 3.3784727457296237
3750000 3.3744575510780903
3760000 3.3703444326475456
3770000 3.366179794061521
3780000 3.3616388427472357
3790000 3.357800490986378
3800000 3.353893259798301
3810000 3.3500041543951893
3820000 3.34609746947706
3830000 3.3414882164335937
3840000 3.337438572052294
3850000 3.333141831502019
3860000 3.329189550231758
3870000 3.325191891715677
3880000 3.320911750577685
3890000 3.316560467992339
3900000 3.3127765624045318
3910000 3.3086909204421935
3920000 3.304854376941608
3930000 3.3008168173701717
3940000 3.296795303358637
3950000 3.2924922807983648
3960000 3.2884244049749567
3970000 3.284345900002623
3980000 3.280123917127454
3990000 3.275864580211594
4000000 3.271741572276925
4010000 3.2683410554800725
4020000 3.264710065488494
4030000 3.260650242101362
4040000 3.2568742759668026
4050000 3.253151972240878
4060000 3.249626011884231
4070000 3.2459784021609206
4080000 3.2424858995597474
4090000 3.238839610824333
4100000 3.234974482511064
4110000 3.2314460545853922
4120000 3.227211135208216
4130000 3.2235715320389025
4140000 3.219732185469421
4150000 3.216145881945932
4160000 3.2129119324124362
4170000 3.2093362486498185
4180000 3.2058442710732775
4190000 3.2026185929565982
4200000 3.199424827387237
4210000 3.1957973459527134
4220000 3.1923429105757
4230000 3.1890532420110507
4240000 3.18545244241693
4250000 3.1813134715137346
4260000 3.1778153177946145
4270000 3.1748338359128674
4280000 3.171656685389331
4290000 3.1678743033524714
4300000 3.1645486370661255
4310000 3.1603985635982252
4320000 3.1568617191279813
4330000 3.1534776326200835
4340000 3.1499381136170577
4350000 3.146570583561135
4360000 3.143142182345734
4370000 3.1390697001300962
4380000 3.1355214275816046
4390000 3.132340855923744
4400000 3.1286638132635765
4410000 3.125905179532363
4420000 3.1222473425680857
4430000 3.119071469228946
4440000 3.1157898346660886
4450000 3.11239468852834
4460000 3.109364784638607
4470000 3.105699113614774
4480000 3.102658974352351
4490000 3.0994493095800975
4500000 3.096155443483197
4510000 3.092735586980415
4520000 3.089460503803515
4530000 3.0862330371162776
4540000 3.082973314546944
4550000 3.0795830677968103
4560000 3.076789531858695
4570000 3.073465069923678
4580000 3.07051402833165
4590000 3.06704699827737
4600000 3.0634924527985428
4610000 3.0601645460224924
4620000 3.0573911625932078
4630000 3.0542246151781747
4640000 3.0511760424945593
4650000 3.0482738586290425
4660000 3.0448452445517242
4670000 3.0416137474364757
4680000 3.0387730478481716
4690000 3.0362222834011963
4700000 3.0332089021037567
4710000 3.029777178856722
4720000 3.0267069502184114
4730000 3.023600755721022
4740000 3.0201362842237414
4750000 3.017167134423936
4760000 3.013994970630182
4770000 3.011084209430711
4780000 3.007856900987094
4790000 3.0050380829303083
4800000 3.0024172138105616
4810000 2.9992097066552894
4820000 2.9967560258339736
4830000 2.9937677006572394
4840000 2.990075199306807
4850000 2.9868247548015563
4860000 2.9839426054010976
4870000 2.981296784917892
4880000 2.978516459721897
4890000 2.9754337917130576
4900000 2.9725344058117544
4910000 2.969718356200309
4920000 2.966568963549639
4930000 2.9638784389446826
4940000 2.961086348946419
4950000 2.958255686274143
4960000 2.9558008907614384
4970000 2.952825923642716
4980000 2.9498225152137576
4990000 2.947109236140675
5000000 2.943965255835071
5010000 2.9413992217301757
5020000 2.938446253236442
5030000 2.935509405516947
5040000 2.932848859644523
5050000 2.930203847308212
5060000 2.9274860758128396
5070000 2.924731119108118
5080000 2.9223250623768737
5090000 2.919405208583789
5100000 2.9164714575658226
5110000 2.913940960817131
5120000 2.910992378016055
5130000 2.908473221901482
5140000 2.905907163883881
5150000 2.9031478683152825
5160000 2.900167778431203
5170000 2.897237996310708
5180000 2.8942488743125487
5190000 2.891774119207756
5200000 2.8891890935928775
5210000 2.8864631279225494
5220000 2.884087380307729
5230000 2.88126411978197
5240000 2.878678544141761
5250000 2.8757086753724423
5260000 2.8731439693170078
5270000 2.8704983776748136
5280000 2.8678543924171422
5290000 2.8646494652356367
5300000 2.8623014531966864
5310000 2.8597089081278337
5320000 2.8569597065603025
5330000 2.8543931416598207
5340000 2.851863629135398
5350000 2.849257441300015
5360000 2.8470348706907695
5370000 2.844497056854466
5380000 2.8422404310790452
5390000 2.839801471096044
5400000 2.8372795367915864
5410000 2.834335579418615
5420000 2.8318241168083254
5430000 2.8291603558515384
5440000 2.8266908339029184
5450000 2.8241630858330513
5460000 2.8216012241478388
5470000 2.819220941403482
5480000 2.8166813855140944
5490000 2.813640896762312
5500000 2.8113832233787335
5510000 2.8091970160792568
5520000 2.806647631264754
5530000 2.803989866642139
5540000 2.801678938661987
5550000 2.7995874329562924
5560000 2.797261904900105
5570000 2.7950458080239677
5580000 2.7928220841792215
5590000 2.790429924915357
5600000 2.787632937897005
5610000 2.785412092468803
5620000 2.7829880032130405
5630000 2.7802597012413983
5640000 2.778030687913783
5650000 2.7755294836878184
5660000 2.7734247940058805
5670000 2.770918541163067
5680000 2.7684034008220015
5690000 2.765825306938983
5700000 2.763465232211006
5710000 2.7612822391701695
5720000 2.7591099901939806
5730000 2.7564019688632797
5740000 2.7542164203709065
5750000 2.751959142533087
5760000 2.749711564130654
5770000 2.7475702237177067
5780000 2.745384584691316
5790000 2.7432158588397204
5800000 2.7409779375964876
5810000 2.738609096521554
5820000 2.7361992873993226
5830000 2.733962944431265
5840000 2.7316856529335447
5850000 2.7292256163526663
5860000 2.7271804470527856
5870000 2.724894873459515
5880000 2.722517449169355
5890000 2.720333870868722
5900000 2.717972897541974
5910000 2.715652713202573
5920000 2.7136019999154652
5930000 2.7113087021269595
5940000 2.7087980648528815
5950000 2.706632270724193
5960000 2.704666195792326
5970000 2.7025908106597223
5980000 2.7007246654214767
5990000 2.698372608635748
6000000 2.696421393061681
6010000 2.694175754037447
6020000 2.6921264522811126
6030000 2.6901784234624446
6040000 2.68764760488842
6050000 2.685482698798262
6060000 2.683610628773935
6070000 2.6814807643926932
6080000 2.679334937195052
6090000 2.677281607358275
6100000 2.6750437593621528
6110000 2.6727392353389487
6120000 2.670652809955712
6130000 2.6685530876924117
6140000 2.666393708504577
6150000 2.664458649157234
6160000 2.6622946010454847
6170000 2.6602996801513368
6180000 2.6584807693442882
6190000 2.656506104263356
6200000 2.6541989238930634
6210000 2.6519383299982873
6220000 2.65009608541457
6230000 2.6479930476827285
6240000 2.6461291963759717
6250000 2.6440965257785294
6260000 2.6421712764645107
6270000 2.64032216891404
6280000 2.638494876797927
6290000 2.6363911270223697
6300000 2.634412259988121
6310000 2.6324536093111957
6320000 2.630616383408247
6330000 2.6287583359198186
6340000 2.6267732916776385
6350000 2.625008733439052
6360000 2.6228814587236142
6370000 2.6211234307419806
6380000 2.6191176513956003
6390000 2.617129562164429
6400000 2.6152019166214813
6410000 2.613191345640552
6420000 2.6109055640276866
6430000 2.608909236017978
6440000 2.606897051159936
6450000 2.6048349303573763
6460000 2.602955818694436
6470000 2.6011766130236107
6480000 2.5992359330928307
6490000 2.5973683196571744
6500000 2.5955886166118405
6510000 2.5935059811109222
6520000 2.591545320709516
6530000 2.58958521782871
6540000 2.587643391978529
6550000 2.585769609325339
6560000 2.5835688573515077
6570000 2.5815550864697943
6580000 2.5797591752565476
6590000 2.5778772757780066
6600000 2.5757873940936413
6610000 2.57403392973873
6620000 2.5725025614659898
6630000 2.5708666827943603
6640000 2.5690529042947743
6650000 2.567219738491529
6660000 2.5653800106616202
6670000 2.5636680861980827
6680000 2.5620621509757346
6690000 2.5601048742794257
6700000 2.5583194024779483
6710000 2.556373801619754
6720000 2.5545850253976634
6730000 2.5527232878620985
6740000 2.5507918238279665
6750000 2.548723641999104
6760000 2.5471623357473105
6770000 2.5452332940878235
6780000 2.5432125409706794
6790000 2.541364413049618
6800000 2.539637127432395
6810000 2.5379924744007565
6820000 2.536198377580106
6830000 2.5343891742192106
