10000 26.196926640761266
20000 19.655778728233155
30000 15.310221795051147
40000 13.179608727151107
50000 12.570347089421885
60000 10.817307886671754
70000 10.285610570286009
80000 10.017847029014005
90000 9.413594972030989
100000 8.522170981542226
110000 8.490061888531768
120000 8.09427811737576
130000 7.402022385724725
140000 6.975574224665968
150000 6.962846294334734
160000 6.525203865619396
170000 6.1469746826550296
180000 5.928287440084499
190000 5.670126655246974
200000 5.687206714978121
210000 5.485118083921004
220000 5.215695241174264
230000 5.422090378625467
240000 4.920459760917642
250000 5.148224848002618
260000 5.035350958713582
270000 4.4541829049810175
280000 5.0806337737470475
290000 4.446208982000888
300000 4.20195517192239
310000 4.004490280210737
320000 4.3501148663221
330000 3.7939313869313143
340000 3.6746507937745645
350000 3.730647191632837
360000 3.860331926139156
370000 4.350215722136535
380000 3.5022872223399095
390000 3.865509189688097
400000 3.447526754071391
410000 3.3531031233313087
420000 3.2152946635469575
430000 3.262368729172764
440000 3.941318606219168
450000 3.545900528848699
460000 3.019140475463966
470000 2.9576556245782033
480000 2.8905540586770115
490000 2.793889906106225
500000 3.25480912165169
510000 2.713799056382509
520000 2.6830238217168945
530000 2.7759557291851946
540000 2.622320963217092
550000 2.709816764359345
560000 2.6786382969518847
570000 2.6594448741036394
580000 2.630774173486563
590000 2.4848808997846437
600000 2.7286208403626655
610000 2.4230575469257327
620000 2.8702861272075864
630000 2.367204649863516
640000 2.4484332240763433
650000 2.79299442972187
660000 2.2763004726824208
670000 2.3589153517691948
680000 2.201581682665127
690000 2.4666963799640804
700000 2.629751797095613
710000 2.4196921700149576
720000 2.1075134009886174
730000 2.0634102897803
740000 2.168340707330095
750000 2.146639769212587
760000 2.5026358577905667
770000 1.9769794729463175
780000 2.450414301306495
790000 1.9428965273858496
800000 1.9188964511361606
810000 2.3920041003545465
