100	17.28720721567591
200	12.5560420795209
300	9.976797755547425
400	8.475581781779782
500	7.7072268573539695
600	7.026807243244794
700	6.495766611305344
800	6.052133835099445
900	5.675235117870818
1000	5.374247133538766
1100	5.142330212161086
1200	4.91799396411367
1300	4.736801608794798
1400	4.5926608735188
1500	4.413278775369985
1600	4.274614343593779
1700	4.133621703295435
1800	4.01972291217255
1900	3.910525241499894
2000	3.7928767459721584
2100	3.702888381825857
2200	3.625809824312854
2300	3.544293311231231
2400	3.461903906656093
2500	3.392442944489609
2600	3.3221092504183747
2700	3.26740197868809
2800	3.2132016954882645
2900	3.152183134980476
3000	3.1011258355561058
3100	3.0460715600608292
3200	3.006212691323892
3300	2.960677807403158
3400	2.916289134833286
3500	2.8766411652343744
3600	2.838193776577868
3700	2.7942842930761134
3800	2.7557657015604913
3900	2.714906824998989
4000	2.680733685930363
4100	2.645576764830421
4200	2.6127716468505935
4300	2.5794336909559377
4400	2.553640385716181
4500	2.5266485803201117
4600	2.492109352474495
4700	2.46327504177274
4800	2.438637506414577
4900	2.4122156121175835
5000	2.3883022698474727
5100	2.3641537465715423
5200	2.34034203014686
5300	2.319627983932405
5400	2.2976763468976222
5500	2.2787637078703478
5600	2.2595993752096715
5700	2.236715596169809
5800	2.2166199540932165
5900	2.1977081966308836
6000	2.1832894146643067
6100	2.1674770120969544
6200	2.1505640644031114
6300	2.1361479433061406
6400	2.1194307854205774
6500	2.103800225399559
6600	2.0894167650027056
6700	2.0732897221794575
6800	2.058883143068119
6900	2.043427951381462
7000	2.0245305462672025
7100	2.009994797164535
7200	1.9973422121914295
7300	1.981290620814447
7400	1.9671146250058527
7500	1.9555064918108056
7600	1.9438372170404594
7700	1.9313677130145988
7800	1.9175595105432464
7900	1.906521990731209
8000	1.8952692660263561
8100	1.8835736899777333
8200	1.8723079418479394
8300	1.8595454250920924
8400	1.8488939681343228
8500	1.8390827915320616
8600	1.8285891852945149
8700	1.8181430747097407
8800	1.8082730357819399
8900	1.7984968440912892
9000	1.7873685719993428
9100	1.7771717842964405
9200	1.7672119764253207
9300	1.7578084034097086
9400	1.7480059993926707
9500	1.7390552622672624
9600	1.7294804450899426
9700	1.7195570420813535
9800	1.7122607621843637
9900	1.7041284498721594
10000	1.6950118536515988
10100	1.686631022738013
10200	1.6764520866170574
10300	1.6698411755819293
10400	1.6621877136388283
10500	1.6543249979729069
10600	1.6465964347007027
10700	1.638517242169533
10800	1.6304480180278353
10900	1.6233412278076849
11000	1.616729686612248
11100	1.609461469944585
11200	1.601776158150829
11300	1.5956005945595184
11400	1.5881618464890996
11500	1.5812188374936396
11600	1.5728372059892977
11700	1.566331139981852
11800	1.5594450068173498
11900	1.5526424575497486
12000	1.5465556061568293
12100	1.5401992957413284
12200	1.5341541458706276
12300	1.52868915505898
12400	1.5235592663147475
12500	1.5175301374600212
12600	1.512357021578099
12700	1.5067587015995372
12800	1.5007434571129012
12900	1.4949099742612417
13000	1.4889499884495367
13100	1.4840932829888183
13200	1.4775838055155206
13300	1.4706902769204029
13400	1.465481004475333
13500	1.460733478243054
13600	1.4543851328472297
13700	1.4489136284722297
13800	1.443739517924074
13900	1.4384260394174901
14000	1.4326257313815494
14100	1.4265401020441701
14200	1.4207458912785966
14300	1.4150966472947397
14400	1.4102271537409325
14500	1.404020689806866
14600	1.3984149615718768
14700	1.3937555667647907
14800	1.3898185391905673
14900	1.3855122280004677
15000	1.3805655726979338
15100	1.3749198136217449
15200	1.3696223114741368
15300	1.3649777348235226
15400	1.3608104364483484
15500	1.3558722723371626
15600	1.351685864701691
15700	1.347543403070404
15800	1.3425565021398693
15900	1.3380590462003312
16000	1.3343153942431571
16100	1.330909845249419
16200	1.325829663315966
16300	1.3218057351977606
16400	1.317487008425414
16500	1.3133605505053279
16600	1.3092328980428705
16700	1.304587705900818
16800	1.3003055793009453
16900	1.296242354658582
17000	1.2916969958973428
17100	1.2878986509972798
17200	1.285209698389194
17300	1.2814601393837826
17400	1.2779314465777167
17500	1.274061152041953
17600	1.2704498598153666
17700	1.266915240906869
17800	1.2634331053048509
17900	1.2597123947943347
18000	1.2569321066361945
18100	1.2532124983264614
18200	1.2504699793091485
18300	1.2469437865963795
18400	1.2435043083718424
18500	1.2399139440934404
18600	1.2354069967671661
18700	1.2316178098678447
18800	1.2286098117786646
18900	1.2260145083012177
19000	1.2228096683140455
19100	1.219674100177574
19200	1.2159999568344988
19300	1.2128039730273827
19400	1.2102365581855379
19500	1.2063075779524342
19600	1.203552962972089
19700	1.2009230759904945
19800	1.1985370830694948
19900	1.1960873944939348
20000	1.1928778759490646
20100	1.1900308745127355
20200	1.1870725943765108
20300	1.184147250424358
20400	1.181222746040462
20500	1.1782560383917815
20600	1.1756532769896804
20700	1.1721439061646568
20800	1.1697057976018086
20900	1.1670053886469067
21000	1.1644137631566922
21100	1.1609883187438887
21200	1.1582518463330875
21300	1.154963909102135
21400	1.1514105303802555
21500	1.1482417476087976
21600	1.1448924411526091
21700	1.1415668037732345
21800	1.1385791203869213
21900	1.135759237176691
22000	1.1333350838737244
22100	1.1305834315650976
22200	1.1279142804318223
22300	1.125433574636491
22400	1.12289099302606
22500	1.1206185733695064
22600	1.1175630128609053
22700	1.1149409932628729
22800	1.1124122193200472
22900	1.109255669153921
23000	1.1069243372197715
23100	1.1042754937041572
23200	1.1016773348616211
23300	1.0991738479813153
23400	1.0964727699201662
23500	1.0943960011019196
23600	1.0916160784980666
23700	1.0889110213289577
23800	1.086683074376146
23900	1.0843754767266771
24000	1.0819405498623011
24100	1.0796030391077394
24200	1.0769789235699525
24300	1.074519573967063
24400	1.072177673696231
24500	1.0698939988626686
24600	1.066941879467664
24700	1.0646502085493466
24800	1.062491252177211
24900	1.0606371695661685
25000	1.058581403971119
25100	1.0566103038778671
25200	1.0541641863798956
25300	1.052239344823604
25400	1.05018151871658
25500	1.0480078399726258
25600	1.0460535137236726
25700	1.0439454276863183
25800	1.042214041810269
25900	1.0401195652425557
26000	1.0376957876272574
26100	1.0356395779289638
26200	1.0333503633937873
26300	1.0310175859661006
26400	1.0287047043749942
26500	1.0268279270714828
26600	1.0250874730774306
26700	1.0231253505540996
26800	1.0212063880121367
26900	1.0192929986675456
27000	1.01720630228307
27100	1.0152363389955978
27200	1.0135916655727804
27300	1.0115079119940735
27400	1.0094636602447125
27500	1.007674141890141
27600	1.0060085854093452
27700	1.00419772331328
27800	1.0022192009394248
27900	1.0002623245558444
28000	0.9985276532502825
28100	0.9967862636555485
28200	0.9945937178414509
28300	0.992818690914031
28400	0.9911923017408382
28500	0.9897616120623505
28600	0.9879858932489094
28700	0.9863472687337701
28800	0.9848375131875747
28900	0.9832219036962382
29000	0.9813566588240088
29100	0.9799877571345742
29200	0.9779358442204198
29300	0.9759722262137365
29400	0.974400080566732
29500	0.9729478881581164
29600	0.9712825626348847
29700	0.9695242652799677
29800	0.9673227317898957
29900	0.9657944743830789
30000	0.9642055119069046
30100	0.9621177896701609
30200	0.960315844779212
30300	0.9589359215907421
30400	0.9573675581373555
30500	0.9558367647245624
30600	0.9542217771713897
30700	0.9528205542162705
30800	0.9511102558936715
30900	0.9492929772264378
31000	0.9477935903058238
31100	0.9461686535435536
31200	0.9443511439194047
31300	0.9427536622980379
31400	0.9413809491263607
31500	0.9395544370485289
31600	0.9383780569211151
31700	0.9366718242426986
31800	0.934932696171793
31900	0.9335822705183999
32000	0.9318436576670068
32100	0.9298030614723413
32200	0.9285794126411094
32300	0.9271453159509021
32400	0.9257451667614572
32500	0.924070011256513
32600	0.9226500440589058
32700	0.921164046949539
32800	0.9195953555771326
32900	0.9183460659248672
33000	0.9167827478337408
33100	0.9151712544063231
33200	0.9133758676311203
33300	0.9117967911505533
33400	0.9104127025349377
33500	0.9090976215770675
33600	0.9078135528771788
33700	0.9064806424249254
33800	0.9052392196272652
33900	0.9040348513207862
34000	0.9027440248853186
34100	0.9009865105220196
34200	0.8995961197276351
34300	0.8981319693814706
34400	0.8969582517060937
34500	0.8957236813362667
34600	0.8945168902460292
34700	0.8932438903255837
34800	0.8918607809385417
34900	0.8907591854117982
35000	0.8893359723899856
35100	0.8878224565473065
35200	0.8865690427792994
35300	0.8851500348597228
35400	0.8838107256969262
35500	0.8827510179077147
35600	0.8815329689208977
35700	0.8800436736329995
35800	0.8787457717033909
35900	0.8773446736923365
36000	0.8762215700299882
36100	0.8748217863486871
36200	0.8740400742540042
36300	0.8728786998094694
36400	0.8716636183359566
36500	0.8702912326697403
36600	0.8691722815411077
36700	0.8680003387275266
36800	0.8667619971310667
36900	0.8654017142810072
37000	0.8641229102340995
37100	0.8630631090408722
37200	0.8619537176890182
37300	0.8607003373411605
