100	17.10457018081802
200	12.124170936949374
300	9.820175530800793
400	8.60316205010368
500	7.609404901993935
600	6.99792434155508
700	6.4790935067506545
800	6.059001468009129
900	5.741405572507371
1000	5.4202242083728
1100	5.177964057801439
1200	4.939282083420775
1300	4.7506480954737
1400	4.555334081592369
1500	4.3840512199362465
1600	4.23664855962128
1700	4.1100443341573385
1800	3.997486177151524
1900	3.8829907946055084
2000	3.7862885919280673
2100	3.696292726085623
2200	3.6053215494101782
2300	3.5220384802922973
2400	3.455287210444081
2500	3.3932191383891235
2600	3.3247088753155887
2700	3.2609400258364376
2800	3.196201675310615
2900	3.1429015290258753
3000	3.092760712757514
3100	3.0372026484445236
3200	2.9779176485916334
3300	2.931397765441575
3400	2.8808172606422286
3500	2.8398829307569997
3600	2.7969396030090112
3700	2.7605977381242273
3800	2.727510741741141
3900	2.6941831143169215
4000	2.660696551435834
4100	2.6330807972101415
4200	2.6011357773368653
4300	2.574239584418402
4400	2.5488328139235303
4500	2.524360927502265
4600	2.498735540255937
4700	2.4744136239974424
4800	2.4468012486391406
4900	2.422041412828703
5000	2.3963675624425265
5100	2.374705295591484
5200	2.3538352706322114
5300	2.3299495937753036
5400	2.3037651588370442
5500	2.28228535292414
5600	2.261182105800373
5700	2.242008413581136
5800	2.224076313494761
5900	2.2088680852750895
6000	2.1903176426079987
6100	2.1758145035432808
6200	2.161889665866977
6300	2.1447129318002927
6400	2.1267136732028145
6500	2.105872048189527
6600	2.0906270003333813
6700	2.0738642968599654
6800	2.0581129238362004
6900	2.0444653395217927
7000	2.032498094956286
7100	2.0185002879012552
7200	2.0038791834906444
7300	1.990700171091589
7400	1.9768554364842201
7500	1.9611577934728923
7600	1.9481599057512755
7700	1.935596089326682
7800	1.923430180279189
7900	1.9123261172203554
8000	1.898409579068221
8100	1.8851665086477987
8200	1.87356584312645
8300	1.860698031707736
8400	1.8483729131894102
8500	1.8377339167838702
8600	1.82684613988982
8700	1.8153332993677138
8800	1.801729140527098
8900	1.7901036437590863
9000	1.7801248528039244
9100	1.7701009974320692
9200	1.7594340364029464
9300	1.74886964420303
9400	1.74000562668353
9500	1.7294571056088748
9600	1.719629477079068
9700	1.7089833036983872
9800	1.7001805856838312
9900	1.6922987825064917
10000	1.683746291942659
10100	1.6761695615808379
10200	1.6687859571111938
10300	1.6612180085704396
10400	1.653877379885419
10500	1.6453783216312516
10600	1.6373458194039519
10700	1.629562359129148
10800	1.6227649951327492
10900	1.6150757436931804
11000	1.607778301758402
11100	1.6009544310162889
11200	1.5929928769826032
11300	1.586107436548858
11400	1.580555608628
11500	1.5729097495864548
11600	1.5647746280723944
11700	1.5583517833043037
11800	1.5526384580737846
11900	1.5463706654351894
12000	1.539471607889469
12100	1.5337793598337852
12200	1.5274354845233227
12300	1.5198099539398677
12400	1.5129342902111964
12500	1.5053617721097314
12600	1.5008309833827016
12700	1.4944107956541697
12800	1.4894051686753527
12900	1.483049961860031
13000	1.4767493624767147
13100	1.4712220569496517
13200	1.4655200896745508
13300	1.4593870343079658
13400	1.4532193636454238
13500	1.4483741564828396
13600	1.4435370857178045
13700	1.438112985373198
13800	1.4329221208732665
13900	1.4269178365750963
14000	1.4229497854982618
14100	1.4170246556864816
14200	1.41193237525587
14300	1.4065517537000822
14400	1.4016548446164048
14500	1.3965863078531533
14600	1.3920951992168333
14700	1.3866953987049107
14800	1.3818889294157215
14900	1.3773048346533898
15000	1.372695549818154
15100	1.3678824572773107
15200	1.3632407191615654
15300	1.3581600551844062
15400	1.353964894646
15500	1.350112453658749
15600	1.346194599544893
15700	1.3417760768680824
15800	1.3382791574071016
15900	1.334204973088175
16000	1.3302844418247957
16100	1.3259808957878763
16200	1.3227906064731019
16300	1.3190966928897327
16400	1.3150033196082884
16500	1.3118762619453705
16600	1.3076791054154098
16700	1.303599732165574
16800	1.2994336937856983
16900	1.2952918249570247
17000	1.291704403890831
17100	1.2875842186217923
17200	1.283597001260646
17300	1.2791946554571463
17400	1.2753568090614147
17500	1.2716612966495415
17600	1.2677339106934677
17700	1.26369826943612
17800	1.2605235081594781
17900	1.2574900490487473
18000	1.2541257828544157
18100	1.2507053584801102
18200	1.247331740067022
18300	1.2429325613856634
18400	1.239064625531458
18500	1.2352580008885798
18600	1.23138682891086
18700	1.2279550788470714
18800	1.224414225707756
18900	1.2210886383426716
19000	1.217367384793443
19100	1.2139472751337594
19200	1.211078984337963
19300	1.2081397572872097
19400	1.205282699336436
19500	1.2011199621428157
19600	1.197196872256976
19700	1.1940662894420373
19800	1.1909706423846065
19900	1.1876775945329845
20000	1.1846598743156131
20100	1.1815392999104417
20200	1.1783105175923727
20300	1.1754755195187503
20400	1.1724715302928028
20500	1.168993316958613
20600	1.1659905380146112
20700	1.163462201358096
20800	1.1605628399954735
20900	1.157409336967362
21000	1.1543540067119418
21100	1.1512177024254018
21200	1.1480935685274771
21300	1.1455791375210926
21400	1.1426430439047293
21500	1.1402424122450159
21600	1.137400107743515
21700	1.1347498598164534
21800	1.1321988415841673
21900	1.1289787171754921
22000	1.1259789233708697
22100	1.12365239432303
22200	1.120842464564039
22300	1.118042152229681
22400	1.1158197556918326
22500	1.1133327487360611
22600	1.1107625597766435
22700	1.1084946634986772
22800	1.1063246440443502
22900	1.1035159170003634
23000	1.1010365086562641
23100	1.0990558217246176
23200	1.0967100840389548
23300	1.0939038050536865
23400	1.0913537644912763
23500	1.0890416624396673
23600	1.0867396402225538
23700	1.0845879746440243
23800	1.0821878490819503
23900	1.0804003682868046
24000	1.0784675472746328
24100	1.076256492458156
24200	1.07390712884373
24300	1.072172548090032
24400	1.0701619081592715
24500	1.06769898507516
24600	1.0656069433773943
24700	1.0639100292916441
24800	1.0615633119117893
24900	1.059988958434083
25000	1.0577201677098005
25100	1.0553764759722681
25200	1.0531013434232237
25300	1.0509915779320629
25400	1.04832880414845
25500	1.046440482645393
25600	1.0447663448678077
25700	1.0427535558321588
25800	1.040715751979
25900	1.0385685514475083
26000	1.036214286500821
26100	1.0346241511032699
26200	1.0327259743569623
26300	1.0308145462150975
26400	1.0288042459774185
26500	1.026874784779701
26600	1.0246277970733333
26700	1.0227955321220392
26800	1.0209965418114075
26900	1.0188284237069216
27000	1.0166627437593878
27100	1.0150548913448443
27200	1.0131575886601782
27300	1.0112969391638251
27400	1.008925491927389
27500	1.0070990369265995
27600	1.0052622886615756
27700	1.0036049717658042
27800	1.0014646505333342
27900	0.9995676883183979
28000	0.9975693294279295
28100	0.9955875258583622
28200	0.9936814998851936
28300	0.9921503086891166
28400	0.9903985624281264
28500	0.9882916100667769
28600	0.9864164409500942
28700	0.9842490733555685
28800	0.982317665832406
28900	0.980334658683564
29000	0.9785217770030556
29100	0.9768200416198924
29200	0.9754199743762255
29300	0.9736040496907417
29400	0.9720120148437219
29500	0.9703203436618856
29600	0.9683501624528248
29700	0.966464159682551
29800	0.9647415085699848
29900	0.9632991677116318
30000	0.961749182937224
30100	0.9601558194323329
30200	0.9585939213378365
30300	0.9571478431574779
30400	0.9558949707212437
30500	0.9542805175491069
30600	0.9528334134832221
30700	0.9517311608913231
30800	0.9499501104064936
30900	0.948173488544557
31000	0.9468035001207373
31100	0.9452838055629671
31200	0.9434858841611681
31300	0.9418671268065346
31400	0.9404220199392097
31500	0.9386208996635884
31600	0.9369761496834401
31700	0.935775402092768
31800	0.9343679204189623
31900	0.9330203437345257
32000	0.9318472828687598
32100	0.9304019835817549
32200	0.9292523861557485
32300	0.9277104646113742
32400	0.9263070194849834
32500	0.924781416238486
32600	0.9232978535373877
32700	0.9217978831635043
32800	0.9203412512819337
32900	0.9190128203350347
33000	0.9175804215185085
33100	0.9158569305010309
33200	0.9147799175774929
33300	0.9134046642310505
33400	0.9118887086693948
33500	0.9105738682216162
33600	0.9089424815429525
33700	0.9073606413533774
33800	0.9060212785817908
33900	0.904645133412036
34000	0.903001996765575
34100	0.9015808873686153
34200	0.9005558108793088
34300	0.8989165665666172
34400	0.897627635421264
34500	0.896453210697997
34600	0.8949452110092033
34700	0.893456555731472
34800	0.8923467347455933
34900	0.8912252528792
35000	0.8902008418196112
35100	0.8888125058602947
35200	0.8873629205048972
35300	0.886051834937217
35400	0.8848077246319761
35500	0.8834396913212615
35600	0.8817476736862303
35700	0.8802054996707013
35800	0.8790520700486135
35900	0.8777271512815102
36000	0.8762644200891939
36100	0.8749247702733125
36200	0.8738500853525023
36300	0.8729547736669723
36400	0.8718211144268843
36500	0.8705175438448998
36600	0.8696499640727169
36700	0.8680516002482835
36800	0.8668907554158427
36900	0.8657458739021368
37000	0.8647694049364621
37100	0.8635669428608459
37200	0.8625350734585608
37300	0.861344581993501
