9	0.6750062520309325
11	0.6750000017637666
13	1.0730173758077464
15	0.9215222909190663
17	1.0729784920633012
19	0.9197955716666668
21	1.0130162245439065
23	1.0853877739534394
25	1.1429926085866828
27	1.0172848245134245
29	0.9175433907694696
31	0.8852810309087686
33	0.8748238121159528
35	0.9007600277102329
37	0.9186867500228939
39	0.9317850779824802
41	0.9418471684618672
43	0.9497015677729935
45	0.996546190486617
47	0.9502184571061976
49	0.9886802300151732
51	0.9600106724428633
53	0.914279432476652
55	0.9216972655548905
57	0.9279156308154437
59	0.8896228310899525
61	0.8384959255783357
63	0.8432445020007264
65	0.8475913887099075
67	0.8513372135722725
69	0.8278734124464622
71	0.8322256965544065
73	0.8126881722624543
75	0.817130798650828
77	0.8013575795064771
79	0.8058385655979661
81	0.7941058625247223
83	0.798483029586283
85	0.8027073258160577
87	0.8066041944872125
89	0.7826744731406987
91	0.7860432707962328
93	0.7894724349543878
95	0.7926609007246831
97	0.7956185059969334
99	0.7983686336305005
1001	0.788677694825691
1003	0.7889322320332033
1005	0.7891877065674068
1007	0.7894421789129769
1009	0.7896951999721201
1011	0.7899466744482603
1013	0.7901965909261772
1015	0.789296862499087
1017	0.789489908280653
1019	0.7897253764044737
1021	0.7888312304319212
1023	0.7890236041062286
1025	0.7892583251178008
1027	0.7895019358878326
1029	0.7897465147831209
1031	0.7888689529635828
1033	0.7890588002700367
1035	0.7892900589502303
1037	0.7895300151217339
1039	0.7888482683519005
1041	0.7890146060560348
1043	0.789238500048312
1045	0.7894749263247627
1047	0.7897132407869726
1049	0.7899509271838682
1051	0.7901873978934848
1053	0.790422522859254
1055	0.7906562805005799
1057	0.7908886748717676
1059	0.7902244929989176
1061	0.7892946003538004
1063	0.7894670099858787
1065	0.7887947604296484
1067	0.7889521265710634
1069	0.7891677491414917
1071	0.7893961520118804
1073	0.7896265747471464
1075	0.7889771638851107
1077	0.7882563659224546
1079	0.7883988148118308
1081	0.7886095919981803
1083	0.7888355800667263
1085	0.7890641890944678
1087	0.7892924363978723
1089	0.7884809200243126
1091	0.7886576799312806
1093	0.7888731101041551
1095	0.7890967532614862
1097	0.7893213894592619
1099	0.7895453119693456
2001	0.8116047496025465
2003	0.8116883751365657
2005	0.8117927145998335
2007	0.8118670215103174
2009	0.8119627503802084
2011	0.8120361887240183
2013	0.8138525718856969
2015	0.8139393442477298
2017	0.8142496341332455
2019	0.8142152552615188
2021	0.8137479864941893
2023	0.8137639814115761
2025	0.813803508983531
2027	0.8138720659075698
2029	0.812911290665984
2031	0.812839888510049
2033	0.8117641979444848
2035	0.8118024876233438
2037	0.8117918645757075
2039	0.8120241885957582
2041	0.8119857929811877
2043	0.812193108331903
2045	0.8121531889571026
2047	0.8123577774603686
2049	0.812317853350389
2051	0.8125210199699452
2053	0.8124811789740718
2055	0.8126830129609777
2057	0.812643259987626
2059	0.8128437799358458
2061	0.8128041150830616
2063	0.8115235870024023
2065	0.811060261384519
2067	0.8109687781736136
2069	0.8125628171577659
2071	0.8126412123403594
2073	0.8114566168299308
2075	0.8102371670191022
2077	0.8101998733443995
2079	0.8096491576393231
2081	0.8097553102700735
2083	0.8099111086595714
2085	0.8100782675228791
2087	0.8095807291343874
2089	0.8096979534587486
2091	0.8098555460020596
2093	0.8100222803144811
2095	0.8101906725683604
2097	0.8096984594819693
2099	0.8098144855528489
3001	0.8158060215340552
3003	0.8158848800896825
3005	0.8158730930040576
3007	0.8159641800920174
3009	0.8159613742079848
3011	0.816053681510577
3013	0.8160517949120532
3015	0.8161440197262289
3017	0.8161420987971375
3019	0.8162340880316841
3021	0.8172344827494578
3023	0.817340862771543
3025	0.8165774218063127
3027	0.8165387840723493
3029	0.8156483781812343
3031	0.8156058868313019
3033	0.8164860400941782
3035	0.8165838511286674
3037	0.8165860534791998
3039	0.8166775769361798
3041	0.815910830113439
3043	0.8158723072308725
3045	0.8157763798717246
3047	0.8158516335044284
3049	0.8151467147254348
3051	0.8149064665416268
3053	0.813850079153932
3055	0.8138027813877586
3057	0.8137042984390981
3059	0.813778654073857
3061	0.8130146879995177
3063	0.8129767136209607
3065	0.8131324340780186
3067	0.8130827336040565
3069	0.813940473711458
3071	0.8140357989775879
3073	0.8142867126577487
3075	0.8142524164580884
3077	0.8134822405877922
3079	0.8132342425820334
3081	0.8121892918296507
3083	0.8121427691059433
3085	0.8129962688581214
3087	0.8130909291267074
3089	0.8140612458276342
3091	0.8141638563865787
3093	0.8151379451613108
3095	0.8152407986238608
3097	0.8150603994093901
3099	0.8150857891406103
4001	0.8134821368838356
4003	0.813602155668339
4005	0.8137218257516687
4007	0.8132985269821078
4009	0.8133744784428663
4011	0.813472012012688
4013	0.8135973454638871
4015	0.8137178898108156
4017	0.8138367752116412
4019	0.8134905339444609
4021	0.8135718042761748
4023	0.813681090626492
4025	0.8137968549044433
4027	0.8139139206987052
4029	0.8134966073321617
4031	0.8135711581230911
4033	0.813145144715731
4035	0.8132184495851922
4037	0.8133137339394236
4039	0.8129779187805082
4041	0.8130603718641072
4043	0.8131693087723642
4045	0.8132843588921514
4047	0.812872422872701
4049	0.8129467957197415
4051	0.8130422698695965
4053	0.8131649575737517
4055	0.8127576191390501
4057	0.8128321046959401
4059	0.8129273868018851
4061	0.8130496969808962
4063	0.8131672199484906
4065	0.8132831068824178
4067	0.8128773990162368
4069	0.8129509097757871
4071	0.813045131735978
4073	0.8131661196086983
4075	0.8132824751163356
4077	0.8133972330529334
4079	0.8135113628921465
4081	0.8131794821503453
4083	0.8132578562624395
4085	0.8133630975196138
4087	0.8134745565169675
4089	0.8135872734979338
4091	0.8137000545751534
4093	0.8138126131128933
4095	0.8139112565124038
4097	0.8140333176181181
4099	0.8140422901363461
5001	0.8165281277848934
5003	0.8166586978688768
5005	0.8165938194438132
5007	0.8167150600483685
5009	0.816645711205521
5011	0.8167645615078898
5013	0.816694172030443
5015	0.81681231812768
5017	0.8167417167712266
5019	0.8168595665077258
5021	0.8167889535322076
5023	0.8167029615855125
5025	0.8167374090547134
5027	0.8166279219652821
5029	0.8167262297967608
5031	0.8166464320783912
5033	0.8161783933673014
5035	0.8161296066667445
5037	0.8162559706977351
5039	0.8164664351290237
5041	0.8171218348919926
5043	0.8171867032712118
5045	0.8170926452894082
5047	0.8171976100720703
5049	0.8171215923836217
5051	0.8170316877339316
5053	0.8170650626067005
5055	0.8172308032863406
5057	0.8174596588226576
5059	0.8175910092978808
5061	0.8175710028278091
5063	0.8177100235285445
5065	0.8183006662268777
5067	0.8183609963872519
5069	0.8182651541825153
5071	0.8177855659687695
5073	0.817736011570976
5075	0.817859944387955
5077	0.8180672829379886
5079	0.8183108190583416
5081	0.8183099975380629
5083	0.8184573900780279
5085	0.81840317078043
5087	0.8183284594697283
5089	0.8183637314593486
5091	0.8185285472332899
5093	0.8184831601991077
5095	0.8184149511928999
5097	0.8184511566767615
5099	0.8183445472950196
6001	0.8189329529351405
6003	0.8191015499393792
6005	0.8192990546510571
6007	0.8195750312954926
6009	0.8197292302065208
6011	0.8197367360023118
6013	0.8196432067175774
6015	0.8197141432801047
6017	0.8198631829810558
6019	0.8200506057821183
6021	0.8200429585883751
6023	0.8201558738883198
6025	0.8203252955634718
6027	0.8203088611759582
6029	0.8204172438138669
6031	0.820370812427366
6033	0.8202510045513374
6035	0.8203083607004912
6037	0.820236988962931
6039	0.8203181015055506
6041	0.8204714275448272
6043	0.8206602475603807
6045	0.8206536772012387
6047	0.8205537005055765
6049	0.8201578635419948
6051	0.8201176895281408
6053	0.8199321490672442
6055	0.8197454265948776
6057	0.819769389804127
6059	0.8196822349273708
6061	0.81975511619194
6063	0.8196921114294252
6065	0.8197767630726832
6067	0.8199312151128869
6069	0.8199084545896016
6071	0.8200126989509481
6073	0.8199652743625242
6075	0.8200572745103453
6077	0.8199361959449308
6079	0.8197817140360082
6081	0.819609994493224
6083	0.8194564964969618
6085	0.8194680836599276
6087	0.8195876312671576
6089	0.8195482166145589
6091	0.8196438172320014
6093	0.8198029990053571
6095	0.8197831749224976
6097	0.8196780710625259
6099	0.8197411031836016
7001	0.8239926834942198
7003	0.8239211887211869
7005	0.823976644703898
7007	0.8239238375668304
7009	0.8238098456881987
7011	0.8236896096486679
7013	0.8237060012541578
7015	0.8236299717175201
7017	0.8236860460587597
7019	0.8238151058363536
7021	0.8239795667569788
7023	0.8241609332223628
7025	0.8243503298389688
7027	0.8243625606858745
7029	0.8242221100333641
7031	0.824243532438418
7033	0.8243554774209244
7035	0.8243307294350407
7037	0.8244111686011358
7039	0.8245514203085097
7041	0.8245402744418313
7043	0.8246270841260344
7045	0.8245322155263832
7047	0.8243953651983281
7049	0.8244212205177236
7051	0.8245350889389551
7053	0.824511497037039
7055	0.8245921511215942
7057	0.8247321407851025
7059	0.824721096514525
7061	0.8246277851343613
7063	0.8243668993769852
7065	0.8242271414200506
7067	0.8241257352699123
7069	0.8239317648622372
7071	0.8237475414952153
7073	0.8237504286117303
7075	0.8236736709661608
7077	0.8234921099657432
7079	0.8232568107505155
7081	0.8232320369864199
7083	0.8231421089755933
7085	0.8230118141353036
7087	0.8228627535585596
7089	0.8226608993221968
7091	0.8224287006884659
7093	0.8224082492903465
7095	0.8224892015165592
7097	0.8226200743709647
7099	0.8227754825843865
8001	0.8178885219413596
8003	0.8177732005029976
8005	0.8176504949672951
8007	0.8176706322551321
8009	0.817612427356269
8011	0.8176642435406831
8013	0.8176216483195557
8015	0.8176810832788444
8017	0.8177884679229197
8019	0.8179194159433183
8021	0.8180619103253552
8023	0.8182100451672778
8025	0.8183609175592694
8027	0.8183670670375112
8029	0.8183041984741339
8031	0.8181605408171815
8033	0.8181706500367798
8035	0.8181076935738505
8037	0.8180110042912345
8039	0.8180434674728194
8041	0.8179915926865511
8043	0.817900440004157
8045	0.8179355662887837
8047	0.8180306111507933
8049	0.8181551041281327
8051	0.8181018503835873
8053	0.8181561714822869
8055	0.8180684630387618
8057	0.8181058002997532
8059	0.818201769330072
8061	0.8183265659651255
8063	0.8183202956477973
8065	0.8182050763798583
8067	0.8182287104578487
8069	0.8183178151380484
8071	0.8182475134055109
8073	0.8182931633037624
8075	0.8182480915311816
8077	0.8181605596832957
8079	0.8180056479339186
8081	0.8178648694131201
8083	0.817730418331732
8085	0.8175991402784899
8087	0.8174694745709321
8089	0.8174851773644973
8091	0.8175701969811058
8093	0.8175448289032665
8095	0.8174673244809751
8097	0.8173642137184747
8099	0.8172485690160003
9001	0.8221988866426597
9003	0.8220596954915098
9005	0.822060643312037
9007	0.8219610370743722
9009	0.8219814605533136
9011	0.8220587391050151
9013	0.821996822807159
9015	0.8219091236625939
9017	0.8219347794675822
9019	0.8218880389103584
9021	0.8219338486352843
9023	0.8220235262667024
9025	0.8221347964401229
9027	0.8221302552678431
9029	0.8220703567855925
9031	0.8221095539262029
9033	0.8221958701374232
9035	0.8223053805771627
9037	0.8224262848510615
9039	0.822426540140812
9041	0.8223690410944011
9043	0.822409272250787
9045	0.8224959637530087
9047	0.822479427232929
9049	0.8224137157579974
9051	0.8223238055341924
9053	0.8223479965317808
9055	0.8223007529271558
9057	0.8222200260978905
9059	0.8222486961513071
9061	0.8222037198284375
9063	0.8221241767830654
9065	0.8221533872988971
9067	0.8221087385286441
9069	0.8220294239273704
9071	0.8220587045684546
9073	0.822014151611091
9075	0.8220605296998602
9077	0.8220244234595353
9079	0.8220749216447822
9081	0.822166356907337
9083	0.8221524837654564
9085	0.8220884352494193
9087	0.8219996977698314
9089	0.8220241817913898
9091	0.8221027224952087
9093	0.8220825882255509
9095	0.8220155510124652
9097	0.8220506413055304
9099	0.8221343276129267
