1.000000000000000000e+02 1.589732142857142594e-01
2.000000000000000000e+02 1.552300359732167734e-01
3.000000000000000000e+02 1.560382809931933068e-01
4.000000000000000000e+02 1.559921271529663700e-01
5.000000000000000000e+02 1.573520819249286384e-01
6.000000000000000000e+02 1.570130437020715308e-01
7.000000000000000000e+02 1.573851689584554736e-01
8.000000000000000000e+02 1.569553687339771963e-01
9.000000000000000000e+02 1.573840025351713190e-01
1.000000000000000000e+03 1.567245698318137093e-01
1.100000000000000000e+03 1.563736200528129672e-01
1.200000000000000000e+03 1.562128618062207097e-01
1.300000000000000000e+03 1.562242978719379227e-01
1.400000000000000000e+03 1.564059924360603204e-01
1.500000000000000000e+03 1.566509220872019659e-01
1.600000000000000000e+03 1.564864772718423946e-01
1.700000000000000000e+03 1.567972748444493025e-01
1.800000000000000000e+03 1.566304673867852659e-01
1.900000000000000000e+03 1.565909606155078126e-01
2.000000000000000000e+03 1.562257546016351251e-01
2.100000000000000000e+03 1.560020656651066595e-01
2.200000000000000000e+03 1.559835489744071657e-01
2.300000000000000000e+03 1.560829172658493302e-01
2.400000000000000000e+03 1.564297253620408057e-01
2.500000000000000000e+03 1.565784581518830654e-01
2.600000000000000000e+03 1.568188121112535083e-01
2.700000000000000000e+03 1.566493189779729067e-01
2.800000000000000000e+03 1.564115835706951230e-01
2.900000000000000000e+03 1.565142062920748256e-01
3.000000000000000000e+03 1.565722999999341059e-01
3.100000000000000000e+03 1.567528622010505024e-01
3.200000000000000000e+03 1.566480625210196487e-01
3.300000000000000000e+03 1.565614161555862194e-01
