1.000000000000000000e+02 1.728420136710688482e+01
2.000000000000000000e+02 1.260334072205131228e+01
3.000000000000000000e+02 1.056924093734339820e+01
4.000000000000000000e+02 9.274476327153578836e+00
5.000000000000000000e+02 8.386238317424478339e+00
6.000000000000000000e+02 7.709182957687381155e+00
7.000000000000000000e+02 7.173539538018752104e+00
8.000000000000000000e+02 6.753181380243699294e+00
9.000000000000000000e+02 6.394816972975659652e+00
1.000000000000000000e+03 6.084810191492284304e+00
1.100000000000000000e+03 5.816564858448188602e+00
1.200000000000000000e+03 5.594729572249232064e+00
1.300000000000000000e+03 5.398490196303376010e+00
1.400000000000000000e+03 5.207897218177876653e+00
1.500000000000000000e+03 5.044927274666830108e+00
1.600000000000000000e+03 4.889847702503102411e+00
1.700000000000000000e+03 4.754749271242201480e+00
1.800000000000000000e+03 4.625020616107509142e+00
1.900000000000000000e+03 4.503254513852155583e+00
2.000000000000000000e+03 4.401511585038594632e+00
2.100000000000000000e+03 4.300845496531730205e+00
2.200000000000000000e+03 4.208247343581790645e+00
2.300000000000000000e+03 4.125081800303441071e+00
2.400000000000000000e+03 4.050606108118243398e+00
2.500000000000000000e+03 3.969334092193881336e+00
2.600000000000000000e+03 3.895925669635055488e+00
2.700000000000000000e+03 3.828993179757518739e+00
2.800000000000000000e+03 3.765511698285189723e+00
2.900000000000000000e+03 3.705689143333271041e+00
3.000000000000000000e+03 3.648205683027632595e+00
3.100000000000000000e+03 3.591117999322467114e+00
3.200000000000000000e+03 3.537378666064552313e+00
3.300000000000000000e+03 3.484019787409835089e+00
3.400000000000000000e+03 3.434423454585353142e+00
3.500000000000000000e+03 3.387233246704927758e+00
3.600000000000000000e+03 3.341723098682755300e+00
3.700000000000000000e+03 3.300552336756879868e+00
3.800000000000000000e+03 3.258685892524543437e+00
3.900000000000000000e+03 3.218994391140107325e+00
4.000000000000000000e+03 3.179633772547605375e+00
4.100000000000000000e+03 3.143364437407074163e+00
4.200000000000000000e+03 3.107852593126515295e+00
4.300000000000000000e+03 3.071784826376744881e+00
4.400000000000000000e+03 3.039154374501239708e+00
4.500000000000000000e+03 3.004786010015611186e+00
4.600000000000000000e+03 2.972431452443749844e+00
4.700000000000000000e+03 2.942653612061817192e+00
4.800000000000000000e+03 2.913700475617114982e+00
4.900000000000000000e+03 2.883022943405875171e+00
5.000000000000000000e+03 2.855874285107574018e+00
5.100000000000000000e+03 2.828973465811047472e+00
5.200000000000000000e+03 2.802311154199933263e+00
5.300000000000000000e+03 2.777147381783778179e+00
5.400000000000000000e+03 2.753330419007045116e+00
5.500000000000000000e+03 2.728229097599358610e+00
5.600000000000000000e+03 2.704864402903917942e+00
5.700000000000000000e+03 2.682504801224887103e+00
5.800000000000000000e+03 2.659117625636392201e+00
5.900000000000000000e+03 2.638460384614676801e+00
6.000000000000000000e+03 2.617527848473623298e+00
6.100000000000000000e+03 2.597192288795127091e+00
6.200000000000000000e+03 2.577881208612507802e+00
6.300000000000000000e+03 2.558376841010558067e+00
6.400000000000000000e+03 2.538976999032594328e+00
6.500000000000000000e+03 2.520420384164840044e+00
6.600000000000000000e+03 2.502198519152750489e+00
6.700000000000000000e+03 2.481960907988324472e+00
6.800000000000000000e+03 2.464744315558028198e+00
6.900000000000000000e+03 2.448380556436198230e+00
7.000000000000000000e+03 2.430553615588752159e+00
7.100000000000000000e+03 2.414302316831487882e+00
7.200000000000000000e+03 2.397952888103634272e+00
7.300000000000000000e+03 2.382577753911523377e+00
7.400000000000000000e+03 2.367207514673542512e+00
7.500000000000000000e+03 2.351540459442511999e+00
7.600000000000000000e+03 2.336560493673576655e+00
7.700000000000000000e+03 2.321451304420900641e+00
7.800000000000000000e+03 2.306732968380131865e+00
7.900000000000000000e+03 2.292249056465943902e+00
8.000000000000000000e+03 2.279039632334830756e+00
8.100000000000000000e+03 2.265189589549707172e+00
8.200000000000000000e+03 2.251943784151797523e+00
8.300000000000000000e+03 2.238627025768766377e+00
8.400000000000000000e+03 2.225670666734679948e+00
8.500000000000000000e+03 2.212222871870534568e+00
8.600000000000000000e+03 2.199629576610016457e+00
8.700000000000000000e+03 2.187662878543642275e+00
8.800000000000000000e+03 2.175356279029737383e+00
8.900000000000000000e+03 2.163748731579033358e+00
9.000000000000000000e+03 2.151792627733733809e+00
9.100000000000000000e+03 2.140742928511943255e+00
9.200000000000000000e+03 2.129921376845679948e+00
9.300000000000000000e+03 2.118561932219934718e+00
9.400000000000000000e+03 2.108181872721999639e+00
9.500000000000000000e+03 2.096854630365126759e+00
9.600000000000000000e+03 2.086350130032804895e+00
9.700000000000000000e+03 2.075586724024482965e+00
9.800000000000000000e+03 2.065568404536374914e+00
9.900000000000000000e+03 2.055716430372507730e+00
1.000000000000000000e+04 2.045151475694537702e+00
1.010000000000000000e+04 2.035814167689056209e+00
1.020000000000000000e+04 2.026232101197776636e+00
1.030000000000000000e+04 2.016180561744413513e+00
1.040000000000000000e+04 2.007061815575419850e+00
1.050000000000000000e+04 1.997760050465196002e+00
1.060000000000000000e+04 1.988066703846557148e+00
1.070000000000000000e+04 1.979186777312738066e+00
1.080000000000000000e+04 1.970275514132919348e+00
1.090000000000000000e+04 1.961067567959885904e+00
1.100000000000000000e+04 1.952195953342023893e+00
1.110000000000000000e+04 1.943482439242058879e+00
1.120000000000000000e+04 1.935377275114855244e+00
1.130000000000000000e+04 1.927398058862161090e+00
1.140000000000000000e+04 1.919754374746746706e+00
1.150000000000000000e+04 1.911006447553077248e+00
1.160000000000000000e+04 1.903127679278923123e+00
1.170000000000000000e+04 1.895322097417259322e+00
1.180000000000000000e+04 1.887331355026280466e+00
1.190000000000000000e+04 1.879597882029408584e+00
1.200000000000000000e+04 1.871815716195409429e+00
1.210000000000000000e+04 1.863984592322703193e+00
1.220000000000000000e+04 1.856609749097704265e+00
1.230000000000000000e+04 1.849564047918212939e+00
1.240000000000000000e+04 1.841956332772725968e+00
1.250000000000000000e+04 1.834628500860564948e+00
1.260000000000000000e+04 1.827617087036483401e+00
1.270000000000000000e+04 1.820019297792892621e+00
1.280000000000000000e+04 1.813107419366747353e+00
1.290000000000000000e+04 1.806693875154250506e+00
1.300000000000000000e+04 1.799715116940104664e+00
1.310000000000000000e+04 1.792790993033269498e+00
1.320000000000000000e+04 1.787004819715984461e+00
1.330000000000000000e+04 1.780376135455321140e+00
1.340000000000000000e+04 1.774059089547276535e+00
1.350000000000000000e+04 1.767927596725677342e+00
1.360000000000000000e+04 1.761345664721060356e+00
1.370000000000000000e+04 1.755234772337251670e+00
1.380000000000000000e+04 1.749366420766309549e+00
1.390000000000000000e+04 1.743103294939888137e+00
1.400000000000000000e+04 1.736746473460220264e+00
1.410000000000000000e+04 1.730384899847922986e+00
1.420000000000000000e+04 1.724543869194289369e+00
1.430000000000000000e+04 1.719097181007765540e+00
1.440000000000000000e+04 1.713231172068770070e+00
1.450000000000000000e+04 1.707328489550878237e+00
1.460000000000000000e+04 1.701646516080113969e+00
1.470000000000000000e+04 1.696263028769853243e+00
1.480000000000000000e+04 1.690360137136490692e+00
1.490000000000000000e+04 1.684628951655988027e+00
1.500000000000000000e+04 1.678990303186920663e+00
1.510000000000000000e+04 1.673827300067685098e+00
1.520000000000000000e+04 1.668838241945839851e+00
1.530000000000000000e+04 1.663444109982126218e+00
1.540000000000000000e+04 1.657810651372533250e+00
1.550000000000000000e+04 1.652583039883132265e+00
1.560000000000000000e+04 1.647280933219609222e+00
1.570000000000000000e+04 1.641860760047494372e+00
1.580000000000000000e+04 1.637161771053363690e+00
1.590000000000000000e+04 1.632124310961894587e+00
1.600000000000000000e+04 1.627179683265074672e+00
1.610000000000000000e+04 1.622366413122580564e+00
1.620000000000000000e+04 1.617520309085133778e+00
1.630000000000000000e+04 1.612513405130397537e+00
1.640000000000000000e+04 1.608238686105501358e+00
1.650000000000000000e+04 1.603435246126815095e+00
1.660000000000000000e+04 1.598752578085190557e+00
1.670000000000000000e+04 1.593864859229897402e+00
1.680000000000000000e+04 1.589611595206218864e+00
1.690000000000000000e+04 1.584492069008740955e+00
1.700000000000000000e+04 1.580183085182985669e+00
1.710000000000000000e+04 1.575670352034479693e+00
1.720000000000000000e+04 1.571074895527525106e+00
1.730000000000000000e+04 1.566807057643069490e+00
1.740000000000000000e+04 1.562487624371099670e+00
1.750000000000000000e+04 1.558249497469240907e+00
1.760000000000000000e+04 1.554024522465012215e+00
1.770000000000000000e+04 1.549745295205406048e+00
1.780000000000000000e+04 1.545191248519393934e+00
1.790000000000000000e+04 1.541221223929723827e+00
1.800000000000000000e+04 1.536990652647741928e+00
1.810000000000000000e+04 1.532971089690840394e+00
1.820000000000000000e+04 1.529013673728212286e+00
1.830000000000000000e+04 1.524735899951533025e+00
1.840000000000000000e+04 1.520682916699570342e+00
1.850000000000000000e+04 1.516725429599651509e+00
1.860000000000000000e+04 1.513143217975528865e+00
1.870000000000000000e+04 1.509142540512405040e+00
1.880000000000000000e+04 1.504987142567988379e+00
1.890000000000000000e+04 1.501069700232868342e+00
1.900000000000000000e+04 1.497124804840494594e+00
1.910000000000000000e+04 1.493028655696063689e+00
1.920000000000000000e+04 1.488948892892020037e+00
1.930000000000000000e+04 1.485228000897393708e+00
1.940000000000000000e+04 1.481442874024101464e+00
1.950000000000000000e+04 1.477266081275365961e+00
1.960000000000000000e+04 1.473286289506383184e+00
1.970000000000000000e+04 1.469893804168882046e+00
1.980000000000000000e+04 1.466603475061344364e+00
1.990000000000000000e+04 1.462787644785359387e+00
2.000000000000000000e+04 1.459109797526991326e+00
2.010000000000000000e+04 1.455340957359626763e+00
2.020000000000000000e+04 1.451588175464510799e+00
2.030000000000000000e+04 1.448004759915812345e+00
2.040000000000000000e+04 1.444763503001339711e+00
2.050000000000000000e+04 1.441026976625684686e+00
2.060000000000000000e+04 1.437700185766865424e+00
2.070000000000000000e+04 1.434312238141860041e+00
2.080000000000000000e+04 1.430998821295292878e+00
2.090000000000000000e+04 1.427976350077596379e+00
2.100000000000000000e+04 1.424537285778618045e+00
2.110000000000000000e+04 1.421045352397763750e+00
2.120000000000000000e+04 1.417731881421510742e+00
2.130000000000000000e+04 1.414412932893811536e+00
2.140000000000000000e+04 1.411267424937855841e+00
2.150000000000000000e+04 1.407980457614761427e+00
2.160000000000000000e+04 1.404816274672503695e+00
2.170000000000000000e+04 1.401424425907709770e+00
2.180000000000000000e+04 1.398432486085342985e+00
2.190000000000000000e+04 1.395294165732308800e+00
2.200000000000000000e+04 1.392188095550309201e+00
2.210000000000000000e+04 1.389071352444570362e+00
2.220000000000000000e+04 1.386006699769343431e+00
2.230000000000000000e+04 1.382757718299567617e+00
2.240000000000000000e+04 1.379689311199872259e+00
2.250000000000000000e+04 1.376633836906004493e+00
2.260000000000000000e+04 1.373733459594512096e+00
2.270000000000000000e+04 1.370848942077377508e+00
2.280000000000000000e+04 1.367986769512416600e+00
2.290000000000000000e+04 1.365005873470209519e+00
2.300000000000000000e+04 1.361862132416488569e+00
2.310000000000000000e+04 1.359155131987960452e+00
2.320000000000000000e+04 1.356263531504450892e+00
2.330000000000000000e+04 1.353108004606328407e+00
2.340000000000000000e+04 1.350299413111945013e+00
2.350000000000000000e+04 1.347363469592234742e+00
2.360000000000000000e+04 1.344667261767723998e+00
2.370000000000000000e+04 1.342139484236248181e+00
2.380000000000000000e+04 1.339450005648532560e+00
2.390000000000000000e+04 1.336663300805098764e+00
2.400000000000000000e+04 1.334116474908504379e+00
2.410000000000000000e+04 1.331433016920358314e+00
2.420000000000000000e+04 1.328740380815707445e+00
2.430000000000000000e+04 1.326118387669734000e+00
2.440000000000000000e+04 1.323402326855625422e+00
2.450000000000000000e+04 1.320359436956383803e+00
2.460000000000000000e+04 1.317806787028931836e+00
2.470000000000000000e+04 1.315085155263315597e+00
2.480000000000000000e+04 1.312444959503997310e+00
2.490000000000000000e+04 1.309908163117539326e+00
2.500000000000000000e+04 1.307236032698943173e+00
2.510000000000000000e+04 1.304580317920663202e+00
2.520000000000000000e+04 1.302076924546743619e+00
2.530000000000000000e+04 1.299486257299867553e+00
2.540000000000000000e+04 1.296758683071502327e+00
2.550000000000000000e+04 1.294590117220473235e+00
2.560000000000000000e+04 1.291937936648076768e+00
2.570000000000000000e+04 1.289486096848532437e+00
2.580000000000000000e+04 1.287177415083551990e+00
2.590000000000000000e+04 1.284367084980399643e+00
2.600000000000000000e+04 1.281870433953249400e+00
2.610000000000000000e+04 1.279372095708272816e+00
2.620000000000000000e+04 1.276816592868655009e+00
2.630000000000000000e+04 1.274467596879994336e+00
2.640000000000000000e+04 1.271991554101772781e+00
2.650000000000000000e+04 1.269653426277378205e+00
2.660000000000000000e+04 1.267315027336472832e+00
2.670000000000000000e+04 1.264903142254407475e+00
2.680000000000000000e+04 1.262758503446721248e+00
2.690000000000000000e+04 1.260524945698808352e+00
2.700000000000000000e+04 1.258269651537339273e+00
2.710000000000000000e+04 1.255983832422419955e+00
2.720000000000000000e+04 1.253530048283752141e+00
2.730000000000000000e+04 1.251349704099350868e+00
2.740000000000000000e+04 1.248939299839857631e+00
2.750000000000000000e+04 1.246562674906237955e+00
2.760000000000000000e+04 1.244273304046334516e+00
2.770000000000000000e+04 1.242010994363421439e+00
2.780000000000000000e+04 1.239924365494550873e+00
2.790000000000000000e+04 1.237847492144444672e+00
2.800000000000000000e+04 1.235788202489503274e+00
2.810000000000000000e+04 1.233848491875946474e+00
2.820000000000000000e+04 1.231567339649438431e+00
2.830000000000000000e+04 1.229404056732706030e+00
2.840000000000000000e+04 1.227242267080601357e+00
2.850000000000000000e+04 1.224995692266094949e+00
2.860000000000000000e+04 1.223000499823021725e+00
2.870000000000000000e+04 1.220900661891338057e+00
2.880000000000000000e+04 1.218939590451924015e+00
2.890000000000000000e+04 1.216636804802035954e+00
2.900000000000000000e+04 1.214616221516310546e+00
2.910000000000000000e+04 1.212431441069186322e+00
2.920000000000000000e+04 1.210464357904071031e+00
2.930000000000000000e+04 1.208250976232410956e+00
2.940000000000000000e+04 1.206218659295250850e+00
2.950000000000000000e+04 1.204190798290670994e+00
2.960000000000000000e+04 1.202107182429237753e+00
2.970000000000000000e+04 1.200126755805054568e+00
2.980000000000000000e+04 1.198075197400036318e+00
2.990000000000000000e+04 1.195978104000992914e+00
3.000000000000000000e+04 1.194068780724513168e+00
3.010000000000000000e+04 1.191969375499942085e+00
3.020000000000000000e+04 1.190193089857650932e+00
3.030000000000000000e+04 1.188183254049650417e+00
3.040000000000000000e+04 1.186178986329291085e+00
3.050000000000000000e+04 1.184422696906092254e+00
3.060000000000000000e+04 1.182517944648281638e+00
3.070000000000000000e+04 1.180529609371049116e+00
3.080000000000000000e+04 1.178808879641467966e+00
3.090000000000000000e+04 1.176838709063392718e+00
3.100000000000000000e+04 1.174998219127349364e+00
3.110000000000000000e+04 1.173061894878634437e+00
3.120000000000000000e+04 1.171100387239343732e+00
3.130000000000000000e+04 1.169349421499398245e+00
3.140000000000000000e+04 1.167663022638589787e+00
3.150000000000000000e+04 1.165696854688627937e+00
3.160000000000000000e+04 1.163984099420059648e+00
3.170000000000000000e+04 1.162050969085382857e+00
3.180000000000000000e+04 1.160185645918629049e+00
3.190000000000000000e+04 1.158361168246951234e+00
3.200000000000000000e+04 1.156694177434956172e+00
3.210000000000000000e+04 1.154956898041014091e+00
3.220000000000000000e+04 1.153010383906158509e+00
3.230000000000000000e+04 1.151173820849348939e+00
3.240000000000000000e+04 1.149443589463743809e+00
3.250000000000000000e+04 1.147700091334311612e+00
3.260000000000000000e+04 1.146046787848561621e+00
3.270000000000000000e+04 1.144313346415005705e+00
3.280000000000000000e+04 1.142530627818092892e+00
3.290000000000000000e+04 1.140782764152147521e+00
3.300000000000000000e+04 1.138975821208785488e+00
3.310000000000000000e+04 1.137331495333917752e+00
3.320000000000000000e+04 1.135697265985729176e+00
3.330000000000000000e+04 1.134026714871267050e+00
3.340000000000000000e+04 1.132168955398705545e+00
3.350000000000000000e+04 1.130372626144552139e+00
3.360000000000000000e+04 1.128881847575854191e+00
3.370000000000000000e+04 1.127089964024689861e+00
3.380000000000000000e+04 1.125478809812818115e+00
3.390000000000000000e+04 1.123893604913030586e+00
3.400000000000000000e+04 1.122173660933186490e+00
3.410000000000000000e+04 1.120490267360134684e+00
3.420000000000000000e+04 1.118986363800102524e+00
3.430000000000000000e+04 1.117371241540604743e+00
3.440000000000000000e+04 1.115808925939215879e+00
3.450000000000000000e+04 1.114249590625448594e+00
3.460000000000000000e+04 1.112519832489140326e+00
3.470000000000000000e+04 1.110968603347563644e+00
3.480000000000000000e+04 1.109431368471784252e+00
3.490000000000000000e+04 1.107859494542238199e+00
3.500000000000000000e+04 1.106267512502562056e+00
3.510000000000000000e+04 1.104560268340803564e+00
3.520000000000000000e+04 1.102830146665257693e+00
3.530000000000000000e+04 1.101249264021727736e+00
3.540000000000000000e+04 1.099829906877442864e+00
3.550000000000000000e+04 1.098110503793307435e+00
3.560000000000000000e+04 1.096504740698067693e+00
3.570000000000000000e+04 1.095063923293985608e+00
3.580000000000000000e+04 1.093526037217623648e+00
3.590000000000000000e+04 1.091974540289681439e+00
3.600000000000000000e+04 1.090504084771984461e+00
3.610000000000000000e+04 1.088976359047622466e+00
3.620000000000000000e+04 1.087526349881014376e+00
3.630000000000000000e+04 1.086060257523644212e+00
3.640000000000000000e+04 1.084355067372037240e+00
3.650000000000000000e+04 1.082906474344205616e+00
3.660000000000000000e+04 1.081409493485328221e+00
3.670000000000000000e+04 1.079916623120348085e+00
3.680000000000000000e+04 1.078475932580732266e+00
3.690000000000000000e+04 1.076983412220410052e+00
3.700000000000000000e+04 1.075520343836342319e+00
3.710000000000000000e+04 1.074167173437249545e+00
3.720000000000000000e+04 1.072588324558110706e+00
3.730000000000000000e+04 1.071055771249483701e+00
3.740000000000000000e+04 1.069531740264598518e+00
3.750000000000000000e+04 1.068286181570457627e+00
3.760000000000000000e+04 1.066682719652446654e+00
3.770000000000000000e+04 1.065325667016094435e+00
3.780000000000000000e+04 1.064058374000611318e+00
3.790000000000000000e+04 1.062639116580970544e+00
3.800000000000000000e+04 1.061068955207901787e+00
3.810000000000000000e+04 1.059702966246149902e+00
3.820000000000000000e+04 1.058397433962740219e+00
3.830000000000000000e+04 1.057110639572703237e+00
3.840000000000000000e+04 1.055740150196691207e+00
3.850000000000000000e+04 1.054368657021625300e+00
3.860000000000000000e+04 1.052892030571043414e+00
3.870000000000000000e+04 1.051539311984848180e+00
3.880000000000000000e+04 1.050154879964978694e+00
3.890000000000000000e+04 1.048869080564192924e+00
3.900000000000000000e+04 1.047535962608274973e+00
3.910000000000000000e+04 1.046151948393773568e+00
3.920000000000000000e+04 1.044885166745399996e+00
3.930000000000000000e+04 1.043598827423121156e+00
3.940000000000000000e+04 1.042252993589681598e+00
3.950000000000000000e+04 1.041054135489048571e+00
3.960000000000000000e+04 1.039831584837854095e+00
3.970000000000000000e+04 1.038414928267261894e+00
3.980000000000000000e+04 1.037084947643921673e+00
3.990000000000000000e+04 1.035739908196238623e+00
4.000000000000000000e+04 1.034546944859869200e+00
4.010000000000000000e+04 1.033317928406407571e+00
4.020000000000000000e+04 1.032009809802029388e+00
4.030000000000000000e+04 1.030592400993646240e+00
4.040000000000000000e+04 1.029330132152367794e+00
4.050000000000000000e+04 1.028022326480757087e+00
4.060000000000000000e+04 1.026701576146648476e+00
4.070000000000000000e+04 1.025532810506484704e+00
4.080000000000000000e+04 1.024359916055743724e+00
4.090000000000000000e+04 1.022953121011450417e+00
4.100000000000000000e+04 1.021623484622873335e+00
4.110000000000000000e+04 1.020367754269831062e+00
4.120000000000000000e+04 1.019298046184240913e+00
4.130000000000000000e+04 1.018157781078517843e+00
4.140000000000000000e+04 1.017026288259861300e+00
4.150000000000000000e+04 1.015826402746438983e+00
4.160000000000000000e+04 1.014656275466205848e+00
4.170000000000000000e+04 1.013493588798414891e+00
4.180000000000000000e+04 1.012170719732192525e+00
4.190000000000000000e+04 1.010871551991381345e+00
4.200000000000000000e+04 1.009606570736354847e+00
4.210000000000000000e+04 1.008377312154717043e+00
4.220000000000000000e+04 1.007288314944379648e+00
4.230000000000000000e+04 1.006140676449860605e+00
4.240000000000000000e+04 1.004853724282852800e+00
4.250000000000000000e+04 1.003773510905779265e+00
4.260000000000000000e+04 1.002621778269557673e+00
4.270000000000000000e+04 1.001483711559515877e+00
4.280000000000000000e+04 1.000247709629750181e+00
4.290000000000000000e+04 9.990433269500293978e-01
4.300000000000000000e+04 9.977423217864400673e-01
4.310000000000000000e+04 9.966707061951303182e-01
4.320000000000000000e+04 9.955886174863821658e-01
4.330000000000000000e+04 9.944233355418257148e-01
4.340000000000000000e+04 9.933927484495393978e-01
4.350000000000000000e+04 9.922605861360893620e-01
4.360000000000000000e+04 9.910400161909627137e-01
4.370000000000000000e+04 9.899067686317527537e-01
4.380000000000000000e+04 9.888265951174581847e-01
4.390000000000000000e+04 9.876285157969472150e-01
4.400000000000000000e+04 9.864580078556576259e-01
4.410000000000000000e+04 9.852999801653223866e-01
4.420000000000000000e+04 9.841615875954146109e-01
4.430000000000000000e+04 9.830580400615898107e-01
4.440000000000000000e+04 9.819373728587006411e-01
4.450000000000000000e+04 9.808402353284939590e-01
4.460000000000000000e+04 9.797205224890970232e-01
4.470000000000000000e+04 9.786055522749829150e-01
4.480000000000000000e+04 9.774509233989092660e-01
4.490000000000000000e+04 9.763055056584086788e-01
4.500000000000000000e+04 9.753347760556018153e-01
4.510000000000000000e+04 9.742629551017870648e-01
4.520000000000000000e+04 9.733008101200605333e-01
4.530000000000000000e+04 9.721993737422640613e-01
4.540000000000000000e+04 9.711760892004706047e-01
4.550000000000000000e+04 9.699733725932443429e-01
4.560000000000000000e+04 9.689132137592648686e-01
4.570000000000000000e+04 9.678382988343622317e-01
4.580000000000000000e+04 9.666537081442203583e-01
4.590000000000000000e+04 9.656168558192801399e-01
4.600000000000000000e+04 9.645983062795144836e-01
4.610000000000000000e+04 9.633875449484849973e-01
4.620000000000000000e+04 9.623321887659983531e-01
4.630000000000000000e+04 9.612385010782018568e-01
4.640000000000000000e+04 9.602665808085730781e-01
4.650000000000000000e+04 9.591858688198680039e-01
4.660000000000000000e+04 9.582163100150127288e-01
4.670000000000000000e+04 9.571289140896137582e-01
4.680000000000000000e+04 9.559496245580934026e-01
4.690000000000000000e+04 9.549416111133084417e-01
4.700000000000000000e+04 9.540401615150222447e-01
4.710000000000000000e+04 9.530954130007314173e-01
4.720000000000000000e+04 9.521356570561068100e-01
4.730000000000000000e+04 9.512346956930812780e-01
4.740000000000000000e+04 9.502468073513297142e-01
4.750000000000000000e+04 9.491563432284548796e-01
4.760000000000000000e+04 9.482138819933892959e-01
4.770000000000000000e+04 9.471776862675342912e-01
4.780000000000000000e+04 9.461211792754953276e-01
4.790000000000000000e+04 9.451479004444254262e-01
4.800000000000000000e+04 9.440850953948307644e-01
4.810000000000000000e+04 9.430984675401203887e-01
4.820000000000000000e+04 9.421190721529019152e-01
4.830000000000000000e+04 9.410908109356511675e-01
4.840000000000000000e+04 9.401136318170296713e-01
4.850000000000000000e+04 9.391068299244813566e-01
4.860000000000000000e+04 9.380372928752690465e-01
4.870000000000000000e+04 9.370384528555060211e-01
4.880000000000000000e+04 9.360723564875312874e-01
4.890000000000000000e+04 9.351414727580948938e-01
4.900000000000000000e+04 9.341148867517221621e-01
4.910000000000000000e+04 9.331792539372559814e-01
4.920000000000000000e+04 9.322716564579474063e-01
4.930000000000000000e+04 9.312882412449917657e-01
4.940000000000000000e+04 9.303680203843995855e-01
4.950000000000000000e+04 9.293631266406270353e-01
4.960000000000000000e+04 9.285118359245658759e-01
4.970000000000000000e+04 9.276156439112341889e-01
4.980000000000000000e+04 9.267020936275118803e-01
4.990000000000000000e+04 9.258047127774562401e-01
5.000000000000000000e+04 9.248207836399056081e-01
5.010000000000000000e+04 9.239226879110897794e-01
5.020000000000000000e+04 9.230093671117491905e-01
5.030000000000000000e+04 9.220294969812030672e-01
5.040000000000000000e+04 9.211765550528558943e-01
5.050000000000000000e+04 9.201900650416949823e-01
5.060000000000000000e+04 9.192870462324207459e-01
5.070000000000000000e+04 9.184269437069597641e-01
5.080000000000000000e+04 9.173753144400802473e-01
5.090000000000000000e+04 9.164683416149959072e-01
5.100000000000000000e+04 9.156480475500994309e-01
5.110000000000000000e+04 9.147650306369654594e-01
5.120000000000000000e+04 9.138387092100417330e-01
5.130000000000000000e+04 9.129073681859291023e-01
5.140000000000000000e+04 9.120574366604551342e-01
5.150000000000000000e+04 9.112697954185804416e-01
5.160000000000000000e+04 9.104046210343946788e-01
5.170000000000000000e+04 9.095273529803776791e-01
5.180000000000000000e+04 9.086718679362675299e-01
5.190000000000000000e+04 9.077760574958387840e-01
5.200000000000000000e+04 9.068158735543199178e-01
5.210000000000000000e+04 9.060559080035734958e-01
5.220000000000000000e+04 9.051064289688222075e-01
5.230000000000000000e+04 9.041177804358047077e-01
5.240000000000000000e+04 9.030861781073231676e-01
5.250000000000000000e+04 9.022018677909758866e-01
5.260000000000000000e+04 9.012142709966348697e-01
5.270000000000000000e+04 9.004718789284381630e-01
5.280000000000000000e+04 8.995324622998884800e-01
5.290000000000000000e+04 8.986567683637185500e-01
5.300000000000000000e+04 8.977829351423182169e-01
5.310000000000000000e+04 8.970114288315770290e-01
5.320000000000000000e+04 8.960756193003410752e-01
5.330000000000000000e+04 8.952117696164848537e-01
5.340000000000000000e+04 8.943235125736166413e-01
5.350000000000000000e+04 8.934300437531120798e-01
5.360000000000000000e+04 8.925905350267420157e-01
5.370000000000000000e+04 8.916756766211944019e-01
5.380000000000000000e+04 8.908024749066905112e-01
5.390000000000000000e+04 8.899384042089144575e-01
5.400000000000000000e+04 8.890876627039623337e-01
5.410000000000000000e+04 8.882604947821679531e-01
5.420000000000000000e+04 8.874033966029603038e-01
5.430000000000000000e+04 8.865610379968240640e-01
5.440000000000000000e+04 8.857058013984441258e-01
5.450000000000000000e+04 8.849537836768610610e-01
5.460000000000000000e+04 8.841227712434297503e-01
5.470000000000000000e+04 8.833142832405280753e-01
5.480000000000000000e+04 8.825337159127784048e-01
5.490000000000000000e+04 8.817250628805815005e-01
5.500000000000000000e+04 8.810038436281377727e-01
5.510000000000000000e+04 8.801901092772359547e-01
5.520000000000000000e+04 8.794658694997131709e-01
5.530000000000000000e+04 8.785588273393115655e-01
5.540000000000000000e+04 8.778353258768463174e-01
5.550000000000000000e+04 8.770411357058116586e-01
5.560000000000000000e+04 8.762271010494524504e-01
5.570000000000000000e+04 8.755535661972584371e-01
5.580000000000000000e+04 8.748244821864201715e-01
5.590000000000000000e+04 8.740505310405801698e-01
5.600000000000000000e+04 8.732379985763376595e-01
5.610000000000000000e+04 8.725069686575381844e-01
5.620000000000000000e+04 8.717576042813708348e-01
5.630000000000000000e+04 8.709164264214412920e-01
5.640000000000000000e+04 8.701539671189117975e-01
5.650000000000000000e+04 8.694250392973834618e-01
5.660000000000000000e+04 8.687321339575152512e-01
5.670000000000000000e+04 8.679230389218831609e-01
5.680000000000000000e+04 8.671808530911091495e-01
5.690000000000000000e+04 8.665145654686998711e-01
5.700000000000000000e+04 8.657174736169188645e-01
5.710000000000000000e+04 8.649780490205798422e-01
