1.000000000000000000e+02 1.722962287855694896e+01
2.000000000000000000e+02 1.212019821280560983e+01
3.000000000000000000e+02 9.779908885741697588e+00
4.000000000000000000e+02 8.451295407996404663e+00
5.000000000000000000e+02 7.586831591312510170e+00
6.000000000000000000e+02 6.965507255491805161e+00
7.000000000000000000e+02 6.439908130677211240e+00
8.000000000000000000e+02 6.045648811479361839e+00
9.000000000000000000e+02 5.684037176201031549e+00
1.000000000000000000e+03 5.386374269981693885e+00
1.100000000000000000e+03 5.136658000267223301e+00
1.200000000000000000e+03 4.913071814505573620e+00
1.300000000000000000e+03 4.727970320870952925e+00
1.400000000000000000e+03 4.560902881021497990e+00
1.500000000000000000e+03 4.395771316044009502e+00
1.600000000000000000e+03 4.252429056679780217e+00
1.700000000000000000e+03 4.121432150889056345e+00
1.800000000000000000e+03 4.008563404349883896e+00
1.900000000000000000e+03 3.895091345767684121e+00
2.000000000000000000e+03 3.794125728000915743e+00
2.100000000000000000e+03 3.705432860147927610e+00
2.200000000000000000e+03 3.620299665875546857e+00
2.300000000000000000e+03 3.538511983866391652e+00
2.400000000000000000e+03 3.468456969462367034e+00
2.500000000000000000e+03 3.398102882397391333e+00
2.600000000000000000e+03 3.326167209951782500e+00
2.700000000000000000e+03 3.263923837070407785e+00
2.800000000000000000e+03 3.205231419924862823e+00
2.900000000000000000e+03 3.150936994882202580e+00
3.000000000000000000e+03 3.098346831293525394e+00
3.100000000000000000e+03 3.045083030033689742e+00
3.200000000000000000e+03 2.996290192821319920e+00
3.300000000000000000e+03 2.948402102898946442e+00
3.400000000000000000e+03 2.904684342710969425e+00
3.500000000000000000e+03 2.865065177133894636e+00
3.600000000000000000e+03 2.825714774383461858e+00
3.700000000000000000e+03 2.784668241128668065e+00
3.800000000000000000e+03 2.745276948327061817e+00
3.900000000000000000e+03 2.709212046912779837e+00
4.000000000000000000e+03 2.675611056662284160e+00
4.100000000000000000e+03 2.642079201217093942e+00
4.200000000000000000e+03 2.610204679673309158e+00
4.300000000000000000e+03 2.581203363511396898e+00
4.400000000000000000e+03 2.552152926838601399e+00
4.500000000000000000e+03 2.525737861834111087e+00
4.600000000000000000e+03 2.494531246091796106e+00
4.700000000000000000e+03 2.467886787035884932e+00
4.800000000000000000e+03 2.442533455641425544e+00
4.900000000000000000e+03 2.416415510769032604e+00
5.000000000000000000e+03 2.391256827229351067e+00
5.100000000000000000e+03 2.367686202036369814e+00
5.200000000000000000e+03 2.344288681527161966e+00
5.300000000000000000e+03 2.322884926863154842e+00
5.400000000000000000e+03 2.299944917351141704e+00
5.500000000000000000e+03 2.278750607220221713e+00
5.600000000000000000e+03 2.259093509876564543e+00
5.700000000000000000e+03 2.239604107768881747e+00
5.800000000000000000e+03 2.219273263561586162e+00
5.900000000000000000e+03 2.200205685135591782e+00
6.000000000000000000e+03 2.183081857075657162e+00
6.100000000000000000e+03 2.167146106401280470e+00
6.200000000000000000e+03 2.149876620615430056e+00
6.300000000000000000e+03 2.133467825795107409e+00
6.400000000000000000e+03 2.116028776062551575e+00
6.500000000000000000e+03 2.097772383418673670e+00
6.600000000000000000e+03 2.081763454662683976e+00
6.700000000000000000e+03 2.066130207342756098e+00
6.800000000000000000e+03 2.050069491239427499e+00
6.900000000000000000e+03 2.035323321906403748e+00
7.000000000000000000e+03 2.020763786665560779e+00
7.100000000000000000e+03 2.006637801240995778e+00
7.200000000000000000e+03 1.993345617481560694e+00
7.300000000000000000e+03 1.978619765450923662e+00
7.400000000000000000e+03 1.965588579879941511e+00
7.500000000000000000e+03 1.953037339202574163e+00
7.600000000000000000e+03 1.940287099510265678e+00
7.700000000000000000e+03 1.927931300980411322e+00
7.800000000000000000e+03 1.915300294702153128e+00
7.900000000000000000e+03 1.902845106679306619e+00
8.000000000000000000e+03 1.890031538841215220e+00
8.100000000000000000e+03 1.877916896656306234e+00
8.200000000000000000e+03 1.865742187295974297e+00
8.300000000000000000e+03 1.853957087715047747e+00
8.400000000000000000e+03 1.842869597640374391e+00
8.500000000000000000e+03 1.831916293590763356e+00
8.600000000000000000e+03 1.821053920929949665e+00
8.700000000000000000e+03 1.810753002906025255e+00
8.800000000000000000e+03 1.800015347039326530e+00
8.900000000000000000e+03 1.789644533410490457e+00
9.000000000000000000e+03 1.779708012250634352e+00
9.100000000000000000e+03 1.769876008263358447e+00
9.200000000000000000e+03 1.759758955061234920e+00
9.300000000000000000e+03 1.749590122185122887e+00
9.400000000000000000e+03 1.740308055899290496e+00
9.500000000000000000e+03 1.731221913036654625e+00
9.600000000000000000e+03 1.722094062112716983e+00
9.700000000000000000e+03 1.712212598127718310e+00
9.800000000000000000e+03 1.703803942409312988e+00
9.900000000000000000e+03 1.695967482949284344e+00
1.000000000000000000e+04 1.687662937634322846e+00
1.010000000000000000e+04 1.680017500321483448e+00
1.020000000000000000e+04 1.671424033562802780e+00
1.030000000000000000e+04 1.663391267280521335e+00
1.040000000000000000e+04 1.655168475590055532e+00
1.050000000000000000e+04 1.647269658141769400e+00
1.060000000000000000e+04 1.639344959813285429e+00
1.070000000000000000e+04 1.631301511187881914e+00
1.080000000000000000e+04 1.623457131954698429e+00
1.090000000000000000e+04 1.616229165815618707e+00
1.100000000000000000e+04 1.609099399969535105e+00
1.110000000000000000e+04 1.601769422583446900e+00
1.120000000000000000e+04 1.593913785952189244e+00
1.130000000000000000e+04 1.587123275543492085e+00
1.140000000000000000e+04 1.579758208852276136e+00
1.150000000000000000e+04 1.572483206292516478e+00
1.160000000000000000e+04 1.564598717148383944e+00
1.170000000000000000e+04 1.557804596919656781e+00
1.180000000000000000e+04 1.550980783117013484e+00
1.190000000000000000e+04 1.544414944986014282e+00
1.200000000000000000e+04 1.537897293581218516e+00
1.210000000000000000e+04 1.531553784810900432e+00
1.220000000000000000e+04 1.525339807608655729e+00
1.230000000000000000e+04 1.519051879065098420e+00
1.240000000000000000e+04 1.513581579963408252e+00
1.250000000000000000e+04 1.507238640584679157e+00
1.260000000000000000e+04 1.501716561319364374e+00
1.270000000000000000e+04 1.495700699820558865e+00
1.280000000000000000e+04 1.490259661156235538e+00
1.290000000000000000e+04 1.484142705004821039e+00
1.300000000000000000e+04 1.478438077461093680e+00
1.310000000000000000e+04 1.473005096345397558e+00
1.320000000000000000e+04 1.467045451702012615e+00
1.330000000000000000e+04 1.461117749399176935e+00
1.340000000000000000e+04 1.455622767845869969e+00
1.350000000000000000e+04 1.450578891267439330e+00
1.360000000000000000e+04 1.444903689775045574e+00
1.370000000000000000e+04 1.439225220463674404e+00
1.380000000000000000e+04 1.433881042984716636e+00
1.390000000000000000e+04 1.428317863022091405e+00
1.400000000000000000e+04 1.422778352475347008e+00
1.410000000000000000e+04 1.416738099614034185e+00
1.420000000000000000e+04 1.411706363165294853e+00
1.430000000000000000e+04 1.406337732479592484e+00
1.440000000000000000e+04 1.401445084049264489e+00
1.450000000000000000e+04 1.396482531985442588e+00
1.460000000000000000e+04 1.391506644474262533e+00
1.470000000000000000e+04 1.386412239594021489e+00
1.480000000000000000e+04 1.381870914893164937e+00
1.490000000000000000e+04 1.376854279952863358e+00
1.500000000000000000e+04 1.372306702752685625e+00
1.510000000000000000e+04 1.367291036933155901e+00
1.520000000000000000e+04 1.362460040688418417e+00
1.530000000000000000e+04 1.358011085782184990e+00
1.540000000000000000e+04 1.353759635658329241e+00
1.550000000000000000e+04 1.349417616524315022e+00
1.560000000000000000e+04 1.345264763130881835e+00
1.570000000000000000e+04 1.341303236937356314e+00
1.580000000000000000e+04 1.337326610265622051e+00
1.590000000000000000e+04 1.332980315118205361e+00
1.600000000000000000e+04 1.329046490929984614e+00
1.610000000000000000e+04 1.325072251693755643e+00
1.620000000000000000e+04 1.320919385140074898e+00
1.630000000000000000e+04 1.316928196770881243e+00
1.640000000000000000e+04 1.312610962500303069e+00
1.650000000000000000e+04 1.308711702883552430e+00
1.660000000000000000e+04 1.304773445020685374e+00
1.670000000000000000e+04 1.300532537341230421e+00
1.680000000000000000e+04 1.296536764393394492e+00
1.690000000000000000e+04 1.292387467480212049e+00
1.700000000000000000e+04 1.288183167724394673e+00
1.710000000000000000e+04 1.284259376035739919e+00
1.720000000000000000e+04 1.280582319190166185e+00
1.730000000000000000e+04 1.276648436057887803e+00
1.740000000000000000e+04 1.272778394013176717e+00
1.750000000000000000e+04 1.268967137498779429e+00
1.760000000000000000e+04 1.265092815170002272e+00
1.770000000000000000e+04 1.261222314677033607e+00
1.780000000000000000e+04 1.257817271741423770e+00
1.790000000000000000e+04 1.254324017980362971e+00
1.800000000000000000e+04 1.250835590710665191e+00
1.810000000000000000e+04 1.247239818881607620e+00
1.820000000000000000e+04 1.244106665078249074e+00
1.830000000000000000e+04 1.240455812417017523e+00
1.840000000000000000e+04 1.236831711773439979e+00
1.850000000000000000e+04 1.233550547154439903e+00
1.860000000000000000e+04 1.229838628508475917e+00
1.870000000000000000e+04 1.226407578091201378e+00
1.880000000000000000e+04 1.223001539393085979e+00
1.890000000000000000e+04 1.220195567801337200e+00
1.900000000000000000e+04 1.216781513587226193e+00
1.910000000000000000e+04 1.213580630110320913e+00
1.920000000000000000e+04 1.210442117656409744e+00
1.930000000000000000e+04 1.207203442326385545e+00
1.940000000000000000e+04 1.204209997237788432e+00
1.950000000000000000e+04 1.200667190326743627e+00
1.960000000000000000e+04 1.197517024696352461e+00
1.970000000000000000e+04 1.194716705018309177e+00
1.980000000000000000e+04 1.191841818903496053e+00
1.990000000000000000e+04 1.188909251300218850e+00
2.000000000000000000e+04 1.185866961277898257e+00
2.010000000000000000e+04 1.183081382171146334e+00
2.020000000000000000e+04 1.180047963363251462e+00
2.030000000000000000e+04 1.176960824914959680e+00
2.040000000000000000e+04 1.174025708221137165e+00
2.050000000000000000e+04 1.170848939244873765e+00
2.060000000000000000e+04 1.168241302821460659e+00
2.070000000000000000e+04 1.165449277943765960e+00
2.080000000000000000e+04 1.162671178173589670e+00
2.090000000000000000e+04 1.159812964123645429e+00
2.100000000000000000e+04 1.157008073170213924e+00
2.110000000000000000e+04 1.153990740448710417e+00
2.120000000000000000e+04 1.151410104755363317e+00
2.130000000000000000e+04 1.148593210495945094e+00
2.140000000000000000e+04 1.145693230569309717e+00
2.150000000000000000e+04 1.142927637284086417e+00
2.160000000000000000e+04 1.140019351416844184e+00
2.170000000000000000e+04 1.137325585692572361e+00
2.180000000000000000e+04 1.134482586529403259e+00
2.190000000000000000e+04 1.131550431405806911e+00
2.200000000000000000e+04 1.129038235168949855e+00
2.210000000000000000e+04 1.126330578924042758e+00
2.220000000000000000e+04 1.123748287777731392e+00
2.230000000000000000e+04 1.121095247913041160e+00
2.240000000000000000e+04 1.118521030432491070e+00
2.250000000000000000e+04 1.116393127874489410e+00
2.260000000000000000e+04 1.113610167644365934e+00
2.270000000000000000e+04 1.111115734802465838e+00
2.280000000000000000e+04 1.108861602316763895e+00
2.290000000000000000e+04 1.106236391104926886e+00
2.300000000000000000e+04 1.103713508273824973e+00
2.310000000000000000e+04 1.101430720453845158e+00
2.320000000000000000e+04 1.098851104656063393e+00
2.330000000000000000e+04 1.096327732556081624e+00
2.340000000000000000e+04 1.093624539878096602e+00
2.350000000000000000e+04 1.091386836160732399e+00
2.360000000000000000e+04 1.088978465644894422e+00
2.370000000000000000e+04 1.086635388905736299e+00
2.380000000000000000e+04 1.084213162623882010e+00
2.390000000000000000e+04 1.082042717447843527e+00
2.400000000000000000e+04 1.079829080070823011e+00
2.410000000000000000e+04 1.077510703169780371e+00
2.420000000000000000e+04 1.075077693304526072e+00
2.430000000000000000e+04 1.072883461535500516e+00
2.440000000000000000e+04 1.070776946726816448e+00
2.450000000000000000e+04 1.068244800646689141e+00
2.460000000000000000e+04 1.065856935352027968e+00
2.470000000000000000e+04 1.063696960187352047e+00
2.480000000000000000e+04 1.061474893495504057e+00
2.490000000000000000e+04 1.059658929036829900e+00
2.500000000000000000e+04 1.057472950525046196e+00
2.510000000000000000e+04 1.055309517100827765e+00
2.520000000000000000e+04 1.053021596285737216e+00
2.530000000000000000e+04 1.051064423272251247e+00
2.540000000000000000e+04 1.048861584767846189e+00
2.550000000000000000e+04 1.046710371187609123e+00
2.560000000000000000e+04 1.044706160903706937e+00
2.570000000000000000e+04 1.042615876923924212e+00
2.580000000000000000e+04 1.040640820251404142e+00
2.590000000000000000e+04 1.038430156597859977e+00
2.600000000000000000e+04 1.036124303344310604e+00
2.610000000000000000e+04 1.034247894226086206e+00
2.620000000000000000e+04 1.032103187800853306e+00
2.630000000000000000e+04 1.030059181844524385e+00
2.640000000000000000e+04 1.027888514834576217e+00
2.650000000000000000e+04 1.025863008606030746e+00
2.660000000000000000e+04 1.023927929562311157e+00
2.670000000000000000e+04 1.021824391258144615e+00
2.680000000000000000e+04 1.019832495025196462e+00
2.690000000000000000e+04 1.017873320249475411e+00
2.700000000000000000e+04 1.016001999600979477e+00
2.710000000000000000e+04 1.014192922089987459e+00
2.720000000000000000e+04 1.012400440366128418e+00
2.730000000000000000e+04 1.010475914528156771e+00
2.740000000000000000e+04 1.008400985162515751e+00
2.750000000000000000e+04 1.006690114700071970e+00
2.760000000000000000e+04 1.004930384393045051e+00
2.770000000000000000e+04 1.003205975414157569e+00
2.780000000000000000e+04 1.001244646821813689e+00
2.790000000000000000e+04 9.993751571806914757e-01
2.800000000000000000e+04 9.975216499691497152e-01
2.810000000000000000e+04 9.956500195008809451e-01
2.820000000000000000e+04 9.937710347362980201e-01
2.830000000000000000e+04 9.920011910454490378e-01
2.840000000000000000e+04 9.901146023441160793e-01
2.850000000000000000e+04 9.882852313521415244e-01
2.860000000000000000e+04 9.863687397660330092e-01
2.870000000000000000e+04 9.845451989414747418e-01
2.880000000000000000e+04 9.826852872356393043e-01
2.890000000000000000e+04 9.808901219552901285e-01
2.900000000000000000e+04 9.791347442889055674e-01
2.910000000000000000e+04 9.775338992828828122e-01
2.920000000000000000e+04 9.757769113827106100e-01
2.930000000000000000e+04 9.739151781816595133e-01
2.940000000000000000e+04 9.723114051476366981e-01
2.950000000000000000e+04 9.707098754918634942e-01
2.960000000000000000e+04 9.689402406868921069e-01
2.970000000000000000e+04 9.673995285241950848e-01
2.980000000000000000e+04 9.654796712612163656e-01
2.990000000000000000e+04 9.639094320140987326e-01
3.000000000000000000e+04 9.622991742326096887e-01
3.010000000000000000e+04 9.604899250165634950e-01
3.020000000000000000e+04 9.588865187456803163e-01
3.030000000000000000e+04 9.574405929735824161e-01
3.040000000000000000e+04 9.560359685623374126e-01
3.050000000000000000e+04 9.544788527374868936e-01
3.060000000000000000e+04 9.527654032208998647e-01
3.070000000000000000e+04 9.513056675694677722e-01
3.080000000000000000e+04 9.497808929777321607e-01
3.090000000000000000e+04 9.480811419250547711e-01
3.100000000000000000e+04 9.465146471491087121e-01
3.110000000000000000e+04 9.448313964314551949e-01
3.120000000000000000e+04 9.430857732055999421e-01
3.130000000000000000e+04 9.414903187717458266e-01
3.140000000000000000e+04 9.399830826548351004e-01
3.150000000000000000e+04 9.383491445092966288e-01
3.160000000000000000e+04 9.368979301943238802e-01
3.170000000000000000e+04 9.354035682331020007e-01
3.180000000000000000e+04 9.339839716471027842e-01
3.190000000000000000e+04 9.326051898579571509e-01
3.200000000000000000e+04 9.311503300885031198e-01
3.210000000000000000e+04 9.294764994264687052e-01
3.220000000000000000e+04 9.282722844866286849e-01
3.230000000000000000e+04 9.266129074933129317e-01
3.240000000000000000e+04 9.252628514137625215e-01
3.250000000000000000e+04 9.235751812789743109e-01
3.260000000000000000e+04 9.221233292640961254e-01
3.270000000000000000e+04 9.206391121189719806e-01
3.280000000000000000e+04 9.190373385684629248e-01
3.290000000000000000e+04 9.176148917339854716e-01
3.300000000000000000e+04 9.162053431857644092e-01
3.310000000000000000e+04 9.147549429534898024e-01
3.320000000000000000e+04 9.132838870710006107e-01
3.330000000000000000e+04 9.118307270691333732e-01
3.340000000000000000e+04 9.104680606037192092e-01
3.350000000000000000e+04 9.091240283713805104e-01
3.360000000000000000e+04 9.077849400236484012e-01
3.370000000000000000e+04 9.063222528391121635e-01
3.380000000000000000e+04 9.049006694639589732e-01
3.390000000000000000e+04 9.036581714233391516e-01
3.400000000000000000e+04 9.021851390743294008e-01
3.410000000000000000e+04 9.007998382030828477e-01
3.420000000000000000e+04 8.995802394263896495e-01
3.430000000000000000e+04 8.980951280580034002e-01
3.440000000000000000e+04 8.968095319809514798e-01
3.450000000000000000e+04 8.955722579600388089e-01
3.460000000000000000e+04 8.942316648524123446e-01
3.470000000000000000e+04 8.927803661102784449e-01
3.480000000000000000e+04 8.915609157785855388e-01
3.490000000000000000e+04 8.904545642112244863e-01
3.500000000000000000e+04 8.892411978763850033e-01
3.510000000000000000e+04 8.877677061012225757e-01
3.520000000000000000e+04 8.864338140658856169e-01
3.530000000000000000e+04 8.851385893215261147e-01
3.540000000000000000e+04 8.839039434312537802e-01
3.550000000000000000e+04 8.827521938768496668e-01
3.560000000000000000e+04 8.813902946017032614e-01
3.570000000000000000e+04 8.799921584257863749e-01
3.580000000000000000e+04 8.787091979746366466e-01
3.590000000000000000e+04 8.772799455327818796e-01
3.600000000000000000e+04 8.760596819109339739e-01
3.610000000000000000e+04 8.747105758635731476e-01
3.620000000000000000e+04 8.736716285519294800e-01
3.630000000000000000e+04 8.725176715990784482e-01
3.640000000000000000e+04 8.713819103006530398e-01
3.650000000000000000e+04 8.699706611370515708e-01
3.660000000000000000e+04 8.687156822609531925e-01
3.670000000000000000e+04 8.674547719352732056e-01
3.680000000000000000e+04 8.662124951167917697e-01
3.690000000000000000e+04 8.649814852762227613e-01
