9.000000000000000000e+00 5.154638841653952142e+01
1.000000000000000000e+01 4.827878414339924262e+01
1.100000000000000000e+01 4.418834311556116035e+01
1.200000000000000000e+01 3.706283863941891354e+01
1.300000000000000000e+01 3.392332489065759660e+01
1.400000000000000000e+01 3.232752895236967561e+01
1.500000000000000000e+01 3.064331099111483780e+01
1.600000000000000000e+01 2.868262157221285236e+01
1.700000000000000000e+01 2.771455845389392536e+01
1.800000000000000000e+01 2.680534949863844218e+01
1.900000000000000000e+01 2.545151380771375216e+01
2.000000000000000000e+01 2.476668879906905474e+01
2.100000000000000000e+01 2.417530174097754525e+01
2.200000000000000000e+01 2.317298337700947997e+01
2.300000000000000000e+01 2.277906193945660007e+01
2.400000000000000000e+01 2.222600637719877881e+01
2.500000000000000000e+01 2.145560972771274422e+01
2.600000000000000000e+01 2.112927565318926426e+01
2.700000000000000000e+01 2.070490286068703867e+01
2.800000000000000000e+01 2.007998683419085140e+01
2.900000000000000000e+01 1.968955909351472755e+01
3.000000000000000000e+01 1.947361290253415333e+01
3.100000000000000000e+01 1.895240211063961411e+01
3.200000000000000000e+01 1.864920970586074844e+01
3.300000000000000000e+01 1.844979102714863473e+01
3.400000000000000000e+01 1.800174147869221031e+01
3.500000000000000000e+01 1.774193044669257802e+01
3.600000000000000000e+01 1.758082962691397810e+01
3.700000000000000000e+01 1.719303597939816441e+01
3.800000000000000000e+01 1.697832917184597434e+01
3.900000000000000000e+01 1.683017364587332310e+01
4.000000000000000000e+01 1.648987540963755549e+01
4.100000000000000000e+01 1.630271325552081052e+01
4.200000000000000000e+01 1.617361526024164675e+01
4.300000000000000000e+01 1.587667827643891982e+01
4.400000000000000000e+01 1.570642058859546886e+01
4.500000000000000000e+01 1.559251049942233003e+01
4.600000000000000000e+01 1.532604072078261126e+01
4.700000000000000000e+01 1.517518265570449820e+01
4.800000000000000000e+01 1.507312063731031060e+01
4.900000000000000000e+01 1.483224967536992445e+01
5.000000000000000000e+01 1.469835590131130942e+01
5.100000000000000000e+01 1.460522843307523644e+01
5.200000000000000000e+01 1.438496314806718246e+01
5.300000000000000000e+01 1.429005495900067757e+01
5.400000000000000000e+01 1.418116344535503615e+01
5.500000000000000000e+01 1.398025022517598437e+01
5.600000000000000000e+01 1.389100480744626154e+01
5.700000000000000000e+01 1.379390661850234778e+01
5.800000000000000000e+01 1.360971248350824858e+01
5.900000000000000000e+01 1.352628575202299643e+01
6.000000000000000000e+01 1.343834436738839422e+01
6.100000000000000000e+01 1.326837147595000843e+01
6.200000000000000000e+01 1.319833746252956885e+01
6.300000000000000000e+01 1.311052408824431126e+01
6.400000000000000000e+01 1.295358480989581551e+01
6.500000000000000000e+01 1.288980230291057438e+01
6.600000000000000000e+01 1.280699954036064625e+01
6.700000000000000000e+01 1.266102656819930417e+01
6.800000000000000000e+01 1.260215949650799239e+01
6.900000000000000000e+01 1.252482619262440267e+01
7.000000000000000000e+01 1.238866894682638176e+01
7.100000000000000000e+01 1.233371409040414335e+01
7.200000000000000000e+01 1.226151693900700934e+01
7.300000000000000000e+01 1.213444592955896084e+01
7.400000000000000000e+01 1.208422206861283499e+01
7.500000000000000000e+01 1.201512483943649912e+01
7.600000000000000000e+01 1.189590331668357948e+01
7.700000000000000000e+01 1.184998281040835799e+01
7.800000000000000000e+01 1.178379093116300069e+01
7.900000000000000000e+01 1.167122378181134579e+01
8.000000000000000000e+01 1.164837542515687296e+01
8.100000000000000000e+01 1.157340279698892083e+01
8.200000000000000000e+01 1.146811925037029489e+01
8.300000000000000000e+01 1.145825484015862017e+01
8.400000000000000000e+01 1.138069712987783788e+01
8.500000000000000000e+01 1.125943865801158239e+01
8.600000000000000000e+01 1.126123905375009926e+01
8.700000000000000000e+01 1.118976637043032696e+01
8.800000000000000000e+01 1.107111030606160185e+01
8.900000000000000000e+01 1.107279058396878391e+01
9.000000000000000000e+01 1.102714716156464370e+01
9.100000000000000000e+01 1.089223441032373252e+01
9.200000000000000000e+01 1.089379134454212661e+01
9.300000000000000000e+01 1.085016059647378128e+01
9.400000000000000000e+01 1.072128036319061728e+01
9.500000000000000000e+01 1.072275569002909812e+01
9.600000000000000000e+01 1.068125798759820100e+01
9.700000000000000000e+01 1.056003663023054528e+01
9.800000000000000000e+01 1.056133462762660002e+01
9.900000000000000000e+01 1.050246951588503386e+01
1.000000000000000000e+03 3.532570770856611198e+00
1.001000000000000000e+03 3.528216002440463406e+00
1.002000000000000000e+03 3.527863855006075688e+00
1.003000000000000000e+03 3.527644468236772024e+00
1.004000000000000000e+03 3.523307947535942120e+00
1.005000000000000000e+03 3.522957344029675308e+00
1.006000000000000000e+03 3.522739325778826647e+00
1.007000000000000000e+03 3.518423628426647021e+00
1.008000000000000000e+03 3.518074879519358156e+00
1.009000000000000000e+03 3.517856459444882677e+00
1.010000000000000000e+03 3.513559645773692175e+00
1.011000000000000000e+03 3.513212317710795674e+00
1.012000000000000000e+03 3.512995128354062579e+00
1.013000000000000000e+03 3.508716843419382059e+00
1.014000000000000000e+03 3.508370841408670060e+00
1.015000000000000000e+03 3.508154832553519675e+00
1.016000000000000000e+03 3.503894854631250055e+00
1.017000000000000000e+03 3.503550258626440872e+00
1.018000000000000000e+03 3.503335419292255004e+00
1.019000000000000000e+03 3.499093590442805546e+00
1.020000000000000000e+03 3.498750274657019155e+00
1.021000000000000000e+03 3.498536660274081722e+00
1.022000000000000000e+03 3.494312479377521097e+00
1.023000000000000000e+03 3.493970646212893882e+00
1.024000000000000000e+03 3.493758216826575058e+00
1.025000000000000000e+03 3.489551296036216055e+00
1.026000000000000000e+03 3.489210817320250069e+00
1.027000000000000000e+03 3.488998829090475873e+00
1.028000000000000000e+03 3.484811622407986142e+00
1.029000000000000000e+03 3.484472552538979251e+00
1.030000000000000000e+03 3.484261703159365897e+00
1.031000000000000000e+03 3.480091775510231411e+00
1.032000000000000000e+03 3.479754191775890959e+00
1.033000000000000000e+03 3.479544611780215568e+00
1.034000000000000000e+03 3.475392186868756284e+00
1.035000000000000000e+03 3.475056274915015120e+00
1.036000000000000000e+03 3.474848086683240300e+00
1.037000000000000000e+03 3.470711484145614811e+00
1.038000000000000000e+03 3.470376892384842371e+00
1.039000000000000000e+03 3.470170021987401654e+00
1.040000000000000000e+03 3.466051010744948702e+00
1.041000000000000000e+03 3.465717647284223268e+00
1.042000000000000000e+03 3.465511908565656718e+00
1.043000000000000000e+03 3.461410771711621592e+00
1.044000000000000000e+03 3.461078984340822728e+00
1.045000000000000000e+03 3.460873663346911933e+00
1.046000000000000000e+03 3.456789948384515476e+00
1.047000000000000000e+03 3.456459740793667468e+00
1.048000000000000000e+03 3.456255649646634343e+00
1.049000000000000000e+03 3.452188320255551446e+00
1.050000000000000000e+03 3.451859494525746808e+00
1.051000000000000000e+03 3.451656700613008777e+00
1.052000000000000000e+03 3.447606422012647442e+00
1.053000000000000000e+03 3.447279156370686604e+00
1.054000000000000000e+03 3.447077491094334256e+00
1.055000000000000000e+03 3.443043434615130849e+00
1.056000000000000000e+03 3.442717502831086573e+00
1.057000000000000000e+03 3.442517027495632043e+00
1.058000000000000000e+03 3.438499263002340101e+00
1.059000000000000000e+03 3.438174345363431250e+00
1.060000000000000000e+03 3.437974813482068903e+00
1.061000000000000000e+03 3.433974287181044804e+00
1.062000000000000000e+03 3.433650999301698814e+00
1.063000000000000000e+03 3.433452723445838295e+00
1.064000000000000000e+03 3.429467959223589268e+00
1.065000000000000000e+03 3.429145840218799091e+00
1.066000000000000000e+03 3.428948607957178041e+00
1.067000000000000000e+03 3.424980167877881065e+00
1.068000000000000000e+03 3.424659345145291134e+00
1.069000000000000000e+03 3.424462429929785223e+00
1.070000000000000000e+03 3.420510920786973941e+00
1.071000000000000000e+03 3.420191418097855873e+00
1.072000000000000000e+03 3.419995554525856907e+00
1.073000000000000000e+03 3.416059754511945101e+00
1.074000000000000000e+03 3.415741817703778604e+00
1.075000000000000000e+03 3.415547230953467128e+00
1.076000000000000000e+03 3.411627778721809889e+00
1.077000000000000000e+03 3.411311120762491989e+00
1.078000000000000000e+03 3.411116769606000965e+00
1.079000000000000000e+03 3.407213284451148461e+00
1.080000000000000000e+03 3.406897872916993197e+00
1.081000000000000000e+03 3.406704616486624371e+00
1.082000000000000000e+03 3.402817514473749139e+00
1.083000000000000000e+03 3.402503811328113859e+00
1.084000000000000000e+03 3.402311122357001505e+00
1.085000000000000000e+03 3.398438110770911180e+00
1.086000000000000000e+03 3.398125546164399768e+00
1.087000000000000000e+03 3.397933890618760167e+00
1.088000000000000000e+03 3.394077889313460439e+00
1.089000000000000000e+03 3.393766826102168732e+00
1.090000000000000000e+03 3.393575482868140369e+00
1.091000000000000000e+03 3.389734550165198534e+00
1.092000000000000000e+03 3.389424082160580110e+00
1.093000000000000000e+03 3.389233411763071580e+00
1.094000000000000000e+03 3.385407515436642534e+00
1.095000000000000000e+03 3.385097988622321807e+00
1.096000000000000000e+03 3.384908248016474719e+00
1.097000000000000000e+03 3.381097862098978890e+00
1.098000000000000000e+03 3.380789633844152320e+00
1.099000000000000000e+03 3.380600940264766763e+00
2.000000000000000000e+03 2.557253995406250091e+00
2.001000000000000000e+03 2.556924361664909995e+00
2.002000000000000000e+03 2.556756922302993118e+00
2.003000000000000000e+03 2.555469773085237151e+00
2.004000000000000000e+03 2.555140964634084355e+00
2.005000000000000000e+03 2.554973967601298579e+00
2.006000000000000000e+03 2.553689765355778629e+00
2.007000000000000000e+03 2.553361574945580692e+00
2.008000000000000000e+03 2.553194779443324958e+00
2.009000000000000000e+03 2.551913300118523242e+00
2.010000000000000000e+03 2.551585765575587139e+00
2.011000000000000000e+03 2.551419342240809129e+00
2.012000000000000000e+03 2.550140695324601747e+00
2.013000000000000000e+03 2.549814004906603593e+00
2.014000000000000000e+03 2.549647912790271143e+00
2.015000000000000000e+03 2.548372106405721649e+00
2.016000000000000000e+03 2.548046289124827002e+00
2.017000000000000000e+03 2.547880486161167024e+00
2.018000000000000000e+03 2.546607460261099742e+00
2.019000000000000000e+03 2.546282267135294042e+00
2.020000000000000000e+03 2.546116855261886691e+00
2.021000000000000000e+03 2.544846550894368509e+00
2.022000000000000000e+03 2.544522095855207944e+00
2.023000000000000000e+03 2.544356923532788528e+00
2.024000000000000000e+03 2.543089641482560559e+00
2.025000000000000000e+03 2.542765638376150772e+00
2.026000000000000000e+03 2.542600844884001177e+00
2.027000000000000000e+03 2.541336362115204306e+00
2.028000000000000000e+03 2.541012886798666770e+00
2.029000000000000000e+03 2.540848460176067469e+00
2.030000000000000000e+03 2.539586969805366579e+00
2.031000000000000000e+03 2.539264076331659403e+00
2.032000000000000000e+03 2.539099852285032988e+00
2.033000000000000000e+03 2.537841593143816965e+00
2.034000000000000000e+03 2.537519244813660535e+00
2.035000000000000000e+03 2.537355136732401206e+00
2.036000000000000000e+03 2.536099653586132874e+00
2.037000000000000000e+03 2.535778046632767513e+00
2.038000000000000000e+03 2.535614202026472253e+00
2.039000000000000000e+03 2.534361472151579697e+00
2.040000000000000000e+03 2.534040552749397435e+00
2.041000000000000000e+03 2.533877148883828312e+00
2.042000000000000000e+03 2.532626982557220519e+00
2.043000000000000000e+03 2.532306793972147752e+00
2.044000000000000000e+03 2.532143754455686846e+00
2.045000000000000000e+03 2.530896293408832598e+00
2.046000000000000000e+03 2.530576631095253326e+00
2.047000000000000000e+03 2.530413965517642083e+00
2.048000000000000000e+03 2.529169274491726682e+00
2.049000000000000000e+03 2.528850325401579280e+00
2.050000000000000000e+03 2.528688071630357914e+00
2.051000000000000000e+03 2.527446195953628738e+00
2.052000000000000000e+03 2.527128046637902692e+00
2.053000000000000000e+03 2.526965953387556141e+00
2.054000000000000000e+03 2.525726530523463076e+00
2.055000000000000000e+03 2.525409075076268994e+00
2.056000000000000000e+03 2.525247373586369193e+00
2.057000000000000000e+03 2.524010901589262890e+00
2.058000000000000000e+03 2.523693975446019699e+00
2.059000000000000000e+03 2.523532467935793999e+00
2.060000000000000000e+03 2.522298489963357593e+00
2.061000000000000000e+03 2.521982221768447996e+00
2.062000000000000000e+03 2.521821088183167525e+00
2.063000000000000000e+03 2.520589813806900725e+00
2.064000000000000000e+03 2.520274081414823453e+00
2.065000000000000000e+03 2.520113296764298738e+00
2.066000000000000000e+03 2.518884565730581837e+00
2.067000000000000000e+03 2.518569498540237372e+00
2.068000000000000000e+03 2.518409129520863932e+00
2.069000000000000000e+03 2.517182990914330176e+00
2.070000000000000000e+03 2.516868712255964091e+00
2.071000000000000000e+03 2.516708774166431795e+00
2.072000000000000000e+03 2.515485242275860678e+00
2.073000000000000000e+03 2.515171695176230848e+00
2.074000000000000000e+03 2.515012185979148551e+00
2.075000000000000000e+03 2.513790996875322037e+00
2.076000000000000000e+03 2.513478057786112885e+00
2.077000000000000000e+03 2.513318900920182841e+00
2.078000000000000000e+03 2.512100400309350334e+00
2.079000000000000000e+03 2.511787963974056126e+00
2.080000000000000000e+03 2.511629113886673981e+00
2.081000000000000000e+03 2.510413424626492418e+00
2.082000000000000000e+03 2.510101698462171793e+00
2.083000000000000000e+03 2.509943077973793457e+00
2.084000000000000000e+03 2.508729823535650105e+00
2.085000000000000000e+03 2.508418839884202001e+00
2.086000000000000000e+03 2.508260600156209108e+00
2.087000000000000000e+03 2.507049732244788665e+00
2.088000000000000000e+03 2.506739370391755539e+00
2.089000000000000000e+03 2.506581488830403437e+00
2.090000000000000000e+03 2.505373068428741412e+00
2.091000000000000000e+03 2.505063317038823456e+00
2.092000000000000000e+03 2.504905825565870714e+00
2.093000000000000000e+03 2.503699932398818273e+00
2.094000000000000000e+03 2.503390878522834928e+00
2.095000000000000000e+03 2.503233779325402697e+00
2.096000000000000000e+03 2.502030647046919132e+00
2.097000000000000000e+03 2.501722110826410272e+00
2.098000000000000000e+03 2.501565386746418262e+00
2.099000000000000000e+03 2.500364718749463755e+00
3.000000000000000000e+03 2.117232229444864888e+00
3.001000000000000000e+03 2.117137464147784698e+00
3.002000000000000000e+03 2.116427751288218584e+00
3.003000000000000000e+03 2.116245883777452708e+00
3.004000000000000000e+03 2.116151278359889254e+00
3.005000000000000000e+03 2.115442598830399756e+00
3.006000000000000000e+03 2.115260984170745484e+00
3.007000000000000000e+03 2.115166473841631589e+00
3.008000000000000000e+03 2.114458816253490081e+00
3.009000000000000000e+03 2.114277538615802143e+00
3.010000000000000000e+03 2.114183217959140659e+00
3.011000000000000000e+03 2.113476510864946700e+00
3.012000000000000000e+03 2.113295497992625727e+00
3.013000000000000000e+03 2.113201345038382417e+00
3.014000000000000000e+03 2.112495603990590887e+00
3.015000000000000000e+03 2.112314859068987971e+00
3.016000000000000000e+03 2.112220879713920141e+00
3.017000000000000000e+03 2.111516144913022419e+00
3.018000000000000000e+03 2.111335653817986824e+00
3.019000000000000000e+03 2.111241818765646094e+00
3.020000000000000000e+03 2.110538127396219821e+00
3.021000000000000000e+03 2.110357915247905058e+00
3.022000000000000000e+03 2.110264188283524689e+00
3.023000000000000000e+03 2.109561481092477209e+00
3.024000000000000000e+03 2.109381542610405891e+00
3.025000000000000000e+03 2.109288002103287596e+00
3.026000000000000000e+03 2.108586343986911693e+00
3.027000000000000000e+03 2.108406703223366652e+00
3.028000000000000000e+03 2.108313262361764195e+00
3.029000000000000000e+03 2.107612609887654198e+00
3.030000000000000000e+03 2.107433270813560799e+00
3.031000000000000000e+03 2.107339939221599678e+00
3.032000000000000000e+03 2.106640275372729576e+00
3.033000000000000000e+03 2.106461219585007427e+00
3.034000000000000000e+03 2.106367994879561500e+00
3.035000000000000000e+03 2.105669321055095189e+00
3.036000000000000000e+03 2.105490566223015225e+00
3.037000000000000000e+03 2.105397504080008364e+00
3.038000000000000000e+03 2.104699798500587082e+00
3.039000000000000000e+03 2.104521321476419349e+00
3.040000000000000000e+03 2.104428375962855036e+00
3.041000000000000000e+03 2.103731702139830517e+00
3.042000000000000000e+03 2.103553479743762722e+00
3.043000000000000000e+03 2.103460699780286269e+00
3.044000000000000000e+03 2.102765032583180815e+00
3.045000000000000000e+03 2.102587006080807619e+00
3.046000000000000000e+03 2.102494365651135233e+00
3.047000000000000000e+03 2.101799662755805986e+00
3.048000000000000000e+03 2.101621920856938441e+00
3.049000000000000000e+03 2.101529442208676102e+00
3.050000000000000000e+03 2.100835845097742904e+00
3.051000000000000000e+03 2.100658389099671286e+00
3.052000000000000000e+03 2.100565920210532234e+00
3.053000000000000000e+03 2.099873355288361054e+00
3.054000000000000000e+03 2.099696158185278883e+00
3.055000000000000000e+03 2.099603845136633673e+00
3.056000000000000000e+03 2.098912193468529974e+00
3.057000000000000000e+03 2.098735268955044919e+00
3.058000000000000000e+03 2.098643105274260012e+00
3.059000000000000000e+03 2.097952485915322018e+00
3.060000000000000000e+03 2.097775776298253625e+00
3.061000000000000000e+03 2.097683685764810679e+00
3.062000000000000000e+03 2.096994126346219733e+00
3.063000000000000000e+03 2.096817633252079371e+00
3.064000000000000000e+03 2.096725629268579638e+00
3.065000000000000000e+03 2.096037031444336396e+00
3.066000000000000000e+03 2.095860855593592476e+00
3.067000000000000000e+03 2.095769020991793852e+00
3.068000000000000000e+03 2.095081363039424716e+00
3.069000000000000000e+03 2.094905428336899078e+00
3.070000000000000000e+03 2.094813691607066986e+00
3.071000000000000000e+03 2.094127011325122023e+00
3.072000000000000000e+03 2.093951377043057338e+00
3.073000000000000000e+03 2.093859808937300393e+00
3.074000000000000000e+03 2.093174126494025789e+00
3.075000000000000000e+03 2.092998723744320611e+00
3.076000000000000000e+03 2.092907298952987993e+00
3.077000000000000000e+03 2.092222536765578234e+00
3.078000000000000000e+03 2.092047371875462858e+00
3.079000000000000000e+03 2.091956087907957951e+00
3.080000000000000000e+03 2.091272287469744029e+00
3.081000000000000000e+03 2.091097340206644173e+00
3.082000000000000000e+03 2.091006144978068804e+00
3.083000000000000000e+03 2.090323365187663818e+00
3.084000000000000000e+03 2.090148700683527316e+00
3.085000000000000000e+03 2.090057611710436358e+00
3.086000000000000000e+03 2.089375842944817485e+00
3.087000000000000000e+03 2.089201406573227615e+00
3.088000000000000000e+03 2.089110469481573418e+00
3.089000000000000000e+03 2.088429639824277650e+00
3.090000000000000000e+03 2.088255462686412045e+00
3.091000000000000000e+03 2.088164666202263930e+00
3.092000000000000000e+03 2.087484793247525783e+00
3.093000000000000000e+03 2.087310901837411858e+00
3.094000000000000000e+03 2.087220209540643800e+00
3.095000000000000000e+03 2.086541279875604449e+00
3.096000000000000000e+03 2.086367653815564438e+00
3.097000000000000000e+03 2.086277069148945174e+00
3.098000000000000000e+03 2.085599068034725168e+00
3.099000000000000000e+03 2.085425711133352067e+00
4.000000000000000000e+03 1.851543325884096758e+00
4.001000000000000000e+03 1.851076759729954890e+00
4.002000000000000000e+03 1.850957621959248289e+00
4.003000000000000000e+03 1.850895599361293442e+00
4.004000000000000000e+03 1.850429566623594368e+00
4.005000000000000000e+03 1.850310515295018998e+00
4.006000000000000000e+03 1.850248557477515376e+00
4.007000000000000000e+03 1.849783029402936485e+00
4.008000000000000000e+03 1.849664120863136363e+00
4.009000000000000000e+03 1.849602253292235821e+00
4.010000000000000000e+03 1.849137236842463672e+00
4.011000000000000000e+03 1.849018482733836066e+00
4.012000000000000000e+03 1.848956673008974594e+00
4.013000000000000000e+03 1.848492143334768745e+00
4.014000000000000000e+03 1.848373542916580403e+00
4.015000000000000000e+03 1.848311820719002796e+00
4.016000000000000000e+03 1.847847782248843718e+00
4.017000000000000000e+03 1.847729312876420948e+00
4.018000000000000000e+03 1.847667640253413346e+00
4.019000000000000000e+03 1.847204128075414786e+00
4.020000000000000000e+03 1.847085774797557312e+00
4.021000000000000000e+03 1.847024182057511510e+00
4.022000000000000000e+03 1.846561165133574267e+00
4.023000000000000000e+03 1.846442941321123854e+00
4.024000000000000000e+03 1.846381417563591310e+00
4.025000000000000000e+03 1.845918890538628787e+00
4.026000000000000000e+03 1.845800827517556364e+00
4.027000000000000000e+03 1.845739393808451645e+00
4.028000000000000000e+03 1.845277397418013887e+00
4.029000000000000000e+03 1.845159422707218333e+00
4.030000000000000000e+03 1.845097996498716197e+00
4.031000000000000000e+03 1.844636506616006644e+00
4.032000000000000000e+03 1.844518663120603197e+00
4.033000000000000000e+03 1.844457316969009053e+00
4.034000000000000000e+03 1.843996315125448815e+00
4.035000000000000000e+03 1.843878645288552498e+00
4.036000000000000000e+03 1.843817392796146537e+00
4.037000000000000000e+03 1.843356878267535359e+00
4.038000000000000000e+03 1.843239281979522914e+00
4.039000000000000000e+03 1.843178084655461291e+00
4.040000000000000000e+03 1.842718065658938809e+00
4.041000000000000000e+03 1.842600646680045307e+00
4.042000000000000000e+03 1.842539543489812193e+00
4.043000000000000000e+03 1.842079980430961772e+00
4.044000000000000000e+03 1.841962694294102754e+00
4.045000000000000000e+03 1.841901665967550006e+00
4.046000000000000000e+03 1.841442590350067965e+00
4.047000000000000000e+03 1.841325464120662669e+00
4.048000000000000000e+03 1.841264495446419236e+00
4.049000000000000000e+03 1.840805910651654109e+00
4.050000000000000000e+03 1.840688906598508812e+00
4.051000000000000000e+03 1.840627973948459228e+00
4.052000000000000000e+03 1.840169881819791575e+00
4.053000000000000000e+03 1.840052997969037651e+00
4.054000000000000000e+03 1.839992135315765776e+00
4.055000000000000000e+03 1.839534584214584712e+00
4.056000000000000000e+03 1.839417866870383111e+00
4.057000000000000000e+03 1.839357007666323707e+00
4.058000000000000000e+03 1.838899929864341143e+00
4.059000000000000000e+03 1.838783354987460594e+00
4.060000000000000000e+03 1.838722585137779753e+00
4.061000000000000000e+03 1.838266005296171457e+00
4.062000000000000000e+03 1.838149539947497635e+00
4.063000000000000000e+03 1.838088843761116031e+00
4.064000000000000000e+03 1.837632727770203811e+00
4.065000000000000000e+03 1.837516396630788140e+00
4.066000000000000000e+03 1.837455782683561356e+00
4.067000000000000000e+03 1.837000142005364989e+00
4.068000000000000000e+03 1.836883952070014203e+00
4.069000000000000000e+03 1.836823416244652618e+00
4.070000000000000000e+03 1.836368233896292335e+00
4.071000000000000000e+03 1.836252175899047767e+00
4.072000000000000000e+03 1.836191718045106391e+00
4.073000000000000000e+03 1.835737031382007389e+00
4.074000000000000000e+03 1.835621080371173885e+00
4.075000000000000000e+03 1.835560699505663917e+00
4.076000000000000000e+03 1.835106490221044551e+00
4.077000000000000000e+03 1.834990656686645849e+00
4.078000000000000000e+03 1.834930342423517935e+00
4.079000000000000000e+03 1.834476603087997315e+00
4.080000000000000000e+03 1.834360902083648881e+00
4.081000000000000000e+03 1.834300669201381240e+00
4.082000000000000000e+03 1.833847415921296076e+00
4.083000000000000000e+03 1.833731888184868097e+00
4.084000000000000000e+03 1.833671721568836066e+00
4.085000000000000000e+03 1.833219016977469806e+00
4.086000000000000000e+03 1.833103582454998826e+00
4.087000000000000000e+03 1.833043430679195174e+00
4.088000000000000000e+03 1.832591249375599141e+00
4.089000000000000000e+03 1.832475905541173899e+00
4.090000000000000000e+03 1.832415822267490224e+00
4.091000000000000000e+03 1.831964108115329726e+00
4.092000000000000000e+03 1.831848886927481379e+00
4.093000000000000000e+03 1.831788850400606794e+00
4.094000000000000000e+03 1.831337643801379977e+00
4.095000000000000000e+03 1.831222538468288530e+00
4.096000000000000000e+03 1.831162572357067919e+00
4.097000000000000000e+03 1.830711823452520592e+00
4.098000000000000000e+03 1.830596838987877506e+00
4.099000000000000000e+03 1.830536945631074719e+00
5.000000000000000000e+03 1.668187251932757409e+00
5.001000000000000000e+03 1.668100813362285884e+00
5.002000000000000000e+03 1.668056093210883883e+00
5.003000000000000000e+03 1.667720139062562446e+00
5.004000000000000000e+03 1.667633758492926610e+00
5.005000000000000000e+03 1.667589080102448218e+00
5.006000000000000000e+03 1.667253426210411948e+00
5.007000000000000000e+03 1.667167121824522091e+00
5.008000000000000000e+03 1.667122493142841444e+00
5.009000000000000000e+03 1.666787121228563873e+00
5.010000000000000000e+03 1.666700897286623739e+00
5.011000000000000000e+03 1.666656299660594698e+00
5.012000000000000000e+03 1.666321209394509673e+00
5.013000000000000000e+03 1.666235059005512387e+00
5.014000000000000000e+03 1.666190504241794823e+00
5.015000000000000000e+03 1.665855709081901281e+00
5.016000000000000000e+03 1.665769647103402029e+00
5.017000000000000000e+03 1.665725127339223510e+00
5.018000000000000000e+03 1.665390625136209835e+00
5.019000000000000000e+03 1.665304660279503857e+00
5.020000000000000000e+03 1.665260176682448190e+00
5.021000000000000000e+03 1.664925945302599963e+00
5.022000000000000000e+03 1.664840066745641334e+00
5.023000000000000000e+03 1.664795630302499774e+00
5.024000000000000000e+03 1.664461698136943335e+00
5.025000000000000000e+03 1.664375888120487090e+00
5.026000000000000000e+03 1.664331479288636340e+00
5.027000000000000000e+03 1.663997834302234136e+00
5.028000000000000000e+03 1.663912101366899821e+00
5.029000000000000000e+03 1.663867721406440348e+00
5.030000000000000000e+03 1.663534379902218197e+00
5.031000000000000000e+03 1.663448706473206418e+00
5.032000000000000000e+03 1.663404366803213019e+00
5.033000000000000000e+03 1.663071332301202077e+00
5.034000000000000000e+03 1.662985725064451303e+00
5.035000000000000000e+03 1.662941416465675504e+00
5.036000000000000000e+03 1.662608680118949689e+00
5.037000000000000000e+03 1.662523166581908907e+00
5.038000000000000000e+03 1.662478880652965341e+00
5.039000000000000000e+03 1.662146433063904638e+00
5.040000000000000000e+03 1.662060997829646558e+00
5.041000000000000000e+03 1.662016738536306049e+00
5.042000000000000000e+03 1.661684602373742603e+00
5.043000000000000000e+03 1.661599223325687991e+00
5.044000000000000000e+03 1.661554984988449224e+00
5.045000000000000000e+03 1.661223146667121231e+00
5.046000000000000000e+03 1.661137847858716210e+00
5.047000000000000000e+03 1.661093640082184297e+00
5.048000000000000000e+03 1.660762087618481431e+00
5.049000000000000000e+03 1.660676874019011429e+00
5.050000000000000000e+03 1.660632714068352556e+00
5.051000000000000000e+03 1.660301436008486675e+00
5.052000000000000000e+03 1.660216297632148397e+00
5.053000000000000000e+03 1.660172179351361965e+00
5.054000000000000000e+03 1.659841174348081427e+00
5.055000000000000000e+03 1.659756122051191163e+00
5.056000000000000000e+03 1.659712056861050389e+00
5.057000000000000000e+03 1.659381353545019921e+00
5.058000000000000000e+03 1.659296363033875732e+00
5.059000000000000000e+03 1.659252323721195799e+00
5.060000000000000000e+03 1.658921896453558587e+00
5.061000000000000000e+03 1.658836974276897136e+00
5.062000000000000000e+03 1.658792979188178141e+00
5.063000000000000000e+03 1.658462835662440238e+00
5.064000000000000000e+03 1.658377999972027173e+00
5.065000000000000000e+03 1.658334052363852784e+00
5.066000000000000000e+03 1.658004187361522330e+00
5.067000000000000000e+03 1.657919421902264601e+00
5.068000000000000000e+03 1.657875502374631882e+00
5.069000000000000000e+03 1.657545958675420650e+00
5.070000000000000000e+03 1.657461262166143978e+00
5.071000000000000000e+03 1.657417356127949715e+00
5.072000000000000000e+03 1.657088102577804145e+00
5.073000000000000000e+03 1.657003488047224637e+00
5.074000000000000000e+03 1.656959614911802214e+00
5.075000000000000000e+03 1.656630656216836694e+00
5.076000000000000000e+03 1.656546115009720044e+00
5.077000000000000000e+03 1.656502249655724013e+00
5.078000000000000000e+03 1.656173585971520534e+00
5.079000000000000000e+03 1.656089125084426739e+00
5.080000000000000000e+03 1.656045289553195854e+00
5.081000000000000000e+03 1.655716903503257509e+00
5.082000000000000000e+03 1.655632525266711674e+00
5.083000000000000000e+03 1.655588735592613547e+00
5.084000000000000000e+03 1.655260633487180666e+00
5.085000000000000000e+03 1.655176314168549823e+00
5.086000000000000000e+03 1.655132568477774679e+00
5.087000000000000000e+03 1.654804741902878185e+00
5.088000000000000000e+03 1.654720489687169893e+00
5.089000000000000000e+03 1.654676784943186263e+00
5.090000000000000000e+03 1.654349262400775178e+00
5.091000000000000000e+03 1.654265088016822816e+00
5.092000000000000000e+03 1.654221416343620188e+00
5.093000000000000000e+03 1.653894175239794428e+00
5.094000000000000000e+03 1.653810080417754902e+00
5.095000000000000000e+03 1.653766434291955578e+00
5.096000000000000000e+03 1.653439472924142839e+00
5.097000000000000000e+03 1.653355461395937365e+00
5.098000000000000000e+03 1.653311846159015719e+00
5.099000000000000000e+03 1.652985157196752874e+00
6.000000000000000000e+03 1.532066588218951919e+00
6.001000000000000000e+03 1.532032267334720643e+00
6.002000000000000000e+03 1.531774906286493376e+00
6.003000000000000000e+03 1.531708800794602254e+00
6.004000000000000000e+03 1.531674510638639131e+00
6.005000000000000000e+03 1.531417335670289148e+00
6.006000000000000000e+03 1.531351271832722905e+00
6.007000000000000000e+03 1.531317009151770492e+00
6.008000000000000000e+03 1.531060012531716197e+00
6.009000000000000000e+03 1.530993997131727236e+00
6.010000000000000000e+03 1.530959761315553003e+00
6.011000000000000000e+03 1.530702943500292790e+00
6.012000000000000000e+03 1.530636985245177328e+00
6.013000000000000000e+03 1.530602782578023735e+00
6.014000000000000000e+03 1.530346153595852021e+00
6.015000000000000000e+03 1.530280226514015851e+00
6.016000000000000000e+03 1.530246046982488339e+00
6.017000000000000000e+03 1.529989615364755196e+00
6.018000000000000000e+03 1.529923727324555838e+00
6.019000000000000000e+03 1.529889574925466622e+00
6.020000000000000000e+03 1.529633327728717518e+00
6.021000000000000000e+03 1.529567496045037389e+00
6.022000000000000000e+03 1.529533373255473006e+00
6.023000000000000000e+03 1.529277310336345064e+00
6.024000000000000000e+03 1.529211528610634030e+00
6.025000000000000000e+03 1.529177422841844880e+00
6.026000000000000000e+03 1.528921547718686380e+00
6.027000000000000000e+03 1.528855826702330223e+00
6.028000000000000000e+03 1.528821743793016497e+00
6.029000000000000000e+03 1.528566044022418247e+00
6.030000000000000000e+03 1.528500379835550316e+00
6.031000000000000000e+03 1.528466328506023597e+00
6.032000000000000000e+03 1.528210799304022816e+00
6.033000000000000000e+03 1.528145177502472363e+00
6.034000000000000000e+03 1.528111154115169734e+00
6.035000000000000000e+03 1.527855824134492169e+00
6.036000000000000000e+03 1.527790247858952899e+00
6.037000000000000000e+03 1.527756244462258550e+00
6.038000000000000000e+03 1.527501092396965188e+00
6.039000000000000000e+03 1.527435572811469022e+00
6.040000000000000000e+03 1.527401601607797366e+00
6.041000000000000000e+03 1.527146649190077365e+00
6.042000000000000000e+03 1.527081157079577700e+00
6.043000000000000000e+03 1.527047209500898894e+00
6.044000000000000000e+03 1.526792434364392825e+00
6.045000000000000000e+03 1.526726998905246102e+00
6.046000000000000000e+03 1.526693083360831871e+00
6.047000000000000000e+03 1.526438477821421280e+00
6.048000000000000000e+03 1.526373089521450677e+00
6.049000000000000000e+03 1.526339203255980381e+00
6.050000000000000000e+03 1.526084788247962010e+00
6.051000000000000000e+03 1.526019438344065504e+00
6.052000000000000000e+03 1.525985576375336272e+00
6.053000000000000000e+03 1.525731365204692214e+00
6.054000000000000000e+03 1.525666049151285009e+00
6.055000000000000000e+03 1.525632213113765179e+00
6.056000000000000000e+03 1.525378187828588583e+00
6.057000000000000000e+03 1.525312911195164878e+00
6.058000000000000000e+03 1.525279102699144129e+00
6.059000000000000000e+03 1.525025271680580996e+00
6.060000000000000000e+03 1.524960039046477922e+00
6.061000000000000000e+03 1.524926249556461944e+00
6.062000000000000000e+03 1.524672602428647439e+00
6.063000000000000000e+03 1.524607419356792448e+00
6.064000000000000000e+03 1.524573647947197852e+00
6.065000000000000000e+03 1.524320180410160042e+00
6.066000000000000000e+03 1.524255045767267891e+00
6.067000000000000000e+03 1.524221302998899352e+00
6.068000000000000000e+03 1.523968013060910343e+00
6.069000000000000000e+03 1.523902924634399358e+00
6.070000000000000000e+03 1.523869210555971243e+00
6.071000000000000000e+03 1.523616098969098775e+00
6.072000000000000000e+03 1.523551064172898428e+00
6.073000000000000000e+03 1.523517379697923779e+00
6.074000000000000000e+03 1.523264468610596722e+00
6.075000000000000000e+03 1.523199458277600060e+00
6.076000000000000000e+03 1.523165794252072658e+00
6.077000000000000000e+03 1.522913072573723436e+00
6.078000000000000000e+03 1.522848103295446176e+00
6.079000000000000000e+03 1.522814467640710046e+00
6.080000000000000000e+03 1.522561929003731773e+00
6.081000000000000000e+03 1.522497010097751069e+00
6.082000000000000000e+03 1.522463394127002712e+00
6.083000000000000000e+03 1.522211034061307089e+00
6.084000000000000000e+03 1.522146166611794360e+00
6.085000000000000000e+03 1.522112580360320155e+00
6.086000000000000000e+03 1.521860392366015002e+00
6.087000000000000000e+03 1.521795575238861442e+00
6.088000000000000000e+03 1.521762018196707977e+00
6.089000000000000000e+03 1.521510021379241406e+00
6.090000000000000000e+03 1.521445243186012597e+00
6.091000000000000000e+03 1.521411703184649467e+00
6.092000000000000000e+03 1.521159888925999626e+00
6.093000000000000000e+03 1.521095174624857549e+00
6.094000000000000000e+03 1.521061660566680906e+00
6.095000000000000000e+03 1.520810017245998402e+00
6.096000000000000000e+03 1.520745355875326110e+00
6.097000000000000000e+03 1.520711863696847077e+00
6.098000000000000000e+03 1.520460396210036480e+00
6.099000000000000000e+03 1.520395797204488808e+00
7.000000000000000000e+03 1.425637932677596753e+00
7.001000000000000000e+03 1.425432581783521613e+00
7.002000000000000000e+03 1.425379702196707177e+00
7.003000000000000000e+03 1.425352347106674689e+00
7.004000000000000000e+03 1.425147124876649407e+00
7.005000000000000000e+03 1.425094283297350328e+00
7.006000000000000000e+03 1.425066951218688871e+00
7.007000000000000000e+03 1.424861852321102518e+00
7.008000000000000000e+03 1.424809042838941942e+00
7.009000000000000000e+03 1.424781730280631598e+00
7.010000000000000000e+03 1.424576754370211251e+00
7.011000000000000000e+03 1.424523972600355570e+00
7.012000000000000000e+03 1.424496678233384994e+00
7.013000000000000000e+03 1.424291830088858957e+00
7.014000000000000000e+03 1.424239089836558669e+00
7.015000000000000000e+03 1.424211819108243571e+00
7.016000000000000000e+03 1.424007100899552514e+00
7.017000000000000000e+03 1.423954391257293395e+00
7.018000000000000000e+03 1.423927139630837724e+00
7.019000000000000000e+03 1.423722551806145820e+00
7.020000000000000000e+03 1.423669868836069163e+00
7.021000000000000000e+03 1.423642634050825917e+00
7.022000000000000000e+03 1.423438167685041833e+00
7.023000000000000000e+03 1.423385523910537520e+00
7.024000000000000000e+03 1.423358310780549196e+00
7.025000000000000000e+03 1.423153968782158607e+00
7.026000000000000000e+03 1.423101362728455888e+00
7.027000000000000000e+03 1.423074162208245008e+00
7.028000000000000000e+03 1.422869941742225919e+00
7.029000000000000000e+03 1.422817367225441387e+00
7.030000000000000000e+03 1.422790185179649836e+00
7.031000000000000000e+03 1.422586097650835546e+00
7.032000000000000000e+03 1.422533550126231283e+00
7.033000000000000000e+03 1.422506387069432776e+00
7.034000000000000000e+03 1.422302431372660880e+00
7.035000000000000000e+03 1.422249913019089540e+00
7.036000000000000000e+03 1.422222769186088698e+00
7.037000000000000000e+03 1.422018936036029357e+00
7.038000000000000000e+03 1.421966451347877136e+00
7.039000000000000000e+03 1.421939325996578907e+00
7.040000000000000000e+03 1.421735617380158523e+00
7.041000000000000000e+03 1.421683164295588275e+00
7.042000000000000000e+03 1.421656057053114486e+00
7.043000000000000000e+03 1.421452481601925832e+00
7.044000000000000000e+03 1.421400057952444840e+00
7.045000000000000000e+03 1.421372971189507561e+00
7.046000000000000000e+03 1.421169522090025117e+00
7.047000000000000000e+03 1.421117136904175737e+00
7.048000000000000000e+03 1.421090064270265962e+00
7.049000000000000000e+03 1.420886733316922168e+00
7.050000000000000000e+03 1.420834377375087554e+00
7.051000000000000000e+03 1.420807323845548753e+00
7.052000000000000000e+03 1.420604124621027253e+00
7.053000000000000000e+03 1.420551790635469658e+00
7.054000000000000000e+03 1.420524754191524242e+00
7.055000000000000000e+03 1.420321684300715148e+00
7.056000000000000000e+03 1.420269387256516191e+00
7.057000000000000000e+03 1.420242370290288214e+00
7.058000000000000000e+03 1.420039430156822435e+00
7.059000000000000000e+03 1.419987159166939517e+00
7.060000000000000000e+03 1.419960160073115540e+00
7.061000000000000000e+03 1.419757354510191139e+00
7.062000000000000000e+03 1.419705114599723483e+00
7.063000000000000000e+03 1.419678128254846516e+00
7.064000000000000000e+03 1.419475453296367151e+00
7.065000000000000000e+03 1.419423240356777027e+00
7.066000000000000000e+03 1.419396271572033186e+00
7.067000000000000000e+03 1.419193716312494802e+00
7.068000000000000000e+03 1.419141538087820953e+00
7.069000000000000000e+03 1.419114590222180228e+00
7.070000000000000000e+03 1.418912157089171400e+00
7.071000000000000000e+03 1.418860014000522973e+00
7.072000000000000000e+03 1.418833084687391333e+00
7.073000000000000000e+03 1.418630776749427946e+00
7.074000000000000000e+03 1.418578671685159609e+00
7.075000000000000000e+03 1.418551756035863587e+00
7.076000000000000000e+03 1.418349577754498103e+00
7.077000000000000000e+03 1.418297503597859555e+00
7.078000000000000000e+03 1.418270605472103485e+00
7.079000000000000000e+03 1.418068543384602753e+00
7.080000000000000000e+03 1.418016499237329642e+00
7.081000000000000000e+03 1.417989619269927282e+00
7.082000000000000000e+03 1.417787692092636664e+00
7.083000000000000000e+03 1.417735671396214592e+00
7.084000000000000000e+03 1.417708801662256768e+00
7.085000000000000000e+03 1.417507001457837035e+00
7.086000000000000000e+03 1.417455019556773665e+00
7.087000000000000000e+03 1.417428171230457279e+00
7.088000000000000000e+03 1.417226495339562131e+00
7.089000000000000000e+03 1.417174531707551477e+00
7.090000000000000000e+03 1.417147698515901499e+00
7.091000000000000000e+03 1.416946148472128186e+00
7.092000000000000000e+03 1.416894218688373064e+00
7.093000000000000000e+03 1.416867406074981517e+00
7.094000000000000000e+03 1.416665978871419762e+00
7.095000000000000000e+03 1.416614085672221357e+00
7.096000000000000000e+03 1.416587294333834013e+00
7.097000000000000000e+03 1.416385986570857902e+00
7.098000000000000000e+03 1.416334122569718135e+00
7.099000000000000000e+03 1.416307347311570375e+00
8.000000000000000000e+03 1.339242808724526723e+00
8.001000000000000000e+03 1.339199294586046918e+00
8.002000000000000000e+03 1.339176872492608528e+00
8.003000000000000000e+03 1.339007982586446488e+00
8.004000000000000000e+03 1.338964494696606389e+00
8.005000000000000000e+03 1.338942087384528801e+00
8.006000000000000000e+03 1.338773285006607860e+00
8.007000000000000000e+03 1.338729828233162777e+00
8.008000000000000000e+03 1.338707437652827847e+00
8.009000000000000000e+03 1.338538731837995988e+00
8.010000000000000000e+03 1.338495291122710373e+00
8.011000000000000000e+03 1.338472911641751306e+00
8.012000000000000000e+03 1.338304292132535656e+00
8.013000000000000000e+03 1.338260873691976549e+00
8.014000000000000000e+03 1.338238507250812726e+00
8.015000000000000000e+03 1.338069978549245587e+00
8.016000000000000000e+03 1.338026588535631500e+00
8.017000000000000000e+03 1.338004236805165004e+00
8.018000000000000000e+03 1.337835798545884858e+00
8.019000000000000000e+03 1.337792436242734917e+00
8.020000000000000000e+03 1.337770094314118641e+00
8.021000000000000000e+03 1.337601758747331893e+00
8.022000000000000000e+03 1.337558410956733113e+00
8.023000000000000000e+03 1.337536075740405561e+00
8.024000000000000000e+03 1.337367840074070058e+00
8.025000000000000000e+03 1.337324516564842414e+00
8.026000000000000000e+03 1.337302190277129821e+00
8.027000000000000000e+03 1.337134044326723448e+00
8.028000000000000000e+03 1.337090743144792038e+00
8.029000000000000000e+03 1.337068425680310479e+00
8.030000000000000000e+03 1.336900377050673772e+00
8.031000000000000000e+03 1.336857099175468022e+00
8.032000000000000000e+03 1.336834795873289572e+00
8.033000000000000000e+03 1.336666836523010105e+00
8.034000000000000000e+03 1.336623584230218320e+00
8.035000000000000000e+03 1.336601290823664190e+00
8.036000000000000000e+03 1.336433419506898757e+00
8.037000000000000000e+03 1.336390192871643290e+00
8.038000000000000000e+03 1.336367914517792688e+00
8.039000000000000000e+03 1.336200134159420516e+00
8.040000000000000000e+03 1.336156934794537898e+00
8.041000000000000000e+03 1.336134666444853680e+00
8.042000000000000000e+03 1.335966972449352363e+00
8.043000000000000000e+03 1.335923794588297131e+00
8.044000000000000000e+03 1.335901540156080980e+00
8.045000000000000000e+03 1.335733939599230702e+00
8.046000000000000000e+03 1.335690785087870536e+00
8.047000000000000000e+03 1.335668538707230457e+00
8.048000000000000000e+03 1.335501038624232306e+00
8.049000000000000000e+03 1.335457904975861698e+00
8.050000000000000000e+03 1.335435667123891612e+00
8.051000000000000000e+03 1.335268261077846130e+00
8.052000000000000000e+03 1.335225156187194839e+00
8.053000000000000000e+03 1.335202928878587825e+00
8.054000000000000000e+03 1.335035608296463172e+00
8.055000000000000000e+03 1.334992527530112882e+00
8.056000000000000000e+03 1.334970314329726904e+00
8.057000000000000000e+03 1.334803081593462615e+00
8.058000000000000000e+03 1.334760024701187708e+00
8.059000000000000000e+03 1.334737825180063453e+00
8.060000000000000000e+03 1.334570679798634529e+00
8.061000000000000000e+03 1.334527650933280851e+00
8.062000000000000000e+03 1.334505467779877552e+00
8.063000000000000000e+03 1.334338408708738655e+00
8.064000000000000000e+03 1.334295405785550948e+00
8.065000000000000000e+03 1.334273236480134850e+00
8.066000000000000000e+03 1.334106270180359655e+00
8.067000000000000000e+03 1.334063289860265122e+00
8.068000000000000000e+03 1.334041133180396077e+00
8.069000000000000000e+03 1.333874263028339113e+00
8.070000000000000000e+03 1.333831293633843895e+00
8.071000000000000000e+03 1.333809148319796023e+00
8.072000000000000000e+03 1.333642365798092921e+00
8.073000000000000000e+03 1.333599417896822015e+00
8.074000000000000000e+03 1.333577287103815179e+00
8.075000000000000000e+03 1.333410597305197509e+00
8.076000000000000000e+03 1.333367676994677176e+00
8.077000000000000000e+03 1.333345557322699770e+00
8.078000000000000000e+03 1.333178959207772296e+00
8.079000000000000000e+03 1.333136061774311099e+00
8.080000000000000000e+03 1.333113950552889726e+00
8.081000000000000000e+03 1.332947442422390161e+00
8.082000000000000000e+03 1.332904571109206682e+00
8.083000000000000000e+03 1.332882474795247463e+00
8.084000000000000000e+03 1.332716067871561716e+00
8.085000000000000000e+03 1.332673211482817699e+00
8.086000000000000000e+03 1.332651120897520247e+00
8.087000000000000000e+03 1.332484805306715536e+00
8.088000000000000000e+03 1.332441970148860566e+00
8.089000000000000000e+03 1.332419887319334251e+00
8.090000000000000000e+03 1.332253663509631814e+00
8.091000000000000000e+03 1.332210851032751497e+00
8.092000000000000000e+03 1.332188781082589646e+00
8.093000000000000000e+03 1.332022646652921027e+00
8.094000000000000000e+03 1.331979857989878280e+00
8.095000000000000000e+03 1.331957802303744609e+00
8.096000000000000000e+03 1.331791756295955143e+00
8.097000000000000000e+03 1.331748997095107745e+00
8.098000000000000000e+03 1.331726957412567636e+00
8.099000000000000000e+03 1.331560999638675469e+00
9.000000000000000000e+03 1.267476425670098772e+00
9.001000000000000000e+03 1.267457504499396315e+00
9.002000000000000000e+03 1.267315413289845427e+00
9.003000000000000000e+03 1.267278775171729377e+00
9.004000000000000000e+03 1.267259862307644092e+00
9.005000000000000000e+03 1.267117843564481205e+00
9.006000000000000000e+03 1.267081220357265892e+00
9.007000000000000000e+03 1.267062317460613485e+00
9.008000000000000000e+03 1.266920365788883229e+00
9.009000000000000000e+03 1.266883760021417338e+00
9.010000000000000000e+03 1.266864867900063807e+00
9.011000000000000000e+03 1.266722988160663199e+00
9.012000000000000000e+03 1.266686396963573324e+00
9.013000000000000000e+03 1.266667514295447994e+00
9.014000000000000000e+03 1.266525703902657174e+00
9.015000000000000000e+03 1.266489130914839834e+00
9.016000000000000000e+03 1.266470255730962169e+00
9.017000000000000000e+03 1.266328515841301572e+00
9.018000000000000000e+03 1.266291966262341306e+00
9.019000000000000000e+03 1.266273100135548724e+00
9.020000000000000000e+03 1.266131424867332989e+00
9.021000000000000000e+03 1.266094891542423939e+00
9.022000000000000000e+03 1.266076035655478993e+00
9.023000000000000000e+03 1.265934432941196341e+00
9.024000000000000000e+03 1.265897913557474830e+00
9.025000000000000000e+03 1.265879066643010198e+00
9.026000000000000000e+03 1.265737530075545125e+00
9.027000000000000000e+03 1.265701024967151422e+00
9.028000000000000000e+03 1.265682188005935904e+00
9.029000000000000000e+03 1.265540726968920948e+00
9.030000000000000000e+03 1.265504239133708575e+00
9.031000000000000000e+03 1.265485412273241739e+00
9.032000000000000000e+03 1.265344017210262129e+00
9.033000000000000000e+03 1.265307553365865090e+00
9.034000000000000000e+03 1.265288739201938295e+00
9.035000000000000000e+03 1.265147418486991526e+00
9.036000000000000000e+03 1.265110964325241172e+00
9.037000000000000000e+03 1.265092155031582788e+00
9.038000000000000000e+03 1.264950905413146032e+00
9.039000000000000000e+03 1.264914472170608040e+00
9.040000000000000000e+03 1.264895667139934510e+00
9.041000000000000000e+03 1.264754483908095750e+00
9.042000000000000000e+03 1.264718068537925122e+00
9.043000000000000000e+03 1.264699273297815951e+00
9.044000000000000000e+03 1.264558155904207171e+00
9.045000000000000000e+03 1.264521760070990375e+00
9.046000000000000000e+03 1.264502976058135220e+00
9.047000000000000000e+03 1.264361923522625553e+00
9.048000000000000000e+03 1.264325546516403165e+00
9.049000000000000000e+03 1.264306773901151981e+00
9.050000000000000000e+03 1.264165786869725583e+00
9.051000000000000000e+03 1.264129429659451187e+00
9.052000000000000000e+03 1.264110668777033375e+00
9.053000000000000000e+03 1.263969746936789207e+00
9.054000000000000000e+03 1.263933408851373397e+00
9.055000000000000000e+03 1.263914658515756795e+00
9.056000000000000000e+03 1.263773800957331161e+00
9.057000000000000000e+03 1.263737481685603292e+00
9.058000000000000000e+03 1.263718742244167137e+00
9.059000000000000000e+03 1.263577948752738545e+00
9.060000000000000000e+03 1.263541649637188291e+00
9.061000000000000000e+03 1.263522922580947894e+00
9.062000000000000000e+03 1.263382193528168607e+00
9.063000000000000000e+03 1.263345911228040741e+00
9.064000000000000000e+03 1.263327194151321997e+00
9.065000000000000000e+03 1.263186530598509272e+00
9.066000000000000000e+03 1.263150271596445551e+00
9.067000000000000000e+03 1.263131567299514479e+00
9.068000000000000000e+03 1.262990970710061500e+00
9.069000000000000000e+03 1.262954727545325895e+00
9.070000000000000000e+03 1.262936025209671520e+00
9.071000000000000000e+03 1.262795498389943205e+00
9.072000000000000000e+03 1.262759272856903481e+00
9.073000000000000000e+03 1.262740577791554575e+00
9.074000000000000000e+03 1.262600124025362813e+00
9.075000000000000000e+03 1.262563914141314303e+00
9.076000000000000000e+03 1.262545228542978570e+00
9.077000000000000000e+03 1.262404850317274452e+00
9.078000000000000000e+03 1.262368655300607490e+00
9.079000000000000000e+03 1.262349971340246402e+00
9.080000000000000000e+03 1.262209662871425442e+00
9.081000000000000000e+03 1.262173490692688471e+00
9.082000000000000000e+03 1.262154815499832106e+00
9.083000000000000000e+03 1.262014574979434700e+00
9.084000000000000000e+03 1.261978421753986668e+00
9.085000000000000000e+03 1.261959758024048250e+00
9.086000000000000000e+03 1.261819578085957794e+00
9.087000000000000000e+03 1.261783441354151547e+00
9.088000000000000000e+03 1.261764788116758629e+00
9.089000000000000000e+03 1.261624673286737108e+00
9.090000000000000000e+03 1.261588554487744762e+00
9.091000000000000000e+03 1.261569911044281067e+00
9.092000000000000000e+03 1.261429868074061655e+00
9.093000000000000000e+03 1.261393768166225504e+00
9.094000000000000000e+03 1.261375132276858491e+00
9.095000000000000000e+03 1.261235152048881369e+00
9.096000000000000000e+03 1.261199069871710599e+00
9.097000000000000000e+03 1.261180444772842080e+00
9.098000000000000000e+03 1.261040528979453068e+00
9.099000000000000000e+03 1.261004466107310540e+00
