9.000000000000000000e+00 5.154607758329055400e+01
1.009000000000000000e+03 3.635514963601796268e+00
2.009000000000000000e+03 2.641630490136801512e+00
3.009000000000000000e+03 2.195452175290736996e+00
4.009000000000000000e+03 1.920638740414009948e+00
5.009000000000000000e+03 1.730480971939840185e+00
6.009000000000000000e+03 1.589266821110721928e+00
7.009000000000000000e+03 1.479307889785152152e+00
8.009000000000000000e+03 1.389867222273942993e+00
9.009000000000000000e+03 1.315987450613903320e+00
1.000900000000000000e+04 1.252106347472697667e+00
1.100900000000000000e+04 1.196983514214900346e+00
1.200900000000000000e+04 1.150043638535948709e+00
1.300900000000000000e+04 1.107821254937588540e+00
1.400900000000000000e+04 1.071174612006638327e+00
1.500900000000000000e+04 1.035987258009140488e+00
1.600900000000000000e+04 1.006223369746114926e+00
1.700900000000000000e+04 9.772828815100331745e-01
1.800900000000000000e+04 9.511491688408209022e-01
1.900900000000000000e+04 9.271062211283473964e-01
2.000900000000000000e+04 9.053740951433701944e-01
2.100900000000000000e+04 8.852116946829835520e-01
2.200900000000000000e+04 8.661123880880795545e-01
