9.000000000000000000e+00 5.154638841653952142e+01
1.200000000000000000e+01 3.512825880581460325e+01
1.500000000000000000e+01 2.942904810025498819e+01
1.800000000000000000e+01 2.584091969825966828e+01
2.100000000000000000e+01 2.316841906598855871e+01
2.400000000000000000e+01 2.140928501168914977e+01
2.700000000000000000e+01 1.995805040774263617e+01
3.000000000000000000e+01 1.881734266762577334e+01
3.300000000000000000e+01 1.793355611876869560e+01
3.600000000000000000e+01 1.698994649180563599e+01
3.900000000000000000e+01 1.622690311243583139e+01
4.200000000000000000e+01 1.564607647004098645e+01
4.500000000000000000e+01 1.504645590169015357e+01
4.800000000000000000e+01 1.452179798724464810e+01
5.100000000000000000e+01 1.406775282405929417e+01
5.400000000000000000e+01 1.363463823895463456e+01
5.700000000000000000e+01 1.327133061966613248e+01
6.000000000000000000e+01 1.289063646445973532e+01
6.300000000000000000e+01 1.255966228483993063e+01
6.600000000000000000e+01 1.228512188639490432e+01
6.900000000000000000e+01 1.200746864340755238e+01
7.200000000000000000e+01 1.176323726370083378e+01
7.500000000000000000e+01 1.154478285552362671e+01
7.800000000000000000e+01 1.134591732645831819e+01
8.100000000000000000e+01 1.112038444537438409e+01
8.400000000000000000e+01 1.090851589405137823e+01
8.700000000000000000e+01 1.073650757613598472e+01
9.000000000000000000e+01 1.056352666948485286e+01
9.300000000000000000e+01 1.038061387130741409e+01
9.600000000000000000e+01 1.022848757940078812e+01
9.900000000000000000e+01 1.009313433190844655e+01
1.002000000000000000e+03 3.376176064002208488e+00
1.005000000000000000e+03 3.371179809542676598e+00
1.008000000000000000e+03 3.366386937983625316e+00
1.011000000000000000e+03 3.362287952469570573e+00
1.014000000000000000e+03 3.357070689938259633e+00
1.017000000000000000e+03 3.351023003251416554e+00
1.020000000000000000e+03 3.348531354105149127e+00
1.023000000000000000e+03 3.341865054808971447e+00
1.026000000000000000e+03 3.339066650524058044e+00
1.029000000000000000e+03 3.332188924718705092e+00
1.032000000000000000e+03 3.328222414543066332e+00
1.035000000000000000e+03 3.325065955803166773e+00
1.038000000000000000e+03 3.319275605508707372e+00
1.041000000000000000e+03 3.315154189575236554e+00
1.044000000000000000e+03 3.311633376594888212e+00
1.047000000000000000e+03 3.306103848940970202e+00
1.050000000000000000e+03 3.301889002260891992e+00
1.053000000000000000e+03 3.297864474656583500e+00
1.056000000000000000e+03 3.293197304092680966e+00
1.059000000000000000e+03 3.288875915340955913e+00
1.062000000000000000e+03 3.284859296497801395e+00
1.065000000000000000e+03 3.279486184549268213e+00
1.068000000000000000e+03 3.275633360308605635e+00
1.071000000000000000e+03 3.270506474565975097e+00
1.074000000000000000e+03 3.267718899694747936e+00
1.077000000000000000e+03 3.261688302739283785e+00
1.080000000000000000e+03 3.258166446883372203e+00
1.083000000000000000e+03 3.255145882183508199e+00
1.086000000000000000e+03 3.250438279965548460e+00
1.089000000000000000e+03 3.245475829633963638e+00
1.092000000000000000e+03 3.240137001306770070e+00
1.095000000000000000e+03 3.237685609897272609e+00
1.098000000000000000e+03 3.232102032983976247e+00
2.001000000000000000e+03 2.450912232466437857e+00
2.004000000000000000e+03 2.448774473791494266e+00
2.007000000000000000e+03 2.446423808506701825e+00
2.010000000000000000e+03 2.445140583215115626e+00
2.013000000000000000e+03 2.443790598681503390e+00
2.016000000000000000e+03 2.441920464354459863e+00
2.019000000000000000e+03 2.440537714998120666e+00
2.022000000000000000e+03 2.438547601596274816e+00
2.025000000000000000e+03 2.436629537454514605e+00
2.028000000000000000e+03 2.434914738332969897e+00
2.031000000000000000e+03 2.433695006442547548e+00
2.034000000000000000e+03 2.432284343745090727e+00
2.037000000000000000e+03 2.430366252157409868e+00
2.040000000000000000e+03 2.429070918689278269e+00
2.043000000000000000e+03 2.427304805257833209e+00
2.046000000000000000e+03 2.425460358465552968e+00
2.049000000000000000e+03 2.423969765446634117e+00
2.052000000000000000e+03 2.422077664360319460e+00
2.055000000000000000e+03 2.420936849014766246e+00
2.058000000000000000e+03 2.418602524595479863e+00
2.061000000000000000e+03 2.416803082126219859e+00
2.064000000000000000e+03 2.415174844745239024e+00
2.067000000000000000e+03 2.413582464446396791e+00
2.070000000000000000e+03 2.411856998168475652e+00
2.073000000000000000e+03 2.410653580997152989e+00
2.076000000000000000e+03 2.408700694404725784e+00
2.079000000000000000e+03 2.406820748900992069e+00
2.082000000000000000e+03 2.405410418709336362e+00
2.085000000000000000e+03 2.403470618241222212e+00
2.088000000000000000e+03 2.401815462952162861e+00
2.091000000000000000e+03 2.400416492366775234e+00
2.094000000000000000e+03 2.398595010481939127e+00
2.097000000000000000e+03 2.396797332661774416e+00
3.000000000000000000e+03 2.028868037750295006e+00
3.003000000000000000e+03 2.027843344212379328e+00
3.006000000000000000e+03 2.026857895842763213e+00
3.009000000000000000e+03 2.026070129384858198e+00
3.012000000000000000e+03 2.025015714512378828e+00
3.015000000000000000e+03 2.023963435193074645e+00
3.018000000000000000e+03 2.023040005857303480e+00
3.021000000000000000e+03 2.022022423122760593e+00
3.024000000000000000e+03 2.021228575761059965e+00
3.027000000000000000e+03 2.020397524022665703e+00
3.030000000000000000e+03 2.019584135232352917e+00
3.033000000000000000e+03 2.018539402895136003e+00
3.036000000000000000e+03 2.017498710981432630e+00
3.039000000000000000e+03 2.016655504375219898e+00
3.042000000000000000e+03 2.015852224422704619e+00
3.045000000000000000e+03 2.014846772022793608e+00
3.048000000000000000e+03 2.013976709018826305e+00
3.051000000000000000e+03 2.013159850590664490e+00
3.054000000000000000e+03 2.012354284576135743e+00
3.057000000000000000e+03 2.011479276741916955e+00
3.060000000000000000e+03 2.010544179481644989e+00
3.063000000000000000e+03 2.009516836017505970e+00
3.066000000000000000e+03 2.008517989739334375e+00
3.069000000000000000e+03 2.007551528791133855e+00
3.072000000000000000e+03 2.006651836261386102e+00
3.075000000000000000e+03 2.005658422816130049e+00
3.078000000000000000e+03 2.004658472565871818e+00
3.081000000000000000e+03 2.003816520579164262e+00
3.084000000000000000e+03 2.003022427371577319e+00
3.087000000000000000e+03 2.002057547587124731e+00
3.090000000000000000e+03 2.001093165539767682e+00
3.093000000000000000e+03 2.000187326350240991e+00
3.096000000000000000e+03 1.999284147485250074e+00
3.099000000000000000e+03 1.998341640566738464e+00
4.002000000000000000e+03 1.773589992998572784e+00
4.005000000000000000e+03 1.772854776004668453e+00
4.008000000000000000e+03 1.772172193414244923e+00
4.011000000000000000e+03 1.771615267520107340e+00
4.014000000000000000e+03 1.771026103950126274e+00
4.017000000000000000e+03 1.770433041310543576e+00
4.020000000000000000e+03 1.769776676150373707e+00
4.023000000000000000e+03 1.769244953129343934e+00
4.026000000000000000e+03 1.768684186557811122e+00
4.029000000000000000e+03 1.768022552581853812e+00
4.032000000000000000e+03 1.767482830542855599e+00
4.035000000000000000e+03 1.766881282339780146e+00
4.038000000000000000e+03 1.766128397780792447e+00
4.041000000000000000e+03 1.765590243102524326e+00
4.044000000000000000e+03 1.764945384331908507e+00
4.047000000000000000e+03 1.764349957165839644e+00
4.050000000000000000e+03 1.763797976823164637e+00
4.053000000000000000e+03 1.763206617755470162e+00
4.056000000000000000e+03 1.762548323546156981e+00
4.059000000000000000e+03 1.761987905968958712e+00
4.062000000000000000e+03 1.761344995606699326e+00
4.065000000000000000e+03 1.760581626694904589e+00
4.068000000000000000e+03 1.759925258624586597e+00
4.071000000000000000e+03 1.759313630281522656e+00
4.074000000000000000e+03 1.758659938462334482e+00
4.077000000000000000e+03 1.758064800743324163e+00
4.080000000000000000e+03 1.757560147669352757e+00
4.083000000000000000e+03 1.756993703630636228e+00
4.086000000000000000e+03 1.756422158739855854e+00
4.089000000000000000e+03 1.755759780631976685e+00
4.092000000000000000e+03 1.755173101015699011e+00
4.095000000000000000e+03 1.754634212926896808e+00
4.098000000000000000e+03 1.754095439553193359e+00
5.001000000000000000e+03 1.597338134284320699e+00
5.004000000000000000e+03 1.596914254728597937e+00
5.007000000000000000e+03 1.596492875919248489e+00
5.010000000000000000e+03 1.596023894070850435e+00
5.013000000000000000e+03 1.595622618226661515e+00
5.016000000000000000e+03 1.595184257387510574e+00
5.019000000000000000e+03 1.594828538792479655e+00
5.022000000000000000e+03 1.594362054768708514e+00
5.025000000000000000e+03 1.593914477276188180e+00
5.028000000000000000e+03 1.593463786237648172e+00
5.031000000000000000e+03 1.593022385427993237e+00
5.034000000000000000e+03 1.592557056483110189e+00
5.037000000000000000e+03 1.592148020976635214e+00
5.040000000000000000e+03 1.591763894262114398e+00
5.043000000000000000e+03 1.591301713146445973e+00
5.046000000000000000e+03 1.590815226733635068e+00
5.049000000000000000e+03 1.590403785236877976e+00
5.052000000000000000e+03 1.589936622500689900e+00
5.055000000000000000e+03 1.589463201852348906e+00
5.058000000000000000e+03 1.589028699099006570e+00
5.061000000000000000e+03 1.588568820796689041e+00
5.064000000000000000e+03 1.588124550301803328e+00
5.067000000000000000e+03 1.587730076524647593e+00
5.070000000000000000e+03 1.587353065433254384e+00
5.073000000000000000e+03 1.586933817139868141e+00
5.076000000000000000e+03 1.586439188462312799e+00
5.079000000000000000e+03 1.586023455772623159e+00
5.082000000000000000e+03 1.585603512855153552e+00
5.085000000000000000e+03 1.585069843626096819e+00
5.088000000000000000e+03 1.584571669881994715e+00
5.091000000000000000e+03 1.584110197086168625e+00
5.094000000000000000e+03 1.583725838323002622e+00
5.097000000000000000e+03 1.583311471778388491e+00
6.000000000000000000e+03 1.467779620484696235e+00
6.003000000000000000e+03 1.467441250561783761e+00
6.006000000000000000e+03 1.467080418925285956e+00
6.009000000000000000e+03 1.466681423297046427e+00
6.012000000000000000e+03 1.466363384810548398e+00
6.015000000000000000e+03 1.465975472547139447e+00
6.018000000000000000e+03 1.465580858400816089e+00
6.021000000000000000e+03 1.465226121594214170e+00
6.024000000000000000e+03 1.464947478328986419e+00
6.027000000000000000e+03 1.464641137955835726e+00
6.030000000000000000e+03 1.464309202445535973e+00
6.033000000000000000e+03 1.464011096466545592e+00
6.036000000000000000e+03 1.463618839268372884e+00
6.039000000000000000e+03 1.463291346578159846e+00
6.042000000000000000e+03 1.462928426077740651e+00
6.045000000000000000e+03 1.462579333211680543e+00
6.048000000000000000e+03 1.462262258072502208e+00
6.051000000000000000e+03 1.461897347129591296e+00
6.054000000000000000e+03 1.461534263383601928e+00
6.057000000000000000e+03 1.461185263078050189e+00
6.060000000000000000e+03 1.460873310495529598e+00
6.063000000000000000e+03 1.460542254928527184e+00
6.066000000000000000e+03 1.460186670285856358e+00
6.069000000000000000e+03 1.459841542495948108e+00
6.072000000000000000e+03 1.459470372307540842e+00
6.075000000000000000e+03 1.459074667434671735e+00
6.078000000000000000e+03 1.458729016928946853e+00
6.081000000000000000e+03 1.458418828802831690e+00
6.084000000000000000e+03 1.458108204218878434e+00
6.087000000000000000e+03 1.457814184823894577e+00
6.090000000000000000e+03 1.457512022678957964e+00
6.093000000000000000e+03 1.457218541576483339e+00
6.096000000000000000e+03 1.456972003742415867e+00
6.099000000000000000e+03 1.456706911505893043e+00
7.002000000000000000e+03 1.365158216253552714e+00
7.005000000000000000e+03 1.364954481904592676e+00
7.008000000000000000e+03 1.364714243056565302e+00
7.011000000000000000e+03 1.364400685797569013e+00
7.014000000000000000e+03 1.364129178964605948e+00
7.017000000000000000e+03 1.363851917282150827e+00
7.020000000000000000e+03 1.363506793727070621e+00
7.023000000000000000e+03 1.363240469369961350e+00
7.026000000000000000e+03 1.362976673718033549e+00
7.029000000000000000e+03 1.362674555140064525e+00
7.032000000000000000e+03 1.362360822159446538e+00
7.035000000000000000e+03 1.362117319552400563e+00
7.038000000000000000e+03 1.361821019585631509e+00
7.041000000000000000e+03 1.361520088189610789e+00
7.044000000000000000e+03 1.361257673440333438e+00
7.047000000000000000e+03 1.361044566994845439e+00
7.050000000000000000e+03 1.360781999465778158e+00
7.053000000000000000e+03 1.360491774877278903e+00
7.056000000000000000e+03 1.360233524508438041e+00
7.059000000000000000e+03 1.359973336280666523e+00
7.062000000000000000e+03 1.359711039551630307e+00
7.065000000000000000e+03 1.359422016327145988e+00
7.068000000000000000e+03 1.359177226510571712e+00
7.071000000000000000e+03 1.358903634172965003e+00
7.074000000000000000e+03 1.358599565423738387e+00
7.077000000000000000e+03 1.358350711000539501e+00
7.080000000000000000e+03 1.358096035557653902e+00
7.083000000000000000e+03 1.357831731240389361e+00
7.086000000000000000e+03 1.357599311053278690e+00
7.089000000000000000e+03 1.357273076747484764e+00
7.092000000000000000e+03 1.357006575507833990e+00
7.095000000000000000e+03 1.356714274128304032e+00
7.098000000000000000e+03 1.356441218316750685e+00
8.001000000000000000e+03 1.282969164297941944e+00
8.004000000000000000e+03 1.282733126872540819e+00
8.007000000000000000e+03 1.282519026844060939e+00
8.010000000000000000e+03 1.282301984177061760e+00
8.013000000000000000e+03 1.282045540314701526e+00
8.016000000000000000e+03 1.281841970361687899e+00
8.019000000000000000e+03 1.281626320116008966e+00
8.022000000000000000e+03 1.281376998236334330e+00
8.025000000000000000e+03 1.281147674905103173e+00
8.028000000000000000e+03 1.280940081792975249e+00
8.031000000000000000e+03 1.280709794608343666e+00
8.034000000000000000e+03 1.280499286331124864e+00
8.037000000000000000e+03 1.280253754424645285e+00
8.040000000000000000e+03 1.280070575678717404e+00
8.043000000000000000e+03 1.279871171193343482e+00
8.046000000000000000e+03 1.279651453619693013e+00
8.049000000000000000e+03 1.279442891198788290e+00
8.052000000000000000e+03 1.279246061467710804e+00
8.055000000000000000e+03 1.278984865685284689e+00
8.058000000000000000e+03 1.278752904214124575e+00
8.061000000000000000e+03 1.278544151950454566e+00
8.064000000000000000e+03 1.278302389247868653e+00
8.067000000000000000e+03 1.278048895365892168e+00
8.070000000000000000e+03 1.277747410248162740e+00
8.073000000000000000e+03 1.277561778131047987e+00
8.076000000000000000e+03 1.277369523447974942e+00
8.079000000000000000e+03 1.277127333797080766e+00
8.082000000000000000e+03 1.276917938675623976e+00
8.085000000000000000e+03 1.276669299282993553e+00
8.088000000000000000e+03 1.276443619484875169e+00
8.091000000000000000e+03 1.276230965553365682e+00
8.094000000000000000e+03 1.276006728486327901e+00
8.097000000000000000e+03 1.275778570099950437e+00
9.000000000000000000e+03 1.214009494232354491e+00
9.003000000000000000e+03 1.213813039030718688e+00
9.006000000000000000e+03 1.213563570445781892e+00
9.009000000000000000e+03 1.213368605761875330e+00
9.012000000000000000e+03 1.213130819846742980e+00
9.015000000000000000e+03 1.212961016130019942e+00
9.018000000000000000e+03 1.212799011951322781e+00
9.021000000000000000e+03 1.212652232934301466e+00
9.024000000000000000e+03 1.212424237642437674e+00
9.027000000000000000e+03 1.212185574619089712e+00
9.030000000000000000e+03 1.212026917753845856e+00
9.033000000000000000e+03 1.211857806085265388e+00
9.036000000000000000e+03 1.211659551365948717e+00
9.039000000000000000e+03 1.211488162138244284e+00
9.042000000000000000e+03 1.211328821275490242e+00
9.045000000000000000e+03 1.211152995667102994e+00
9.048000000000000000e+03 1.210947141096328394e+00
9.051000000000000000e+03 1.210771049132115085e+00
9.054000000000000000e+03 1.210605904531365740e+00
9.057000000000000000e+03 1.210401546258857985e+00
9.060000000000000000e+03 1.210218889714496981e+00
9.063000000000000000e+03 1.210035130892076261e+00
9.066000000000000000e+03 1.209856431670472743e+00
9.069000000000000000e+03 1.209640025264535401e+00
9.072000000000000000e+03 1.209434592049247970e+00
9.075000000000000000e+03 1.209240271388390964e+00
9.078000000000000000e+03 1.209060861542004872e+00
9.081000000000000000e+03 1.208895636206897217e+00
9.084000000000000000e+03 1.208728798891998579e+00
9.087000000000000000e+03 1.208526514604616242e+00
9.090000000000000000e+03 1.208314156155885444e+00
9.093000000000000000e+03 1.208126449908460742e+00
9.096000000000000000e+03 1.207959200348941220e+00
9.099000000000000000e+03 1.207783750204042716e+00
