9.000000000000000000e+00 5.154638841653952142e+01
1.000000000000000000e+01 4.432092263728044657e+01
1.100000000000000000e+01 4.159939853617095906e+01
1.200000000000000000e+01 3.979647360670099232e+01
1.300000000000000000e+01 3.870117520974011427e+01
1.400000000000000000e+01 3.838189064967234287e+01
1.500000000000000000e+01 3.762707348849068012e+01
1.600000000000000000e+01 3.524305883782865578e+01
1.700000000000000000e+01 3.413232519161232403e+01
1.800000000000000000e+01 3.359043925122752228e+01
1.900000000000000000e+01 3.282875815451600943e+01
2.000000000000000000e+01 3.232180335288173723e+01
2.100000000000000000e+01 3.198493686389348767e+01
2.200000000000000000e+01 3.141969281854671436e+01
2.300000000000000000e+01 3.146946845532154668e+01
2.400000000000000000e+01 3.130240985393471220e+01
2.500000000000000000e+01 3.131326962611559850e+01
2.600000000000000000e+01 3.136397097476548268e+01
2.700000000000000000e+01 3.092985378448010181e+01
2.800000000000000000e+01 2.987548609248848663e+01
2.900000000000000000e+01 2.858281755711850280e+01
3.000000000000000000e+01 2.850092641859789921e+01
3.100000000000000000e+01 2.824675094207714565e+01
3.200000000000000000e+01 2.751978065721664279e+01
3.300000000000000000e+01 2.701721704881997610e+01
3.400000000000000000e+01 2.661834428477827430e+01
3.500000000000000000e+01 2.525053039732310367e+01
3.600000000000000000e+01 2.497882998157312784e+01
3.700000000000000000e+01 2.449072793496043232e+01
3.800000000000000000e+01 2.417417453267671235e+01
3.900000000000000000e+01 2.386377423677075882e+01
4.000000000000000000e+01 2.372822340541378594e+01
4.100000000000000000e+01 2.376539041391427887e+01
4.200000000000000000e+01 2.375122000011922552e+01
4.300000000000000000e+01 2.192286258160814327e+01
4.400000000000000000e+01 2.103957884723242699e+01
4.500000000000000000e+01 2.031881005005450902e+01
4.600000000000000000e+01 1.960097883169288835e+01
4.700000000000000000e+01 1.907194437950066046e+01
4.800000000000000000e+01 1.868099454504889323e+01
4.900000000000000000e+01 1.852819696811731021e+01
5.000000000000000000e+01 1.819609311210457037e+01
5.100000000000000000e+01 1.795734211410639958e+01
5.200000000000000000e+01 1.778124080196206336e+01
5.300000000000000000e+01 1.758884593778967087e+01
5.400000000000000000e+01 1.740939459424073021e+01
5.500000000000000000e+01 1.733862906507696522e+01
5.600000000000000000e+01 1.715459635784212367e+01
5.700000000000000000e+01 1.703661648094630721e+01
5.800000000000000000e+01 1.648398339206790197e+01
5.900000000000000000e+01 1.619352966954010853e+01
6.000000000000000000e+01 1.597359410744217811e+01
6.100000000000000000e+01 1.582424822431891087e+01
6.200000000000000000e+01 1.568560745109264154e+01
6.300000000000000000e+01 1.557772575913030266e+01
6.400000000000000000e+01 1.546479800199045940e+01
6.500000000000000000e+01 1.537916975505334882e+01
6.600000000000000000e+01 1.528020061834486754e+01
6.700000000000000000e+01 1.521686506606038236e+01
6.800000000000000000e+01 1.513942232535974064e+01
6.900000000000000000e+01 1.508507023843360528e+01
7.000000000000000000e+01 1.502557646300227745e+01
7.100000000000000000e+01 1.498419573701803742e+01
7.200000000000000000e+01 1.492745891572263517e+01
7.300000000000000000e+01 1.488972387252889895e+01
7.400000000000000000e+01 1.485189719556487375e+01
7.500000000000000000e+01 1.481288975600368829e+01
7.600000000000000000e+01 1.478102602777572372e+01
7.700000000000000000e+01 1.475031046068945884e+01
7.800000000000000000e+01 1.471753786665827590e+01
7.900000000000000000e+01 1.463350258831197515e+01
8.000000000000000000e+01 1.458384450551137235e+01
8.100000000000000000e+01 1.448934477079608740e+01
8.200000000000000000e+01 1.446380178291931529e+01
8.300000000000000000e+01 1.442133728084313304e+01
8.400000000000000000e+01 1.433136114200419442e+01
8.500000000000000000e+01 1.427952026561108312e+01
8.600000000000000000e+01 1.416367964441619698e+01
8.700000000000000000e+01 1.407918477550292380e+01
8.800000000000000000e+01 1.403853263131954421e+01
8.900000000000000000e+01 1.399693340548569509e+01
9.000000000000000000e+01 1.391305017464021532e+01
9.100000000000000000e+01 1.384094811028269767e+01
9.200000000000000000e+01 1.378651164986007416e+01
9.300000000000000000e+01 1.376030716363353257e+01
9.400000000000000000e+01 1.373490413278029187e+01
9.500000000000000000e+01 1.368698634275138915e+01
9.600000000000000000e+01 1.359941112823803699e+01
9.700000000000000000e+01 1.355225151177823406e+01
9.800000000000000000e+01 1.349691871791047859e+01
9.900000000000000000e+01 1.348907036788236269e+01
1.000000000000000000e+03 5.598426981490418619e+00
1.001000000000000000e+03 5.595902163051727385e+00
1.002000000000000000e+03 5.595831315140817885e+00
1.003000000000000000e+03 5.595105157363710724e+00
1.004000000000000000e+03 5.593031515314408786e+00
1.005000000000000000e+03 5.593195860578822121e+00
1.006000000000000000e+03 5.592358069100149542e+00
1.007000000000000000e+03 5.588138408290333814e+00
1.008000000000000000e+03 5.587207374898884638e+00
1.009000000000000000e+03 5.583752867685726429e+00
1.010000000000000000e+03 5.580762267281212274e+00
1.011000000000000000e+03 5.580551333077735876e+00
1.012000000000000000e+03 5.580371063718987834e+00
1.013000000000000000e+03 5.577928759416755256e+00
1.014000000000000000e+03 5.576840708686551018e+00
1.015000000000000000e+03 5.576705712003521498e+00
1.016000000000000000e+03 5.574648891511411186e+00
1.017000000000000000e+03 5.574353411138729619e+00
1.018000000000000000e+03 5.574317040682050362e+00
1.019000000000000000e+03 5.571465683605712371e+00
1.020000000000000000e+03 5.570852746223522445e+00
1.021000000000000000e+03 5.570901348319937441e+00
1.022000000000000000e+03 5.568004391490595673e+00
1.023000000000000000e+03 5.567947961319346106e+00
1.024000000000000000e+03 5.566265095910408078e+00
1.025000000000000000e+03 5.563169964848718507e+00
1.026000000000000000e+03 5.561082171086700221e+00
1.027000000000000000e+03 5.560219593078290501e+00
1.028000000000000000e+03 5.558134545050862130e+00
1.029000000000000000e+03 5.558123120332517431e+00
1.030000000000000000e+03 5.556624140280796098e+00
1.031000000000000000e+03 5.554670939232940086e+00
1.032000000000000000e+03 5.554673800381573656e+00
1.033000000000000000e+03 5.553989955982757465e+00
1.034000000000000000e+03 5.552163048011460766e+00
1.035000000000000000e+03 5.551508450346826606e+00
1.036000000000000000e+03 5.551678387975474749e+00
1.037000000000000000e+03 5.550013309608473833e+00
1.038000000000000000e+03 5.549187489125490202e+00
1.039000000000000000e+03 5.549098351272015783e+00
1.040000000000000000e+03 5.543453025636115861e+00
1.041000000000000000e+03 5.542155349581018520e+00
1.042000000000000000e+03 5.542246124278878305e+00
1.043000000000000000e+03 5.537241099956927037e+00
1.044000000000000000e+03 5.536937003759732967e+00
1.045000000000000000e+03 5.536859541985727162e+00
1.046000000000000000e+03 5.534713293978532178e+00
1.047000000000000000e+03 5.534841063047641896e+00
1.048000000000000000e+03 5.532763460828702407e+00
1.049000000000000000e+03 5.529684314038974868e+00
1.050000000000000000e+03 5.527348329241853264e+00
1.051000000000000000e+03 5.526747699179982654e+00
1.052000000000000000e+03 5.524740359266495204e+00
1.053000000000000000e+03 5.524031657308516863e+00
1.054000000000000000e+03 5.524161746683954100e+00
1.055000000000000000e+03 5.522349724795377668e+00
1.056000000000000000e+03 5.522817619939846878e+00
1.057000000000000000e+03 5.521820769663953854e+00
1.058000000000000000e+03 5.519728767047396012e+00
1.059000000000000000e+03 5.518759586747524537e+00
1.060000000000000000e+03 5.518736246707651283e+00
1.061000000000000000e+03 5.516219547466110207e+00
1.062000000000000000e+03 5.516291320462874737e+00
1.063000000000000000e+03 5.516387071482286686e+00
1.064000000000000000e+03 5.514592809556972952e+00
1.065000000000000000e+03 5.513726024887756871e+00
1.066000000000000000e+03 5.513218538707258531e+00
1.067000000000000000e+03 5.510412133015420544e+00
1.068000000000000000e+03 5.509872555872635580e+00
1.069000000000000000e+03 5.508221668139565708e+00
1.070000000000000000e+03 5.506520907469823811e+00
1.071000000000000000e+03 5.506228464426998315e+00
1.072000000000000000e+03 5.504300275447175927e+00
1.073000000000000000e+03 5.501330497881463444e+00
1.074000000000000000e+03 5.501414849571491850e+00
1.075000000000000000e+03 5.501535190094493544e+00
1.076000000000000000e+03 5.499085138484796964e+00
1.077000000000000000e+03 5.499176789552375766e+00
1.078000000000000000e+03 5.498498454193200047e+00
1.079000000000000000e+03 5.496159777939435997e+00
1.080000000000000000e+03 5.495806595526038230e+00
1.081000000000000000e+03 5.494603839035394621e+00
1.082000000000000000e+03 5.492691542667299309e+00
1.083000000000000000e+03 5.492825054517313177e+00
1.084000000000000000e+03 5.492925666454688383e+00
1.085000000000000000e+03 5.491167653625944389e+00
1.086000000000000000e+03 5.490562550811615594e+00
1.087000000000000000e+03 5.490342160176485464e+00
1.088000000000000000e+03 5.488757740101554816e+00
1.089000000000000000e+03 5.488799955496650007e+00
1.090000000000000000e+03 5.488884017981689567e+00
1.091000000000000000e+03 5.485663994651279296e+00
1.092000000000000000e+03 5.482488006495664479e+00
1.093000000000000000e+03 5.482226461268989937e+00
1.094000000000000000e+03 5.479295548978798891e+00
1.095000000000000000e+03 5.478918288535286507e+00
1.096000000000000000e+03 5.478881311579101521e+00
1.097000000000000000e+03 5.476397107216728344e+00
1.098000000000000000e+03 5.476457651596506437e+00
1.099000000000000000e+03 5.475805356428820936e+00
2.000000000000000000e+03 4.814345810134775583e+00
2.001000000000000000e+03 4.814378704578278878e+00
2.002000000000000000e+03 4.814454997458344820e+00
2.003000000000000000e+03 4.813771468219288252e+00
2.004000000000000000e+03 4.813730248540542433e+00
2.005000000000000000e+03 4.812788495904157138e+00
2.006000000000000000e+03 4.811835013711937670e+00
2.007000000000000000e+03 4.811727548075784178e+00
2.008000000000000000e+03 4.811549793718324253e+00
2.009000000000000000e+03 4.810571137863025371e+00
2.010000000000000000e+03 4.810372504607002497e+00
2.011000000000000000e+03 4.810568958020338570e+00
2.012000000000000000e+03 4.809824151237823919e+00
2.013000000000000000e+03 4.809864010785211974e+00
2.014000000000000000e+03 4.809942421779470401e+00
2.015000000000000000e+03 4.809188463854990658e+00
2.016000000000000000e+03 4.808738124129739333e+00
2.017000000000000000e+03 4.808747605596353836e+00
2.018000000000000000e+03 4.807934018976539825e+00
2.019000000000000000e+03 4.807727542510716212e+00
2.020000000000000000e+03 4.807504055117595598e+00
2.021000000000000000e+03 4.806239609285102077e+00
2.022000000000000000e+03 4.806085143581810826e+00
2.023000000000000000e+03 4.806078137195287425e+00
2.024000000000000000e+03 4.805370964970780534e+00
2.025000000000000000e+03 4.805316112741332191e+00
2.026000000000000000e+03 4.805316633149305794e+00
2.027000000000000000e+03 4.804647464155896053e+00
2.028000000000000000e+03 4.804223348195420407e+00
2.029000000000000000e+03 4.804242772856889943e+00
2.030000000000000000e+03 4.803441931539614629e+00
2.031000000000000000e+03 4.803450871530942301e+00
2.032000000000000000e+03 4.803516282695396100e+00
2.033000000000000000e+03 4.801613486884278359e+00
2.034000000000000000e+03 4.801371287893814177e+00
2.035000000000000000e+03 4.801446812340484982e+00
2.036000000000000000e+03 4.800818504933301867e+00
2.037000000000000000e+03 4.800826872311070304e+00
2.038000000000000000e+03 4.800790831622758326e+00
2.039000000000000000e+03 4.799946515710606931e+00
2.040000000000000000e+03 4.798837159106168926e+00
2.041000000000000000e+03 4.798720513628678574e+00
2.042000000000000000e+03 4.797989789682332251e+00
2.043000000000000000e+03 4.798062263348285228e+00
2.044000000000000000e+03 4.798186871169701995e+00
2.045000000000000000e+03 4.797485089947537418e+00
2.046000000000000000e+03 4.797326836796834471e+00
2.047000000000000000e+03 4.797291902990928669e+00
2.048000000000000000e+03 4.796553235412330807e+00
2.049000000000000000e+03 4.796615455714393406e+00
2.050000000000000000e+03 4.796360708050067423e+00
2.051000000000000000e+03 4.793844523219904730e+00
2.052000000000000000e+03 4.793445231844940757e+00
2.053000000000000000e+03 4.793450227874748393e+00
2.054000000000000000e+03 4.792801630856089012e+00
2.055000000000000000e+03 4.792798618920449449e+00
2.056000000000000000e+03 4.792899746854153875e+00
2.057000000000000000e+03 4.792052357040176069e+00
2.058000000000000000e+03 4.791833847558560677e+00
2.059000000000000000e+03 4.791540719491129252e+00
2.060000000000000000e+03 4.790791534058441492e+00
2.061000000000000000e+03 4.790369302639438942e+00
2.062000000000000000e+03 4.790314769534665729e+00
2.063000000000000000e+03 4.789171629933132834e+00
2.064000000000000000e+03 4.789056654647155575e+00
2.065000000000000000e+03 4.789065630572140186e+00
2.066000000000000000e+03 4.788388909683141570e+00
2.067000000000000000e+03 4.788339307891358310e+00
2.068000000000000000e+03 4.788265019944877743e+00
2.069000000000000000e+03 4.787293998510130599e+00
2.070000000000000000e+03 4.787141230623250365e+00
2.071000000000000000e+03 4.787237589000120863e+00
2.072000000000000000e+03 4.786498121598406819e+00
2.073000000000000000e+03 4.786523561394930404e+00
2.074000000000000000e+03 4.786595017364370541e+00
2.075000000000000000e+03 4.785880261252844825e+00
2.076000000000000000e+03 4.785484148686871109e+00
2.077000000000000000e+03 4.785299409837717732e+00
2.078000000000000000e+03 4.784183352363868380e+00
2.079000000000000000e+03 4.784106598928448584e+00
2.080000000000000000e+03 4.783795147439000139e+00
2.081000000000000000e+03 4.781903849480320545e+00
2.082000000000000000e+03 4.781653207835858232e+00
2.083000000000000000e+03 4.781652579652497792e+00
2.084000000000000000e+03 4.780688917702937246e+00
2.085000000000000000e+03 4.780435123729597890e+00
2.086000000000000000e+03 4.780289672266316181e+00
2.087000000000000000e+03 4.779262279585924311e+00
2.088000000000000000e+03 4.778714292265241248e+00
2.089000000000000000e+03 4.778672807014647361e+00
2.090000000000000000e+03 4.777882301193723258e+00
2.091000000000000000e+03 4.777882359168549975e+00
2.092000000000000000e+03 4.777943409844786160e+00
2.093000000000000000e+03 4.777301369956507671e+00
2.094000000000000000e+03 4.777263530701164385e+00
2.095000000000000000e+03 4.777270806776854783e+00
2.096000000000000000e+03 4.776715424005814725e+00
2.097000000000000000e+03 4.776704158685221024e+00
2.098000000000000000e+03 4.776860850310119311e+00
2.099000000000000000e+03 4.776162453791584106e+00
3.000000000000000000e+03 2.221096451094898061e+00
3.001000000000000000e+03 2.219683908413922602e+00
3.002000000000000000e+03 2.219046153835723345e+00
3.003000000000000000e+03 2.218667472817852371e+00
3.004000000000000000e+03 2.218299955993422223e+00
3.005000000000000000e+03 2.217309294584977497e+00
3.006000000000000000e+03 2.215792380173696952e+00
3.007000000000000000e+03 2.215609944253420949e+00
3.008000000000000000e+03 2.214683677609950774e+00
3.009000000000000000e+03 2.213628834593521333e+00
3.010000000000000000e+03 2.213382610933672723e+00
3.011000000000000000e+03 2.212451043632105652e+00
3.012000000000000000e+03 2.211822733063714352e+00
3.013000000000000000e+03 2.211354914640132119e+00
3.014000000000000000e+03 2.210335678079986987e+00
3.015000000000000000e+03 2.208893856927134358e+00
3.016000000000000000e+03 2.208719436936690705e+00
3.017000000000000000e+03 2.207962084056584562e+00
3.018000000000000000e+03 2.207399044977711888e+00
3.019000000000000000e+03 2.206417435559652418e+00
3.020000000000000000e+03 2.205719351553665497e+00
3.021000000000000000e+03 2.205197540097661335e+00
3.022000000000000000e+03 2.204638651047650555e+00
3.023000000000000000e+03 2.203198258879182525e+00
3.024000000000000000e+03 2.202891498816279992e+00
3.025000000000000000e+03 2.202423251599059384e+00
3.026000000000000000e+03 2.201412755962472545e+00
3.027000000000000000e+03 2.200894382369981805e+00
3.028000000000000000e+03 2.200341775653744669e+00
3.029000000000000000e+03 2.199436542369809899e+00
3.030000000000000000e+03 2.198961739698736650e+00
3.031000000000000000e+03 2.198447594356282231e+00
3.032000000000000000e+03 2.196675803666530147e+00
3.033000000000000000e+03 2.196442316924527294e+00
3.034000000000000000e+03 2.196153821507200732e+00
3.035000000000000000e+03 2.195233589452578737e+00
3.036000000000000000e+03 2.194642248872679779e+00
3.037000000000000000e+03 2.194205078552190713e+00
3.038000000000000000e+03 2.193222766504498544e+00
3.039000000000000000e+03 2.192606768724301602e+00
3.040000000000000000e+03 2.192160012093288479e+00
3.041000000000000000e+03 2.191178028604043870e+00
3.042000000000000000e+03 2.189824177438181252e+00
3.043000000000000000e+03 2.189657227319326438e+00
3.044000000000000000e+03 2.188926735956691516e+00
3.045000000000000000e+03 2.188412278300968072e+00
3.046000000000000000e+03 2.187889832595388384e+00
3.047000000000000000e+03 2.186887906494678901e+00
3.048000000000000000e+03 2.185544316874627135e+00
3.049000000000000000e+03 2.185379160096496687e+00
3.050000000000000000e+03 2.184532548571564980e+00
3.051000000000000000e+03 2.183978507268334202e+00
3.052000000000000000e+03 2.183447060068042234e+00
3.053000000000000000e+03 2.182451300627876734e+00
3.054000000000000000e+03 2.181834405577078861e+00
3.055000000000000000e+03 2.181397324309737318e+00
3.056000000000000000e+03 2.180443793135691699e+00
3.057000000000000000e+03 2.179966355727056104e+00
3.058000000000000000e+03 2.179485300550581428e+00
3.059000000000000000e+03 2.178635728152636730e+00
3.060000000000000000e+03 2.178099463765243549e+00
3.061000000000000000e+03 2.177598474746552881e+00
3.062000000000000000e+03 2.176742167892543378e+00
3.063000000000000000e+03 2.176192776487685165e+00
3.064000000000000000e+03 2.175676488173607481e+00
3.065000000000000000e+03 2.174703542036954929e+00
3.066000000000000000e+03 2.174122131452901119e+00
3.067000000000000000e+03 2.173594909524978469e+00
3.068000000000000000e+03 2.172633953609093282e+00
3.069000000000000000e+03 2.172158093645805366e+00
3.070000000000000000e+03 2.171787163969489232e+00
3.071000000000000000e+03 2.170991912301993398e+00
3.072000000000000000e+03 2.170491596548216329e+00
3.073000000000000000e+03 2.170018549675922781e+00
3.074000000000000000e+03 2.169087964919794498e+00
3.075000000000000000e+03 2.168627534498213105e+00
3.076000000000000000e+03 2.168159976635103625e+00
3.077000000000000000e+03 2.167235511686390836e+00
3.078000000000000000e+03 2.166778993751734550e+00
3.079000000000000000e+03 2.166316211577340667e+00
3.080000000000000000e+03 2.165397269877170849e+00
3.081000000000000000e+03 2.164841214722093898e+00
3.082000000000000000e+03 2.164443124539307206e+00
3.083000000000000000e+03 2.163541726659185649e+00
3.084000000000000000e+03 2.162996562677478529e+00
3.085000000000000000e+03 2.162604628760989023e+00
3.086000000000000000e+03 2.161709674623430999e+00
3.087000000000000000e+03 2.161269921133736283e+00
3.088000000000000000e+03 2.160823453385479542e+00
3.089000000000000000e+03 2.160009628651916369e+00
3.090000000000000000e+03 2.159603871252146590e+00
3.091000000000000000e+03 2.159186126629179192e+00
3.092000000000000000e+03 2.158288838609869753e+00
3.093000000000000000e+03 2.157763967412681172e+00
3.094000000000000000e+03 2.157298466346987631e+00
3.095000000000000000e+03 2.156383512571253824e+00
3.096000000000000000e+03 2.155853407135605693e+00
3.097000000000000000e+03 2.155388417638774534e+00
3.098000000000000000e+03 2.154488145347809525e+00
3.099000000000000000e+03 2.153966989183236702e+00
4.000000000000000000e+03 1.851822425896625823e+00
4.001000000000000000e+03 1.851413437268924378e+00
4.002000000000000000e+03 1.851264382648941886e+00
4.003000000000000000e+03 1.851157751304537413e+00
4.004000000000000000e+03 1.850749667949966426e+00
4.005000000000000000e+03 1.850601138022855974e+00
4.006000000000000000e+03 1.850494791454765364e+00
4.007000000000000000e+03 1.850086956811166194e+00
4.008000000000000000e+03 1.849938630235959502e+00
4.009000000000000000e+03 1.849832616000465002e+00
4.010000000000000000e+03 1.849425390372784861e+00
4.011000000000000000e+03 1.849277341555781273e+00
4.012000000000000000e+03 1.849171520326868601e+00
4.013000000000000000e+03 1.848764761592585293e+00
4.014000000000000000e+03 1.848617325631383590e+00
4.015000000000000000e+03 1.848511984606586944e+00
4.016000000000000000e+03 1.848106192708410589e+00
4.017000000000000000e+03 1.847958982818348250e+00
4.018000000000000000e+03 1.847854047955290735e+00
4.019000000000000000e+03 1.847448646359979074e+00
4.020000000000000000e+03 1.847301565729488892e+00
4.021000000000000000e+03 1.847196645420183803e+00
4.022000000000000000e+03 1.846791944835544985e+00
4.023000000000000000e+03 1.846645285380737356e+00
4.024000000000000000e+03 1.846540616597544648e+00
4.025000000000000000e+03 1.846136290487476295e+00
4.026000000000000000e+03 1.845989981637261579e+00
4.027000000000000000e+03 1.845885660600036449e+00
4.028000000000000000e+03 1.845482051654829148e+00
4.029000000000000000e+03 1.845335962007916386e+00
4.030000000000000000e+03 1.845231879271073350e+00
4.031000000000000000e+03 1.844828874213234382e+00
4.032000000000000000e+03 1.844683125416124225e+00
4.033000000000000000e+03 1.844510527278672374e+00
4.034000000000000000e+03 1.844132246574846645e+00
4.035000000000000000e+03 1.843927651838283222e+00
4.036000000000000000e+03 1.843852356527504011e+00
4.037000000000000000e+03 1.843393212042945262e+00
4.038000000000000000e+03 1.843277062474401262e+00
4.039000000000000000e+03 1.843116806099693639e+00
4.040000000000000000e+03 1.842744617795569084e+00
4.041000000000000000e+03 1.842611383234344036e+00
4.042000000000000000e+03 1.842544013052165752e+00
4.043000000000000000e+03 1.842081381383037675e+00
4.044000000000000000e+03 1.841963402626217494e+00
4.045000000000000000e+03 1.841901710651279167e+00
4.046000000000000000e+03 1.841441999149663111e+00
4.047000000000000000e+03 1.841325274794246791e+00
4.048000000000000000e+03 1.841264136244678440e+00
4.049000000000000000e+03 1.840805138665622565e+00
4.050000000000000000e+03 1.840688635800042272e+00
4.051000000000000000e+03 1.840627578416055510e+00
4.052000000000000000e+03 1.840169094443127706e+00
4.053000000000000000e+03 1.840052720060814107e+00
4.054000000000000000e+03 1.839991736921422261e+00
4.055000000000000000e+03 1.839533797407216120e+00
4.056000000000000000e+03 1.839417589000246434e+00
4.057000000000000000e+03 1.839356610032327310e+00
4.058000000000000000e+03 1.838899144463849833e+00
4.059000000000000000e+03 1.838783077872077509e+00
4.060000000000000000e+03 1.838722188186703965e+00
4.061000000000000000e+03 1.838265221112423076e+00
4.062000000000000000e+03 1.838149262987220700e+00
4.063000000000000000e+03 1.838088447488402721e+00
4.064000000000000000e+03 1.837631944857555322e+00
4.065000000000000000e+03 1.837516120601772496e+00
4.066000000000000000e+03 1.837455387320797495e+00
4.067000000000000000e+03 1.836999360174341067e+00
4.068000000000000000e+03 1.836883676885601613e+00
4.069000000000000000e+03 1.836823021714949045e+00
4.070000000000000000e+03 1.836367453473817690e+00
4.071000000000000000e+03 1.836251901097539996e+00
4.072000000000000000e+03 1.836191324147641524e+00
4.073000000000000000e+03 1.835736252565016491e+00
4.074000000000000000e+03 1.835620805591407168e+00
4.075000000000000000e+03 1.835560305996682517e+00
4.076000000000000000e+03 1.835105712770935593e+00
4.077000000000000000e+03 1.834990382365822903e+00
4.078000000000000000e+03 1.834929949647476688e+00
4.079000000000000000e+03 1.834475827293919670e+00
4.080000000000000000e+03 1.834360628596875431e+00
4.081000000000000000e+03 1.834300277522795675e+00
4.082000000000000000e+03 1.833846641563463553e+00
4.083000000000000000e+03 1.833731615825971106e+00
4.084000000000000000e+03 1.833671330901287533e+00
4.085000000000000000e+03 1.833218244149381615e+00
4.086000000000000000e+03 1.833103311211116360e+00
4.087000000000000000e+03 1.833043041624990988e+00
4.088000000000000000e+03 1.832590478233881548e+00
4.089000000000000000e+03 1.832475634657706909e+00
4.090000000000000000e+03 1.832415433665599558e+00
4.091000000000000000e+03 1.831963338331445534e+00
4.092000000000000000e+03 1.831848616365193916e+00
4.093000000000000000e+03 1.831788462548396890e+00
4.094000000000000000e+03 1.831336875384960150e+00
4.095000000000000000e+03 1.831222268270661147e+00
4.096000000000000000e+03 1.831162184982097152e+00
4.097000000000000000e+03 1.830711056096748779e+00
4.098000000000000000e+03 1.830596569322834544e+00
4.099000000000000000e+03 1.830536559154487097e+00
5.000000000000000000e+03 1.668186782476273500e+00
5.001000000000000000e+03 1.668100648601894775e+00
5.002000000000000000e+03 1.668055856824724792e+00
5.003000000000000000e+03 1.667719670226115225e+00
5.004000000000000000e+03 1.667633593748740539e+00
5.005000000000000000e+03 1.667588843866464998e+00
5.006000000000000000e+03 1.667252957967487292e+00
5.007000000000000000e+03 1.667166957551262652e+00
5.008000000000000000e+03 1.667122257620090142e+00
5.009000000000000000e+03 1.666786653748592251e+00
5.010000000000000000e+03 1.666700733424790970e+00
5.011000000000000000e+03 1.666656064476448762e+00
5.012000000000000000e+03 1.666320742428959889e+00
5.013000000000000000e+03 1.666234895197430621e+00
5.014000000000000000e+03 1.666190269301377702e+00
5.015000000000000000e+03 1.665855242993123042e+00
5.016000000000000000e+03 1.665769483563372066e+00
5.017000000000000000e+03 1.665724892743622343e+00
5.018000000000000000e+03 1.665390159729950526e+00
5.019000000000000000e+03 1.665304497105122294e+00
5.020000000000000000e+03 1.665259942746113886e+00
5.021000000000000000e+03 1.664925480572284844e+00
5.022000000000000000e+03 1.664839903995454895e+00
5.023000000000000000e+03 1.664795396655113002e+00
5.024000000000000000e+03 1.664461234084414709e+00
5.025000000000000000e+03 1.664375725618651991e+00
5.026000000000000000e+03 1.664331245949107529e+00
5.027000000000000000e+03 1.663997370942655429e+00
5.028000000000000000e+03 1.663911938917420619e+00
5.029000000000000000e+03 1.663867488201883127e+00
5.030000000000000000e+03 1.663533917146940766e+00
5.031000000000000000e+03 1.663448544470744750e+00
5.032000000000000000e+03 1.663404134236007081e+00
5.033000000000000000e+03 1.663070870298361648e+00
5.034000000000000000e+03 1.662985563269986589e+00
5.035000000000000000e+03 1.662941184276662154e+00
5.036000000000000000e+03 1.662608218998210985e+00
5.037000000000000000e+03 1.662523005364799467e+00
5.038000000000000000e+03 1.662478649076812864e+00
5.039000000000000000e+03 1.662145972702001817e+00
5.040000000000000000e+03 1.662060836813316289e+00
5.041000000000000000e+03 1.662016507221728556e+00
5.042000000000000000e+03 1.661684142542098730e+00
5.043000000000000000e+03 1.661599062699969043e+00
5.044000000000000000e+03 1.661554754151132407e+00
5.045000000000000000e+03 1.661222687447431845e+00
5.046000000000000000e+03 1.661137687505640503e+00
5.047000000000000000e+03 1.661093409502029550e+00
5.048000000000000000e+03 1.660761628872557072e+00
5.049000000000000000e+03 1.660676713662163184e+00
5.050000000000000000e+03 1.660632483553309058e+00
5.051000000000000000e+03 1.660300977856911109e+00
5.052000000000000000e+03 1.660216137237987111e+00
5.053000000000000000e+03 1.660171948962095190e+00
5.054000000000000000e+03 1.659840716851034514e+00
5.055000000000000000e+03 1.659755962062781975e+00
5.056000000000000000e+03 1.659711827083133695e+00
5.057000000000000000e+03 1.659380896757624457e+00
5.058000000000000000e+03 1.659296203568510597e+00
5.059000000000000000e+03 1.659252094348967033e+00
5.060000000000000000e+03 1.658921440279707449e+00
5.061000000000000000e+03 1.658836815221227390e+00
5.062000000000000000e+03 1.658792750405789329e+00
5.063000000000000000e+03 1.658462380297470951e+00
5.064000000000000000e+03 1.658377841267951291e+00
5.065000000000000000e+03 1.658333824148451763e+00
5.066000000000000000e+03 1.658003732777779238e+00
5.067000000000000000e+03 1.657919263408016430e+00
5.068000000000000000e+03 1.657875274378846520e+00
5.069000000000000000e+03 1.657545504830777672e+00
5.070000000000000000e+03 1.657461103471908004e+00
5.071000000000000000e+03 1.657417128153733543e+00
5.072000000000000000e+03 1.657087649374293647e+00
5.073000000000000000e+03 1.657003329720587059e+00
5.074000000000000000e+03 1.656959387421084617e+00
5.075000000000000000e+03 1.656630203838495463e+00
5.076000000000000000e+03 1.656545956767331962e+00
5.077000000000000000e+03 1.656502022429523269e+00
5.078000000000000000e+03 1.656173134323815743e+00
5.079000000000000000e+03 1.656088967078499063e+00
5.080000000000000000e+03 1.656045062615273400e+00
5.081000000000000000e+03 1.655716452590873189e+00
5.082000000000000000e+03 1.655632367506519431e+00
5.083000000000000000e+03 1.655588508935752934e+00
5.084000000000000000e+03 1.655260183253746131e+00
5.085000000000000000e+03 1.655176156549364785e+00
5.086000000000000000e+03 1.655132342156730108e+00
5.087000000000000000e+03 1.654804292257465503e+00
5.088000000000000000e+03 1.654720332257940907e+00
5.089000000000000000e+03 1.654676558899602412e+00
5.090000000000000000e+03 1.654348813320714040e+00
5.091000000000000000e+03 1.654264930399804046e+00
5.092000000000000000e+03 1.654221190347745285e+00
5.093000000000000000e+03 1.653893726829728239e+00
5.094000000000000000e+03 1.653809923084840428e+00
5.095000000000000000e+03 1.653766208584819264e+00
5.096000000000000000e+03 1.653439025053693001e+00
5.097000000000000000e+03 1.653355304480832011e+00
5.098000000000000000e+03 1.653311620891145806e+00
5.099000000000000000e+03 1.652984710011577763e+00
6.000000000000000000e+03 1.532066481551520587e+00
6.001000000000000000e+03 1.532032114153049740e+00
6.002000000000000000e+03 1.531774605961826907e+00
6.003000000000000000e+03 1.531708694311530561e+00
6.004000000000000000e+03 1.531674357694789990e+00
6.005000000000000000e+03 1.531417035721618136e+00
6.006000000000000000e+03 1.531351165421968918e+00
6.007000000000000000e+03 1.531316856397547443e+00
6.008000000000000000e+03 1.531059712957194119e+00
6.009000000000000000e+03 1.530993890833356685e+00
6.010000000000000000e+03 1.530959608679152373e+00
6.011000000000000000e+03 1.530702644260726775e+00
6.012000000000000000e+03 1.530636878929591660e+00
6.013000000000000000e+03 1.530602630029995748e+00
6.014000000000000000e+03 1.530345854682641171e+00
6.015000000000000000e+03 1.530280120216427120e+00
6.016000000000000000e+03 1.530245894515186666e+00
6.017000000000000000e+03 1.529989316720806958e+00
6.018000000000000000e+03 1.529923621268448386e+00
6.019000000000000000e+03 1.529889422717815251e+00
6.020000000000000000e+03 1.529633029426337387e+00
6.021000000000000000e+03 1.529567390154896067e+00
6.022000000000000000e+03 1.529533221235715112e+00
6.023000000000000000e+03 1.529277012418025272e+00
6.024000000000000000e+03 1.529211422695025302e+00
6.025000000000000000e+03 1.529177270913806730e+00
6.026000000000000000e+03 1.528921250119525732e+00
6.027000000000000000e+03 1.528855721027054138e+00
6.028000000000000000e+03 1.528821592149648412e+00
6.029000000000000000e+03 1.528565746745177645e+00
6.030000000000000000e+03 1.528500274394220426e+00
6.031000000000000000e+03 1.528466177100607171e+00
6.032000000000000000e+03 1.528210502364923062e+00
6.033000000000000000e+03 1.528145072091373402e+00
6.034000000000000000e+03 1.528111002822976072e+00
6.035000000000000000e+03 1.527855527607766550e+00
6.036000000000000000e+03 1.527790142660152339e+00
6.037000000000000000e+03 1.527756093455312492e+00
6.038000000000000000e+03 1.527500796233997704e+00
6.039000000000000000e+03 1.527435467849295403e+00
6.040000000000000000e+03 1.527401450820208950e+00
6.041000000000000000e+03 1.527146353355363084e+00
6.042000000000000000e+03 1.527081052267596606e+00
6.043000000000000000e+03 1.527047058926162215e+00
6.044000000000000000e+03 1.526792138926841069e+00
6.045000000000000000e+03 1.526726894315026062e+00
6.046000000000000000e+03 1.526692933048829470e+00
6.047000000000000000e+03 1.526438182749836114e+00
6.048000000000000000e+03 1.526372985130030280e+00
6.049000000000000000e+03 1.526339053194144757e+00
6.050000000000000000e+03 1.526084493517865681e+00
6.051000000000000000e+03 1.526019334148581041e+00
6.052000000000000000e+03 1.525985426527400879e+00
6.053000000000000000e+03 1.525731070887018204e+00
6.054000000000000000e+03 1.525665944899610160e+00
6.055000000000000000e+03 1.525632063314309228e+00
6.056000000000000000e+03 1.525377893759069625e+00
6.057000000000000000e+03 1.525312807008860183e+00
6.058000000000000000e+03 1.525278953038870400e+00
6.059000000000000000e+03 1.525024977960959038e+00
6.060000000000000000e+03 1.524959935118005205e+00
6.061000000000000000e+03 1.524926100203620738e+00
6.062000000000000000e+03 1.524672309089127653e+00
6.063000000000000000e+03 1.524607315588266898e+00
6.064000000000000000e+03 1.524573498729288268e+00
6.065000000000000000e+03 1.524319887459489653e+00
6.066000000000000000e+03 1.524254941980431877e+00
6.067000000000000000e+03 1.524221153806550433e+00
6.068000000000000000e+03 1.523967720435860818e+00
6.069000000000000000e+03 1.523902820965254978e+00
6.070000000000000000e+03 1.523869061556313520e+00
6.071000000000000000e+03 1.523615806636188452e+00
6.072000000000000000e+03 1.523550960708221602e+00
6.073000000000000000e+03 1.523517230930666599e+00
6.074000000000000000e+03 1.523264176602659781e+00
6.075000000000000000e+03 1.523199354689000362e+00
6.076000000000000000e+03 1.523165645500807575e+00
6.077000000000000000e+03 1.522912780928211696e+00
6.078000000000000000e+03 1.522847999693318854e+00
6.079000000000000000e+03 1.522814318950084012e+00
6.080000000000000000e+03 1.522561637674961776e+00
6.081000000000000000e+03 1.522496906506742409e+00
6.082000000000000000e+03 1.522463245576527680e+00
6.083000000000000000e+03 1.522210743167626390e+00
6.084000000000000000e+03 1.522146063244579794e+00
6.085000000000000000e+03 1.522112432081125011e+00
6.086000000000000000e+03 1.521860101784486385e+00
6.087000000000000000e+03 1.521795472098728563e+00
6.088000000000000000e+03 1.521761870131920880e+00
6.089000000000000000e+03 1.521509731073222405e+00
6.090000000000000000e+03 1.521445140088153458e+00
6.091000000000000000e+03 1.521411555318907372e+00
6.092000000000000000e+03 1.521159599006959962e+00
6.093000000000000000e+03 1.521095071748097549e+00
6.094000000000000000e+03 1.521061512892448953e+00
6.095000000000000000e+03 1.520809727672852052e+00
6.096000000000000000e+03 1.520745253049286871e+00
6.097000000000000000e+03 1.520711716207232556e+00
6.098000000000000000e+03 1.520460107061841093e+00
6.099000000000000000e+03 1.520395694656770491e+00
7.000000000000000000e+03 1.425637826946175357e+00
7.001000000000000000e+03 1.425432375958729292e+00
7.002000000000000000e+03 1.425379628185319270e+00
7.003000000000000000e+03 1.425352241409348020e+00
7.004000000000000000e+03 1.425146919237941123e+00
7.005000000000000000e+03 1.425094209401792655e+00
7.006000000000000000e+03 1.425066845690535100e+00
7.007000000000000000e+03 1.424861646907488621e+00
7.008000000000000000e+03 1.424808969029970118e+00
7.009000000000000000e+03 1.424781624850513184e+00
7.010000000000000000e+03 1.424576549133347303e+00
7.011000000000000000e+03 1.424523898784348264e+00
7.012000000000000000e+03 1.424496572846782216e+00
7.013000000000000000e+03 1.424291625020220664e+00
7.014000000000000000e+03 1.424239016041336736e+00
7.015000000000000000e+03 1.424211713777876476e+00
7.016000000000000000e+03 1.424006896077496975e+00
7.017000000000000000e+03 1.423954317538340897e+00
7.018000000000000000e+03 1.423927034380036538e+00
7.019000000000000000e+03 1.423722347185019554e+00
7.020000000000000000e+03 1.423669795192729737e+00
7.021000000000000000e+03 1.423642528925148643e+00
7.022000000000000000e+03 1.423437963321017685e+00
7.023000000000000000e+03 1.423385450372235184e+00
7.024000000000000000e+03 1.423358205775329344e+00
7.025000000000000000e+03 1.423153764585518566e+00
7.026000000000000000e+03 1.423101289308462025e+00
7.027000000000000000e+03 1.423074057336498388e+00
7.028000000000000000e+03 1.422869737781572219e+00
7.029000000000000000e+03 1.422817293915820569e+00
7.030000000000000000e+03 1.422790080450832217e+00
7.031000000000000000e+03 1.422585893890933484e+00
7.032000000000000000e+03 1.422533476744247904e+00
7.033000000000000000e+03 1.422506282367823172e+00
7.034000000000000000e+03 1.422302227789018048e+00
7.035000000000000000e+03 1.422249839813638062e+00
7.036000000000000000e+03 1.422222664671666470e+00
7.037000000000000000e+03 1.422018732707489796e+00
7.038000000000000000e+03 1.421966378252341734e+00
7.039000000000000000e+03 1.421939221629945571e+00
7.040000000000000000e+03 1.421735414227418559e+00
7.041000000000000000e+03 1.421683091274957622e+00
7.042000000000000000e+03 1.421655952814853574e+00
7.043000000000000000e+03 1.421452278688970949e+00
7.044000000000000000e+03 1.421399984998752197e+00
7.045000000000000000e+03 1.421372867032756782e+00
7.046000000000000000e+03 1.421169319373423390e+00
7.047000000000000000e+03 1.421117064016360398e+00
7.048000000000000000e+03 1.421089960232635452e+00
7.049000000000000000e+03 1.420886530803109560e+00
7.050000000000000000e+03 1.420834304619226440e+00
7.051000000000000000e+03 1.420807219965011914e+00
7.052000000000000000e+03 1.420603922345617276e+00
7.053000000000000000e+03 1.420551717965155447e+00
7.054000000000000000e+03 1.420524650427540614e+00
7.055000000000000000e+03 1.420321482220776144e+00
7.056000000000000000e+03 1.420269314678376027e+00
7.057000000000000000e+03 1.420242266639632156e+00
7.058000000000000000e+03 1.420039228293233036e+00
7.059000000000000000e+03 1.419987086691686828e+00
7.060000000000000000e+03 1.419960056554048888e+00
7.061000000000000000e+03 1.419757152848003523e+00
7.062000000000000000e+03 1.419705042198221356e+00
7.063000000000000000e+03 1.419678024845870912e+00
7.064000000000000000e+03 1.419475251843552943e+00
7.065000000000000000e+03 1.419423168055107265e+00
7.066000000000000000e+03 1.419396168293358906e+00
7.067000000000000000e+03 1.419193515067981082e+00
7.068000000000000000e+03 1.419141465916727851e+00
7.069000000000000000e+03 1.419114487096711841e+00
7.070000000000000000e+03 1.418911956078104719e+00
7.071000000000000000e+03 1.418859941920612489e+00
7.072000000000000000e+03 1.418832981683546990e+00
7.073000000000000000e+03 1.418630575980259767e+00
7.074000000000000000e+03 1.418578599683162356e+00
7.075000000000000000e+03 1.418551653127669621e+00
7.076000000000000000e+03 1.418349377240679887e+00
7.077000000000000000e+03 1.418297431645644702e+00
7.078000000000000000e+03 1.418270502628715901e+00
7.079000000000000000e+03 1.418068343101136275e+00
7.080000000000000000e+03 1.418016427391532774e+00
7.081000000000000000e+03 1.417989516579310383e+00
7.082000000000000000e+03 1.417787491980899262e+00
7.083000000000000000e+03 1.417735599504462263e+00
7.084000000000000000e+03 1.417708698982698579e+00
7.085000000000000000e+03 1.417506801518934267e+00
7.086000000000000000e+03 1.417454947701946244e+00
7.087000000000000000e+03 1.417428068605053326e+00
7.088000000000000000e+03 1.417226295563557725e+00
7.089000000000000000e+03 1.417174459898999705e+00
7.090000000000000000e+03 1.417147595967587881e+00
7.091000000000000000e+03 1.416945948923440612e+00
7.092000000000000000e+03 1.416894146877166749e+00
7.093000000000000000e+03 1.416867303568138947e+00
7.094000000000000000e+03 1.416665779510310585e+00
7.095000000000000000e+03 1.416614013908517933e+00
7.096000000000000000e+03 1.416587191887722863e+00
7.097000000000000000e+03 1.416385787447187017e+00
7.098000000000000000e+03 1.416334050860233784e+00
7.099000000000000000e+03 1.416307244961440226e+00
8.000000000000000000e+03 1.339242660566961618e+00
8.001000000000000000e+03 1.339199241917873984e+00
8.002000000000000000e+03 1.339176796928562174e+00
8.003000000000000000e+03 1.339007834558704424e+00
8.004000000000000000e+03 1.338964442104008556e+00
8.005000000000000000e+03 1.338942011886399053e+00
8.006000000000000000e+03 1.338773137104273703e+00
8.007000000000000000e+03 1.338729775704759373e+00
8.008000000000000000e+03 1.338707362262589129e+00
8.009000000000000000e+03 1.338538584090856798e+00
8.010000000000000000e+03 1.338495238683954591e+00
8.011000000000000000e+03 1.338472836375907971e+00
8.012000000000000000e+03 1.338304144516659022e+00
8.013000000000000000e+03 1.338260821315423232e+00
8.014000000000000000e+03 1.338238432063764138e+00
8.015000000000000000e+03 1.338069831076895699e+00
8.016000000000000000e+03 1.338026536233895891e+00
8.017000000000000000e+03 1.338004161712214035e+00
8.018000000000000000e+03 1.337835651214272392e+00
8.019000000000000000e+03 1.337792384026478709e+00
8.020000000000000000e+03 1.337770019325438264e+00
8.021000000000000000e+03 1.337601611557184045e+00
8.022000000000000000e+03 1.337558358817129367e+00
8.023000000000000000e+03 1.337536000841315298e+00
8.024000000000000000e+03 1.337367693050312667e+00
8.025000000000000000e+03 1.337324464533047985e+00
8.026000000000000000e+03 1.337302115514283685e+00
8.027000000000000000e+03 1.337133897448422593e+00
8.028000000000000000e+03 1.337090691143321353e+00
8.029000000000000000e+03 1.337068350978186215e+00
8.030000000000000000e+03 1.336900230309434612e+00
8.031000000000000000e+03 1.336857047229136786e+00
8.032000000000000000e+03 1.336834721240335311e+00
8.033000000000000000e+03 1.336666689895330551e+00
8.034000000000000000e+03 1.336623532369955125e+00
8.035000000000000000e+03 1.336601216277725879e+00
8.036000000000000000e+03 1.336433273028128310e+00
8.037000000000000000e+03 1.336390141074420335e+00
8.038000000000000000e+03 1.336367840067405055e+00
8.039000000000000000e+03 1.336199987827388469e+00
8.040000000000000000e+03 1.336156883099348214e+00
8.041000000000000000e+03 1.336134592087310891e+00
8.042000000000000000e+03 1.335966826240776006e+00
8.043000000000000000e+03 1.335923742933918801e+00
8.044000000000000000e+03 1.335901465856203840e+00
8.045000000000000000e+03 1.335733793539718661e+00
8.046000000000000000e+03 1.335690733442264522e+00
8.047000000000000000e+03 1.335668464451130077e+00
8.048000000000000000e+03 1.335500892696750652e+00
8.049000000000000000e+03 1.335457853348959389e+00
8.050000000000000000e+03 1.335435592938535976e+00
8.051000000000000000e+03 1.335268115291557089e+00
8.052000000000000000e+03 1.335225104646311944e+00
8.053000000000000000e+03 1.335202854787263194e+00
8.054000000000000000e+03 1.335035462645813409e+00
8.055000000000000000e+03 1.334992476059369437e+00
8.056000000000000000e+03 1.334970240322320034e+00
8.057000000000000000e+03 1.334802936058459455e+00
8.058000000000000000e+03 1.334759973293068391e+00
8.059000000000000000e+03 1.334737751251347415e+00
8.060000000000000000e+03 1.334570534391083640e+00
8.061000000000000000e+03 1.334527599527238095e+00
8.062000000000000000e+03 1.334505393904712900e+00
8.063000000000000000e+03 1.334338263433347604e+00
8.064000000000000000e+03 1.334295354481299656e+00
8.065000000000000000e+03 1.334273162683768943e+00
8.066000000000000000e+03 1.334106125038366120e+00
8.067000000000000000e+03 1.334063238601266965e+00
8.068000000000000000e+03 1.334041059444302846e+00
8.069000000000000000e+03 1.333874118000097697e+00
8.070000000000000000e+03 1.333831242403069162e+00
8.071000000000000000e+03 1.333809074644674020e+00
8.072000000000000000e+03 1.333642220900179920e+00
8.073000000000000000e+03 1.333599366752382664e+00
8.074000000000000000e+03 1.333577213528004402e+00
8.075000000000000000e+03 1.333410452555245485e+00
8.076000000000000000e+03 1.333367625891175079e+00
8.077000000000000000e+03 1.333345483790062680e+00
8.078000000000000000e+03 1.333178814598000139e+00
8.079000000000000000e+03 1.333136010734685239e+00
8.080000000000000000e+03 1.333113877122826585e+00
8.081000000000000000e+03 1.332947297956444288e+00
8.082000000000000000e+03 1.332904520152120798e+00
8.083000000000000000e+03 1.332882401433693742e+00
8.084000000000000000e+03 1.332715923535886082e+00
8.085000000000000000e+03 1.332673160591537620e+00
8.086000000000000000e+03 1.332651047616460804e+00
8.087000000000000000e+03 1.332484661083316091e+00
8.088000000000000000e+03 1.332441919278844811e+00
8.089000000000000000e+03 1.332419814079126130e+00
8.090000000000000000e+03 1.332253519424213994e+00
8.091000000000000000e+03 1.332210800160164244e+00
8.092000000000000000e+03 1.332188707868098287e+00
8.093000000000000000e+03 1.332022502680864084e+00
8.094000000000000000e+03 1.331979807117064762e+00
8.095000000000000000e+03 1.331957729112045019e+00
8.096000000000000000e+03 1.331791612429304106e+00
8.097000000000000000e+03 1.331748946302909964e+00
8.098000000000000000e+03 1.331726884307991687e+00
8.099000000000000000e+03 1.331560855914154740e+00
9.000000000000000000e+03 1.267476386670503885e+00
9.001000000000000000e+03 1.267457448218430205e+00
9.002000000000000000e+03 1.267315302383249964e+00
9.003000000000000000e+03 1.267278736196788103e+00
9.004000000000000000e+03 1.267259806080258233e+00
9.005000000000000000e+03 1.267117732763892946e+00
9.006000000000000000e+03 1.267081181368773901e+00
9.007000000000000000e+03 1.267062261262155598e+00
9.008000000000000000e+03 1.266920255076550372e+00
9.009000000000000000e+03 1.266883721091314863e+00
9.010000000000000000e+03 1.266864811754822462e+00
9.011000000000000000e+03 1.266722877527692415e+00
9.012000000000000000e+03 1.266686358092833808e+00
9.013000000000000000e+03 1.266667458215763542e+00
9.014000000000000000e+03 1.266525593356751855e+00
9.015000000000000000e+03 1.266489092060413935e+00
9.016000000000000000e+03 1.266470199686314801e+00
9.017000000000000000e+03 1.266328405405557245e+00
9.018000000000000000e+03 1.266291927432476649e+00
9.019000000000000000e+03 1.266273044118792379e+00
9.020000000000000000e+03 1.266131314514810313e+00
9.021000000000000000e+03 1.266094852718119945e+00
9.022000000000000000e+03 1.266075979672484531e+00
9.023000000000000000e+03 1.265934322666355527e+00
9.024000000000000000e+03 1.265897874771122034e+00
9.025000000000000000e+03 1.265879010712803066e+00
9.026000000000000000e+03 1.265737419901141525e+00
9.027000000000000000e+03 1.265700986187083821e+00
9.028000000000000000e+03 1.265682132105145907e+00
9.029000000000000000e+03 1.265540616894199388e+00
9.030000000000000000e+03 1.265504200384063083e+00
9.031000000000000000e+03 1.265485356414334905e+00
9.032000000000000000e+03 1.265343907219202757e+00
9.033000000000000000e+03 1.265307514668816857e+00
9.034000000000000000e+03 1.265288683394085956e+00
9.035000000000000000e+03 1.265147308585679031e+00
9.036000000000000000e+03 1.265110925642893847e+00
9.037000000000000000e+03 1.265092099292498773e+00
9.038000000000000000e+03 1.264950795609786738e+00
9.039000000000000000e+03 1.264914433552233541e+00
9.040000000000000000e+03 1.264895611469279979e+00
9.041000000000000000e+03 1.264754374198417741e+00
9.042000000000000000e+03 1.264718029950357314e+00
9.043000000000000000e+03 1.264699217658783237e+00
9.044000000000000000e+03 1.264558046275178871e+00
9.045000000000000000e+03 1.264521721481553840e+00
9.046000000000000000e+03 1.264502920434307010e+00
9.047000000000000000e+03 1.264361813982724847e+00
9.048000000000000000e+03 1.264325507959163764e+00
9.049000000000000000e+03 1.264306718324349044e+00
9.050000000000000000e+03 1.264165677419792244e+00
9.051000000000000000e+03 1.264129391155363713e+00
9.052000000000000000e+03 1.264110613254810334e+00
9.053000000000000000e+03 1.263969637589645423e+00
9.054000000000000000e+03 1.263933370393313105e+00
9.055000000000000000e+03 1.263914603062405106e+00
9.056000000000000000e+03 1.263773691696403745e+00
9.057000000000000000e+03 1.263737443274318029e+00
9.058000000000000000e+03 1.263718686851649009e+00
9.059000000000000000e+03 1.263577839579705042e+00
9.060000000000000000e+03 1.263541611229728190e+00
9.061000000000000000e+03 1.263522867214441847e+00
9.062000000000000000e+03 1.263382084433640529e+00
9.063000000000000000e+03 1.263345872885218935e+00
9.064000000000000000e+03 1.263327138848502562e+00
9.065000000000000000e+03 1.263186421607584098e+00
9.066000000000000000e+03 1.263150233295864400e+00
9.067000000000000000e+03 1.263131512051225203e+00
9.068000000000000000e+03 1.262990861813196197e+00
9.069000000000000000e+03 1.262954689301606370e+00
9.070000000000000000e+03 1.262935970019329224e+00
9.071000000000000000e+03 1.262795389599769891e+00
9.072000000000000000e+03 1.262759234620776549e+00
9.073000000000000000e+03 1.262740522632517681e+00
9.074000000000000000e+03 1.262600015304939260e+00
9.075000000000000000e+03 1.262563875950900583e+00
9.076000000000000000e+03 1.262545173437974233e+00
9.077000000000000000e+03 1.262404741693380572e+00
9.078000000000000000e+03 1.262368617143102334e+00
9.079000000000000000e+03 1.262349916277943240e+00
9.080000000000000000e+03 1.262209554332491379e+00
9.081000000000000000e+03 1.262173452582753708e+00
9.082000000000000000e+03 1.262154760495977301e+00
9.083000000000000000e+03 1.262014466539349344e+00
9.084000000000000000e+03 1.261978383690169014e+00
9.085000000000000000e+03 1.261959703078405548e+00
9.086000000000000000e+03 1.261819469736654487e+00
9.087000000000000000e+03 1.261783403302189743e+00
9.088000000000000000e+03 1.261764733199676636e+00
9.089000000000000000e+03 1.261624565019453303e+00
9.090000000000000000e+03 1.261588516471609855e+00
9.091000000000000000e+03 1.261569856160389413e+00
9.092000000000000000e+03 1.261429759892771729e+00
9.093000000000000000e+03 1.261393730158468562e+00
9.094000000000000000e+03 1.261375077433592340e+00
9.095000000000000000e+03 1.261235043946384415e+00
9.096000000000000000e+03 1.261199031909930657e+00
9.097000000000000000e+03 1.261180389983007188e+00
9.098000000000000000e+03 1.261040420968488895e+00
9.099000000000000000e+03 1.261004428170497738e+00
