9.000000000000000000e+00 5.154638841653952142e+01
1.200000000000000000e+01 3.706303926847388652e+01
1.500000000000000000e+01 3.064343142539784637e+01
1.800000000000000000e+01 2.680532445557953380e+01
2.100000000000000000e+01 2.417536358121233420e+01
2.400000000000000000e+01 2.222627035578682353e+01
2.700000000000000000e+01 2.070501997884077383e+01
3.000000000000000000e+01 1.947377208938255677e+01
3.300000000000000000e+01 1.844982887108976044e+01
3.600000000000000000e+01 1.758077166023581839e+01
3.900000000000000000e+01 1.683031744655291462e+01
4.200000000000000000e+01 1.617346856651797182e+01
4.500000000000000000e+01 1.559222212024934606e+01
4.800000000000000000e+01 1.507300020703866039e+01
5.100000000000000000e+01 1.460556769832538393e+01
5.400000000000000000e+01 1.418117615583692981e+01
5.700000000000000000e+01 1.379378936889151674e+01
6.000000000000000000e+01 1.343830289187917515e+01
6.300000000000000000e+01 1.311041694766225341e+01
6.600000000000000000e+01 1.280700052987137205e+01
6.900000000000000000e+01 1.252499457650253234e+01
7.200000000000000000e+01 1.226164188157509471e+01
7.500000000000000000e+01 1.201538977099347605e+01
7.800000000000000000e+01 1.178427546126629188e+01
8.100000000000000000e+01 1.156656687633112668e+01
8.400000000000000000e+01 1.136122073934395260e+01
8.700000000000000000e+01 1.116697541348338518e+01
9.000000000000000000e+01 1.098297259880929388e+01
9.300000000000000000e+01 1.080824577219572902e+01
9.600000000000000000e+01 1.064211117335978685e+01
9.900000000000000000e+01 1.048385077766722162e+01
1.002000000000000000e+03 3.528875496083417662e+00
1.005000000000000000e+03 3.523965265049939344e+00
1.008000000000000000e+03 3.519077874564311426e+00
1.011000000000000000e+03 3.514209729868518650e+00
1.014000000000000000e+03 3.509364279514381124e+00
1.017000000000000000e+03 3.504540020843303960e+00
1.020000000000000000e+03 3.499736296880121778e+00
1.023000000000000000e+03 3.494953303076060003e+00
1.026000000000000000e+03 3.490191707693129253e+00
1.029000000000000000e+03 3.485449159913270201e+00
1.032000000000000000e+03 3.480725792263414942e+00
1.035000000000000000e+03 3.476023345717605295e+00
1.038000000000000000e+03 3.471341284547284634e+00
1.041000000000000000e+03 3.466679235738294285e+00
1.044000000000000000e+03 3.462036632407367254e+00
1.047000000000000000e+03 3.457413012760119031e+00
1.050000000000000000e+03 3.452810243078825891e+00
1.053000000000000000e+03 3.448226749236058097e+00
1.056000000000000000e+03 3.443661214907907997e+00
1.059000000000000000e+03 3.439113344762781743e+00
1.062000000000000000e+03 3.434585039063848377e+00
1.065000000000000000e+03 3.430075379564516247e+00
1.068000000000000000e+03 3.425585225264513145e+00
1.071000000000000000e+03 3.421114142653088663e+00
1.074000000000000000e+03 3.416661283049923892e+00
1.077000000000000000e+03 3.412225717578630579e+00
1.080000000000000000e+03 3.407808010312032732e+00
1.083000000000000000e+03 3.403407785491801008e+00
1.086000000000000000e+03 3.399025834400190238e+00
1.089000000000000000e+03 3.394661358127551765e+00
1.092000000000000000e+03 3.390314069541894959e+00
1.095000000000000000e+03 3.385985375296177935e+00
1.098000000000000000e+03 3.381673238128027670e+00
2.001000000000000000e+03 2.558525212529286552e+00
2.004000000000000000e+03 2.556738299162616634e+00
2.007000000000000000e+03 2.554955362893121418e+00
2.010000000000000000e+03 2.553176110479483008e+00
2.013000000000000000e+03 2.551400796268797677e+00
2.016000000000000000e+03 2.549629448236296447e+00
2.019000000000000000e+03 2.547862019089531138e+00
2.022000000000000000e+03 2.546098305850772014e+00
2.025000000000000000e+03 2.544338575758209320e+00
2.028000000000000000e+03 2.542582508592512003e+00
2.031000000000000000e+03 2.540830174455908530e+00
2.034000000000000000e+03 2.539081643025938195e+00
2.037000000000000000e+03 2.537336913561015983e+00
2.040000000000000000e+03 2.535595876119723258e+00
2.043000000000000000e+03 2.533858700054685276e+00
2.046000000000000000e+03 2.532125295536865384e+00
2.049000000000000000e+03 2.530395513576419564e+00
2.052000000000000000e+03 2.528669349896435214e+00
2.055000000000000000e+03 2.526946910390644341e+00
2.058000000000000000e+03 2.525228352424103040e+00
2.061000000000000000e+03 2.523513338661533378e+00
2.064000000000000000e+03 2.521802082032898795e+00
2.067000000000000000e+03 2.520094546089608478e+00
2.070000000000000000e+03 2.518390542954584532e+00
2.073000000000000000e+03 2.516690152012134085e+00
2.076000000000000000e+03 2.514993346414627684e+00
2.079000000000000000e+03 2.513299902792100582e+00
2.082000000000000000e+03 2.511609943104549991e+00
2.085000000000000000e+03 2.509923747800788085e+00
2.088000000000000000e+03 2.508241056213369902e+00
2.091000000000000000e+03 2.506562255359738867e+00
2.094000000000000000e+03 2.504886855078943597e+00
2.097000000000000000e+03 2.503214749208361400e+00
3.000000000000000000e+03 2.118114476565660986e+00
3.003000000000000000e+03 2.117126920147721858e+00
3.006000000000000000e+03 2.116140827038337946e+00
3.009000000000000000e+03 2.115156049627321178e+00
3.012000000000000000e+03 2.114172748158797965e+00
3.015000000000000000e+03 2.113190877045309168e+00
3.018000000000000000e+03 2.112210432083393208e+00
3.021000000000000000e+03 2.111231504027676564e+00
3.024000000000000000e+03 2.110253865073427271e+00
3.027000000000000000e+03 2.109277669245840592e+00
3.030000000000000000e+03 2.108302938425269168e+00
3.033000000000000000e+03 2.107329723834169499e+00
3.036000000000000000e+03 2.106357931248107107e+00
3.039000000000000000e+03 2.105387380094669858e+00
3.042000000000000000e+03 2.104418240821595010e+00
3.045000000000000000e+03 2.103450554420418506e+00
3.048000000000000000e+03 2.102484212542240716e+00
3.051000000000000000e+03 2.101519254809467441e+00
3.054000000000000000e+03 2.100555678185202169e+00
3.057000000000000000e+03 2.099593487524769042e+00
3.060000000000000000e+03 2.098632668634913934e+00
3.063000000000000000e+03 2.097673298745212911e+00
3.066000000000000000e+03 2.096715226135129395e+00
3.069000000000000000e+03 2.095758521670276764e+00
3.072000000000000000e+03 2.094803203920724499e+00
3.075000000000000000e+03 2.093849375242570865e+00
3.078000000000000000e+03 2.092896965177891477e+00
3.081000000000000000e+03 2.091945868592274493e+00
3.084000000000000000e+03 2.090996065169192342e+00
3.087000000000000000e+03 2.090047622640769820e+00
3.090000000000000000e+03 2.089100534836594747e+00
3.093000000000000000e+03 2.088154802769748297e+00
3.096000000000000000e+03 2.087210369927875231e+00
3.099000000000000000e+03 2.086267312716389544e+00
4.002000000000000000e+03 1.851535542671769452e+00
4.005000000000000000e+03 1.850887880082672687e+00
4.008000000000000000e+03 1.850240831269587272e+00
4.011000000000000000e+03 1.849594524690434394e+00
4.014000000000000000e+03 1.848948938246186335e+00
4.017000000000000000e+03 1.848304057837115266e+00
4.020000000000000000e+03 1.847659904746623782e+00
4.023000000000000000e+03 1.847016440960532524e+00
4.026000000000000000e+03 1.846373665938472630e+00
4.029000000000000000e+03 1.845731636557067734e+00
4.032000000000000000e+03 1.845090248052625892e+00
4.035000000000000000e+03 1.844449600211312656e+00
4.038000000000000000e+03 1.843809660522212290e+00
4.041000000000000000e+03 1.843170341049281236e+00
4.044000000000000000e+03 1.842531782230244497e+00
4.047000000000000000e+03 1.841893851529994741e+00
4.050000000000000000e+03 1.841256670844727106e+00
4.053000000000000000e+03 1.840620193966182816e+00
4.056000000000000000e+03 1.839984428759590562e+00
4.059000000000000000e+03 1.839349306889174418e+00
4.062000000000000000e+03 1.838714859536501045e+00
4.065000000000000000e+03 1.838081104348619599e+00
4.068000000000000000e+03 1.837447993455371353e+00
4.071000000000000000e+03 1.836815573356973319e+00
4.074000000000000000e+03 1.836183856905289069e+00
4.077000000000000000e+03 1.835552829236291927e+00
4.080000000000000000e+03 1.834922468900731740e+00
4.083000000000000000e+03 1.834292828689723986e+00
4.086000000000000000e+03 1.833663856252238267e+00
4.089000000000000000e+03 1.833035540517454542e+00
4.092000000000000000e+03 1.832407878480617702e+00
4.095000000000000000e+03 1.831780891742294193e+00
4.098000000000000000e+03 1.831154611076453165e+00
5.001000000000000000e+03 1.668516840494163489e+00
5.004000000000000000e+03 1.668049435215805953e+00
5.007000000000000000e+03 1.667582420728681125e+00
5.010000000000000000e+03 1.667115824047814332e+00
5.013000000000000000e+03 1.666649627899938313e+00
5.016000000000000000e+03 1.666183863783311958e+00
5.019000000000000000e+03 1.665718478463945829e+00
5.022000000000000000e+03 1.665253533511001915e+00
5.025000000000000000e+03 1.664788979553406989e+00
5.028000000000000000e+03 1.664324831547037586e+00
5.031000000000000000e+03 1.663861072250392148e+00
5.034000000000000000e+03 1.663397717477056448e+00
5.037000000000000000e+03 1.662934751538747147e+00
5.040000000000000000e+03 1.662472195481348169e+00
5.043000000000000000e+03 1.662010075824048805e+00
5.046000000000000000e+03 1.661548347143709137e+00
5.049000000000000000e+03 1.661087031828468064e+00
5.052000000000000000e+03 1.660626137214388676e+00
5.055000000000000000e+03 1.660165621921160461e+00
5.058000000000000000e+03 1.659705498799983747e+00
5.061000000000000000e+03 1.659245757837376711e+00
5.064000000000000000e+03 1.658786423792822706e+00
5.067000000000000000e+03 1.658327497487688929e+00
5.070000000000000000e+03 1.657868964436493009e+00
5.073000000000000000e+03 1.657410835228156909e+00
5.076000000000000000e+03 1.656953135169684010e+00
5.079000000000000000e+03 1.656495812256316480e+00
5.082000000000000000e+03 1.656038888630475325e+00
5.085000000000000000e+03 1.655582378203387162e+00
5.088000000000000000e+03 1.655126227905635128e+00
5.091000000000000000e+03 1.654670451118504415e+00
5.094000000000000000e+03 1.654215070329089876e+00
5.097000000000000000e+03 1.653760089792631671e+00
6.000000000000000000e+03 1.532386019913873243e+00
6.003000000000000000e+03 1.532027998851501760e+00
6.006000000000000000e+03 1.531670228558922986e+00
6.009000000000000000e+03 1.531312713838393513e+00
6.012000000000000000e+03 1.530955450111554761e+00
6.015000000000000000e+03 1.530598473648465019e+00
6.018000000000000000e+03 1.530241758928655660e+00
6.021000000000000000e+03 1.529885283346976488e+00
6.024000000000000000e+03 1.529529070303706328e+00
6.027000000000000000e+03 1.529173129878305115e+00
6.030000000000000000e+03 1.528817449790564442e+00
6.033000000000000000e+03 1.528462031687379818e+00
6.036000000000000000e+03 1.528106879359552250e+00
6.039000000000000000e+03 1.527751961820412729e+00
6.042000000000000000e+03 1.527397314473552425e+00
6.045000000000000000e+03 1.527042924997398909e+00
6.048000000000000000e+03 1.526688790836075338e+00
6.051000000000000000e+03 1.526334923534442556e+00
6.054000000000000000e+03 1.525981312104357723e+00
6.057000000000000000e+03 1.525627944333610042e+00
6.060000000000000000e+03 1.525274832683956250e+00
6.063000000000000000e+03 1.524921979793131932e+00
6.066000000000000000e+03 1.524569384298998909e+00
6.069000000000000000e+03 1.524217045143338334e+00
6.072000000000000000e+03 1.523864975599666050e+00
6.075000000000000000e+03 1.523513162510432783e+00
6.078000000000000000e+03 1.523161586624038222e+00
6.081000000000000000e+03 1.522810259105821462e+00
6.084000000000000000e+03 1.522459191164068582e+00
6.087000000000000000e+03 1.522108374625497751e+00
6.090000000000000000e+03 1.521757820929983129e+00
6.093000000000000000e+03 1.521407501034852672e+00
6.096000000000000000e+03 1.521057424327426411e+00
6.099000000000000000e+03 1.520707609741131838e+00
7.002000000000000000e+03 1.425634336087436616e+00
7.005000000000000000e+03 1.425348751880018083e+00
7.008000000000000000e+03 1.425063360126656464e+00
7.011000000000000000e+03 1.424778151364524126e+00
7.014000000000000000e+03 1.424493102138613132e+00
7.017000000000000000e+03 1.424208246229515362e+00
7.020000000000000000e+03 1.423923569358874097e+00
7.023000000000000000e+03 1.423639068054971979e+00
7.026000000000000000e+03 1.423354750331554675e+00
7.029000000000000000e+03 1.423070608143366833e+00
7.032000000000000000e+03 1.422786631640093891e+00
7.035000000000000000e+03 1.422502828141595899e+00
7.038000000000000000e+03 1.422219215790802238e+00
7.041000000000000000e+03 1.421935777287272717e+00
7.044000000000000000e+03 1.421652512522924239e+00
7.047000000000000000e+03 1.421369424849620478e+00
7.050000000000000000e+03 1.421086519948558946e+00
7.053000000000000000e+03 1.420803793606646881e+00
7.056000000000000000e+03 1.420521237090235367e+00
7.059000000000000000e+03 1.420238859114812069e+00
7.062000000000000000e+03 1.419956654857248202e+00
7.065000000000000000e+03 1.419674627921738042e+00
7.068000000000000000e+03 1.419392765229640974e+00
7.071000000000000000e+03 1.419111092284228270e+00
7.074000000000000000e+03 1.418829594635248270e+00
7.077000000000000000e+03 1.418548263458016212e+00
7.080000000000000000e+03 1.418267107025007689e+00
7.083000000000000000e+03 1.417986128584530547e+00
7.086000000000000000e+03 1.417705317926218900e+00
7.089000000000000000e+03 1.417424699652281239e+00
7.092000000000000000e+03 1.417144245556798854e+00
7.095000000000000000e+03 1.416863961395339988e+00
7.098000000000000000e+03 1.416583851160407415e+00
8.001000000000000000e+03 1.339408716732774396e+00
8.004000000000000000e+03 1.339173806013327361e+00
8.007000000000000000e+03 1.338939025257814164e+00
8.010000000000000000e+03 1.338704368793917077e+00
8.013000000000000000e+03 1.338469842592795445e+00
8.016000000000000000e+03 1.338235439770879998e+00
8.019000000000000000e+03 1.338001169516585209e+00
8.022000000000000000e+03 1.337767026713934548e+00
8.025000000000000000e+03 1.337533004692210925e+00
8.028000000000000000e+03 1.337299116732577620e+00
8.031000000000000000e+03 1.337065358360411960e+00
8.034000000000000000e+03 1.336831724984864911e+00
8.037000000000000000e+03 1.336598224831713866e+00
8.040000000000000000e+03 1.336364842943138287e+00
8.043000000000000000e+03 1.336131598333592851e+00
8.046000000000000000e+03 1.335898481947702887e+00
8.049000000000000000e+03 1.335665490218106877e+00
8.052000000000000000e+03 1.335432619693517342e+00
8.055000000000000000e+03 1.335199882656401327e+00
8.058000000000000000e+03 1.334967265501100897e+00
8.061000000000000000e+03 1.334734774048587091e+00
8.064000000000000000e+03 1.334502413886223593e+00
8.067000000000000000e+03 1.334270178584485267e+00
8.070000000000000000e+03 1.334038074431503906e+00
8.073000000000000000e+03 1.333806085682989417e+00
8.076000000000000000e+03 1.333574230782864856e+00
8.079000000000000000e+03 1.333342509670337517e+00
8.082000000000000000e+03 1.333110910250513204e+00
8.085000000000000000e+03 1.332879438011319806e+00
8.088000000000000000e+03 1.332648090430052834e+00
8.091000000000000000e+03 1.332416864473353169e+00
8.094000000000000000e+03 1.332185765156004731e+00
8.097000000000000000e+03 1.331954799992913330e+00
9.000000000000000000e+03 1.267652634887446617e+00
9.003000000000000000e+03 1.267454898199106950e+00
9.006000000000000000e+03 1.267257260992045387e+00
9.009000000000000000e+03 1.267059715680577181e+00
9.012000000000000000e+03 1.266862278741102577e+00
9.015000000000000000e+03 1.266664926477316655e+00
9.018000000000000000e+03 1.266467673875179445e+00
9.021000000000000000e+03 1.266270512608139054e+00
9.024000000000000000e+03 1.266073457477828290e+00
9.027000000000000000e+03 1.265876496495033088e+00
9.030000000000000000e+03 1.265679627417489961e+00
9.033000000000000000e+03 1.265482851722567137e+00
9.036000000000000000e+03 1.265286169769002544e+00
9.039000000000000000e+03 1.265089582820501546e+00
9.042000000000000000e+03 1.264893094810050966e+00
9.045000000000000000e+03 1.264696702942406992e+00
9.048000000000000000e+03 1.264500409355408195e+00
9.051000000000000000e+03 1.264304201812608053e+00
9.054000000000000000e+03 1.264108093223687446e+00
9.057000000000000000e+03 1.263912091121444092e+00
9.060000000000000000e+03 1.263716168976139143e+00
9.063000000000000000e+03 1.263520343229660892e+00
9.066000000000000000e+03 1.263324616453316507e+00
9.069000000000000000e+03 1.263128990893127357e+00
9.072000000000000000e+03 1.262933460609019454e+00
9.075000000000000000e+03 1.262738019306432591e+00
9.078000000000000000e+03 1.262542668977642890e+00
9.081000000000000000e+03 1.262347412306251249e+00
9.084000000000000000e+03 1.262152251683684723e+00
9.087000000000000000e+03 1.261957191762463459e+00
9.090000000000000000e+03 1.261762226916998797e+00
9.093000000000000000e+03 1.261567351182892649e+00
9.096000000000000000e+03 1.261372569985769854e+00
9.099000000000000000e+03 1.261177881060869588e+00
