1.000000000000000000e+02 1.693122068093050103e+01
2.000000000000000000e+02 1.192337799731058823e+01
3.000000000000000000e+02 9.769485561382767358e+00
4.000000000000000000e+02 8.576182600770051678e+00
5.000000000000000000e+02 7.602669973315821395e+00
6.000000000000000000e+02 6.938548390608572980e+00
7.000000000000000000e+02 6.502398419106567573e+00
8.000000000000000000e+02 6.037216225662014324e+00
9.000000000000000000e+02 5.726737162677411064e+00
1.000000000000000000e+03 5.459432816096880359e+00
1.100000000000000000e+03 5.118944727421675722e+00
1.200000000000000000e+03 4.960187756329213826e+00
1.300000000000000000e+03 4.732683792297731173e+00
1.400000000000000000e+03 4.414427923273845700e+00
1.500000000000000000e+03 4.435869758509183747e+00
1.600000000000000000e+03 4.270335963562751580e+00
1.700000000000000000e+03 4.196863695972555597e+00
1.800000000000000000e+03 3.892263183862264331e+00
1.900000000000000000e+03 3.818285581358967562e+00
2.000000000000000000e+03 3.728907963487832156e+00
2.100000000000000000e+03 3.671671317090579478e+00
2.200000000000000000e+03 3.467860095816383659e+00
2.300000000000000000e+03 3.500766145522272943e+00
2.400000000000000000e+03 3.344664942040876277e+00
2.500000000000000000e+03 3.277515778497868570e+00
2.600000000000000000e+03 3.259806375887259744e+00
2.700000000000000000e+03 3.150417487488631707e+00
2.800000000000000000e+03 3.123410127614146603e+00
2.900000000000000000e+03 3.037613801291780824e+00
3.000000000000000000e+03 3.202207774663506701e+00
3.100000000000000000e+03 3.108855603458025030e+00
3.200000000000000000e+03 2.995449535052565615e+00
3.300000000000000000e+03 2.915975245290443496e+00
3.400000000000000000e+03 3.122954196788578329e+00
3.500000000000000000e+03 2.784799146390916746e+00
3.600000000000000000e+03 2.810233980118764130e+00
3.700000000000000000e+03 2.741863886237807080e+00
3.800000000000000000e+03 2.637979793835317999e+00
3.900000000000000000e+03 2.596147980571437142e+00
4.000000000000000000e+03 2.739407007947622041e+00
4.100000000000000000e+03 2.498902949146255992e+00
4.200000000000000000e+03 2.609055735157896905e+00
4.300000000000000000e+03 2.501059278684704790e+00
4.400000000000000000e+03 2.545647215290464338e+00
4.500000000000000000e+03 2.407311879089136131e+00
4.600000000000000000e+03 2.558419090720790212e+00
4.700000000000000000e+03 2.470764413014851613e+00
4.800000000000000000e+03 2.435585960343979117e+00
4.900000000000000000e+03 2.409434584985932659e+00
5.000000000000000000e+03 2.277316804615794332e+00
5.100000000000000000e+03 2.321507600097822088e+00
5.200000000000000000e+03 2.264120871853545491e+00
5.300000000000000000e+03 2.240909440082369031e+00
5.400000000000000000e+03 2.217516558573282115e+00
5.500000000000000000e+03 2.266422359646401485e+00
5.600000000000000000e+03 2.178944346443328239e+00
5.700000000000000000e+03 2.159047462667602613e+00
5.800000000000000000e+03 2.137537506735209814e+00
5.900000000000000000e+03 2.190833656808151453e+00
6.000000000000000000e+03 2.211482532729614370e+00
6.100000000000000000e+03 2.048263678999847848e+00
6.200000000000000000e+03 2.068302735526610370e+00
6.300000000000000000e+03 2.042818538498557324e+00
6.400000000000000000e+03 2.026806093488677352e+00
6.500000000000000000e+03 1.980693880831031040e+00
6.600000000000000000e+03 2.065772812070381992e+00
6.700000000000000000e+03 2.058613892505865905e+00
6.800000000000000000e+03 2.041414781180825866e+00
6.900000000000000000e+03 2.030695906862085565e+00
7.000000000000000000e+03 1.899313599997968005e+00
7.100000000000000000e+03 2.034746289620233295e+00
7.200000000000000000e+03 1.871211942178670595e+00
7.300000000000000000e+03 1.968310118625214766e+00
7.400000000000000000e+03 1.847656518306581175e+00
7.500000000000000000e+03 1.867618426942475596e+00
7.600000000000000000e+03 1.856729042488408643e+00
7.700000000000000000e+03 1.920246371157530385e+00
7.800000000000000000e+03 1.795533677735587030e+00
7.900000000000000000e+03 1.894597769196725068e+00
8.000000000000000000e+03 1.775272370987527548e+00
8.100000000000000000e+03 1.795231462204474049e+00
8.200000000000000000e+03 1.715470144518447704e+00
8.300000000000000000e+03 1.741083826613062158e+00
8.400000000000000000e+03 1.724490233086857227e+00
8.500000000000000000e+03 1.750125675134382108e+00
8.600000000000000000e+03 1.735106885774745367e+00
8.700000000000000000e+03 1.693488355250453381e+00
8.800000000000000000e+03 1.719128596004709575e+00
8.900000000000000000e+03 1.821616246861830435e+00
9.000000000000000000e+03 1.694088442369422021e+00
9.100000000000000000e+03 1.653496080991700090e+00
9.200000000000000000e+03 1.866446975413184717e+00
9.300000000000000000e+03 1.637802637736634370e+00
9.400000000000000000e+03 1.704466010948829879e+00
9.500000000000000000e+03 1.832279268995771870e+00
9.600000000000000000e+03 1.606636725946802846e+00
9.700000000000000000e+03 1.635574772494907014e+00
9.800000000000000000e+03 1.657999322543154408e+00
9.900000000000000000e+03 1.660507755633484850e+00
1.000000000000000000e+04 1.574049177818931833e+00
1.010000000000000000e+04 1.664942937743517426e+00
1.020000000000000000e+04 1.556125941954145109e+00
1.030000000000000000e+04 1.585123194935333713e+00
1.040000000000000000e+04 1.688541269127924238e+00
1.050000000000000000e+04 1.649860184324861256e+00
1.060000000000000000e+04 1.493447456257118278e+00
1.070000000000000000e+04 1.596993115876470082e+00
1.080000000000000000e+04 1.577619242901899144e+00
1.090000000000000000e+04 1.470553215340864028e+00
1.100000000000000000e+04 1.606392189233322387e+00
1.110000000000000000e+04 1.456216720523908714e+00
1.120000000000000000e+04 1.561085730270075356e+00
1.130000000000000000e+04 1.553999153698649938e+00
1.140000000000000000e+04 1.467482108080001790e+00
1.150000000000000000e+04 1.528643828014841111e+00
1.160000000000000000e+04 1.489984209889920752e+00
1.170000000000000000e+04 1.477060426139346294e+00
1.180000000000000000e+04 1.445371040688350650e+00
1.190000000000000000e+04 1.402607120133962493e+00
1.200000000000000000e+04 1.535235856454360004e+00
1.210000000000000000e+04 1.421557101867700901e+00
1.220000000000000000e+04 1.634768825876757425e+00
1.230000000000000000e+04 1.440491020033683345e+00
1.240000000000000000e+04 1.510614568199450058e+00
1.250000000000000000e+04 1.397337447028334623e+00
1.260000000000000000e+04 1.422163453999654159e+00
1.270000000000000000e+04 1.417114597071761573e+00
1.280000000000000000e+04 1.347952435875658050e+00
1.290000000000000000e+04 1.373418287069853694e+00
1.300000000000000000e+04 1.404779250407359736e+00
1.310000000000000000e+04 1.330895241599623358e+00
1.320000000000000000e+04 1.456361345781983063e+00
1.330000000000000000e+04 1.350888620414977703e+00
1.340000000000000000e+04 1.422730715753742770e+00
1.350000000000000000e+04 1.340798166225807275e+00
1.360000000000000000e+04 1.304034728254235054e+00
1.370000000000000000e+04 1.367563220310682670e+00
1.380000000000000000e+04 1.405656581731566046e+00
1.390000000000000000e+04 1.319943335753134717e+00
1.400000000000000000e+04 1.346557878869577785e+00
1.410000000000000000e+04 1.309763724980343769e+00
1.420000000000000000e+04 1.494365870417005748e+00
1.430000000000000000e+04 1.399526364223621311e+00
1.440000000000000000e+04 1.357952507483357163e+00
1.450000000000000000e+04 1.291129275394677478e+00
1.460000000000000000e+04 1.286220447842834957e+00
1.470000000000000000e+04 1.287011184951330378e+00
1.480000000000000000e+04 1.245858827434446869e+00
1.490000000000000000e+04 1.389251559902124011e+00
1.500000000000000000e+04 1.268398016875052603e+00
1.510000000000000000e+04 1.340872675036077766e+00
1.520000000000000000e+04 1.296081851622946202e+00
1.530000000000000000e+04 1.285375465965145736e+00
1.540000000000000000e+04 1.219582339339177590e+00
1.550000000000000000e+04 1.345107495311093304e+00
1.560000000000000000e+04 1.210894824712684503e+00
1.570000000000000000e+04 1.269297234097097604e+00
1.580000000000000000e+04 1.270831416978146722e+00
1.590000000000000000e+04 1.266413460641505839e+00
1.600000000000000000e+04 1.225572187385490341e+00
1.610000000000000000e+04 1.221709216550829868e+00
1.620000000000000000e+04 1.186318758720595001e+00
1.630000000000000000e+04 1.218963386686514605e+00
1.640000000000000000e+04 1.277471850570720768e+00
1.650000000000000000e+04 1.313966125636097715e+00
1.660000000000000000e+04 1.171185595020030057e+00
1.670000000000000000e+04 1.275051329831664360e+00
1.680000000000000000e+04 1.274045733718828677e+00
1.690000000000000000e+04 1.227754196128686859e+00
1.700000000000000000e+04 1.186653776385289349e+00
1.710000000000000000e+04 1.291208073321710614e+00
1.720000000000000000e+04 1.184975547253724892e+00
1.730000000000000000e+04 1.175513369789439100e+00
1.740000000000000000e+04 1.140821137134228946e+00
1.750000000000000000e+04 1.205765583468229707e+00
1.760000000000000000e+04 1.133665061876986568e+00
1.770000000000000000e+04 1.193128990007546797e+00
1.780000000000000000e+04 1.126810754358435362e+00
1.790000000000000000e+04 1.154988929559164879e+00
1.800000000000000000e+04 1.151585273620930217e+00
1.810000000000000000e+04 1.256907045699683145e+00
1.820000000000000000e+04 1.113196012641736621e+00
1.830000000000000000e+04 1.141615398669240999e+00
1.840000000000000000e+04 1.138470233529221387e+00
1.850000000000000000e+04 1.135107726676482631e+00
1.860000000000000000e+04 1.131680256599254530e+00
1.870000000000000000e+04 1.300848774172443267e+00
1.880000000000000000e+04 1.161648792127332408e+00
1.890000000000000000e+04 1.121806529594381985e+00
1.900000000000000000e+04 1.187852612874247482e+00
1.910000000000000000e+04 1.224459075763777882e+00
1.920000000000000000e+04 1.113014010950117427e+00
1.930000000000000000e+04 1.114362141534020578e+00
1.940000000000000000e+04 1.107114777019134078e+00
1.950000000000000000e+04 1.071690734648382159e+00
1.960000000000000000e+04 1.177495085798669461e+00
1.970000000000000000e+04 1.166363479088398547e+00
1.980000000000000000e+04 1.099295173598020092e+00
1.990000000000000000e+04 1.124458745274343974e+00
2.000000000000000000e+04 1.125482841353177887e+00
2.010000000000000000e+04 1.086361965202041091e+00
2.020000000000000000e+04 1.051591873259224652e+00
2.030000000000000000e+04 1.157481307865919629e+00
2.040000000000000000e+04 1.045843472390066253e+00
2.050000000000000000e+04 1.042977040726904780e+00
2.060000000000000000e+04 1.104358730166376201e+00
2.070000000000000000e+04 1.037386695569558981e+00
2.080000000000000000e+04 1.211938920618896409e+00
2.090000000000000000e+04 1.068157616444552982e+00
2.100000000000000000e+04 1.029145538170398666e+00
2.110000000000000000e+04 1.058551116116448476e+00
2.120000000000000000e+04 1.060046004420389654e+00
2.130000000000000000e+04 1.021059106930850113e+00
2.140000000000000000e+04 1.119449768199091144e+00
2.150000000000000000e+04 1.163904749195644239e+00
2.160000000000000000e+04 1.045290393968050235e+00
2.170000000000000000e+04 1.184337804947039219e+00
2.180000000000000000e+04 1.117576479715795879e+00
2.190000000000000000e+04 1.038274756014376576e+00
2.200000000000000000e+04 1.039764753101364514e+00
2.210000000000000000e+04 1.210725219340918812e+00
2.220000000000000000e+04 1.034691568436186593e+00
2.230000000000000000e+04 9.956447043254742502e-01
2.240000000000000000e+04 1.061811760801435689e+00
2.250000000000000000e+04 1.135641046025136269e+00
2.260000000000000000e+04 9.886220834408385727e-01
2.270000000000000000e+04 1.018345255841932806e+00
2.280000000000000000e+04 1.052030343371526122e+00
2.290000000000000000e+04 9.819419508347869696e-01
2.300000000000000000e+04 1.047444129560288983e+00
2.310000000000000000e+04 1.009832030555924964e+00
2.320000000000000000e+04 1.006962802185361827e+00
2.330000000000000000e+04 1.040254813141442636e+00
2.340000000000000000e+04 1.002053932430999605e+00
2.350000000000000000e+04 1.004150775071500634e+00
2.360000000000000000e+04 1.097847584876226357e+00
2.370000000000000000e+04 1.105037573332421585e+00
2.380000000000000000e+04 1.026597139797934766e+00
2.390000000000000000e+04 9.924659228421863766e-01
2.400000000000000000e+04 9.890284911830935499e-01
2.410000000000000000e+04 1.021614825763778933e+00
2.420000000000000000e+04 9.883678220626795907e-01
2.430000000000000000e+04 1.018135917183656369e+00
2.440000000000000000e+04 9.493483742773096701e-01
2.450000000000000000e+04 9.791917626654800255e-01
2.460000000000000000e+04 9.769332015696334803e-01
2.470000000000000000e+04 1.010464771203885004e+00
2.480000000000000000e+04 9.733455731179340154e-01
2.490000000000000000e+04 9.737349204601405406e-01
2.500000000000000000e+04 1.115904108324476729e+00
2.510000000000000000e+04 1.079717415832622152e+00
2.520000000000000000e+04 9.673892196545852418e-01
2.530000000000000000e+04 9.949538584858843571e-01
2.540000000000000000e+04 9.287929956056145686e-01
2.550000000000000000e+04 9.583771324011652881e-01
2.560000000000000000e+04 9.247892088281945977e-01
2.570000000000000000e+04 1.096283447632359520e+00
2.580000000000000000e+04 1.064551419871972326e+00
2.590000000000000000e+04 9.841475269615902466e-01
2.600000000000000000e+04 9.171262626878953217e-01
2.610000000000000000e+04 9.151379297424300230e-01
2.620000000000000000e+04 9.131648000987253599e-01
2.630000000000000000e+04 9.789932002587532489e-01
2.640000000000000000e+04 9.435224584860893993e-01
2.650000000000000000e+04 9.414628704104125445e-01
2.660000000000000000e+04 1.014830729968766443e+00
2.670000000000000000e+04 9.354144986599872702e-01
2.680000000000000000e+04 9.357751010458312813e-01
2.690000000000000000e+04 9.316347222792160654e-01
2.700000000000000000e+04 9.306635208503586387e-01
2.710000000000000000e+04 9.303485888316523900e-01
2.720000000000000000e+04 9.601570443127833698e-01
2.730000000000000000e+04 9.251212287522770916e-01
2.740000000000000000e+04 9.225581821109227754e-01
2.750000000000000000e+04 9.216913872000671581e-01
2.760000000000000000e+04 9.530120162243257420e-01
2.770000000000000000e+04 9.195576581199977895e-01
2.780000000000000000e+04 9.155620379473294879e-01
2.790000000000000000e+04 8.820524285181706725e-01
2.800000000000000000e+04 9.482686129313254719e-01
2.810000000000000000e+04 9.112918424967808573e-01
2.820000000000000000e+04 8.768388763693851784e-01
2.830000000000000000e+04 8.752153332891048354e-01
2.840000000000000000e+04 8.734909558789212269e-01
2.850000000000000000e+04 9.701478420907796441e-01
2.860000000000000000e+04 9.347862230157991670e-01
2.870000000000000000e+04 9.812400816528006331e-01
2.880000000000000000e+04 9.334869197616220138e-01
2.890000000000000000e+04 9.307473389395570784e-01
2.900000000000000000e+04 8.975597779534637555e-01
2.910000000000000000e+04 8.622009143029754075e-01
2.920000000000000000e+04 8.607385725206573301e-01
2.930000000000000000e+04 9.686307081146052766e-01
2.940000000000000000e+04 9.551983988813854687e-01
2.950000000000000000e+04 9.541884920680492321e-01
2.960000000000000000e+04 9.199170815483007635e-01
2.970000000000000000e+04 9.195188918118855081e-01
2.980000000000000000e+04 8.515954871691063799e-01
2.990000000000000000e+04 8.500137587574871922e-01
3.000000000000000000e+04 9.152014915924534533e-01
3.010000000000000000e+04 9.447743460026299944e-01
3.020000000000000000e+04 8.453919908846595499e-01
3.030000000000000000e+04 8.752971274857260786e-01
3.040000000000000000e+04 9.085664154658250613e-01
3.050000000000000000e+04 8.724112511515116353e-01
3.060000000000000000e+04 9.057447740381503465e-01
3.070000000000000000e+04 8.704148576942641879e-01
3.080000000000000000e+04 1.012162046609417665e+00
3.090000000000000000e+04 1.053146988311643550e+00
3.100000000000000000e+04 8.989743175609465897e-01
3.110000000000000000e+04 8.324099754642472204e-01
3.120000000000000000e+04 8.976731038610125113e-01
3.130000000000000000e+04 8.607196886840438044e-01
3.140000000000000000e+04 8.611416327226061318e-01
3.150000000000000000e+04 8.916173426560303206e-01
3.160000000000000000e+04 8.584558129244642677e-01
3.170000000000000000e+04 8.570041887909998213e-01
3.180000000000000000e+04 9.308817347566654687e-01
3.190000000000000000e+04 8.522443390326163160e-01
3.200000000000000000e+04 9.162067759863057326e-01
3.210000000000000000e+04 8.503523530843649647e-01
3.220000000000000000e+04 8.813811218594032049e-01
3.230000000000000000e+04 8.476607635719982659e-01
3.240000000000000000e+04 8.475298948049156955e-01
3.250000000000000000e+04 8.462219333209544114e-01
3.260000000000000000e+04 8.115445989954879202e-01
3.270000000000000000e+04 8.423633876793938935e-01
3.280000000000000000e+04 8.402117248222228385e-01
3.290000000000000000e+04 8.408918260621069951e-01
3.300000000000000000e+04 8.395154851869797152e-01
3.310000000000000000e+04 9.039797635809627696e-01
3.320000000000000000e+04 8.672696050647179522e-01
3.330000000000000000e+04 8.334176726343911490e-01
3.340000000000000000e+04 8.008953513963799065e-01
3.350000000000000000e+04 8.631567298270550470e-01
3.360000000000000000e+04 9.399700259982066708e-01
3.370000000000000000e+04 7.970347810688788170e-01
3.380000000000000000e+04 8.268938031421739776e-01
3.390000000000000000e+04 8.254697090301819085e-01
3.400000000000000000e+04 7.931938932672453202e-01
3.410000000000000000e+04 7.918982344578655574e-01
3.420000000000000000e+04 8.553410576504318907e-01
3.430000000000000000e+04 9.674976641187786885e-01
3.440000000000000000e+04 8.192988164115461158e-01
3.450000000000000000e+04 7.868522534517128353e-01
3.460000000000000000e+04 8.952745843958784810e-01
3.470000000000000000e+04 7.844167256008146571e-01
3.480000000000000000e+04 8.165218456526548430e-01
3.490000000000000000e+04 8.468989716725219274e-01
3.500000000000000000e+04 7.805972366038409493e-01
3.510000000000000000e+04 8.128284329317723156e-01
3.520000000000000000e+04 9.240328809120248454e-01
3.530000000000000000e+04 7.769724326827436300e-01
3.540000000000000000e+04 7.757329219092439221e-01
3.550000000000000000e+04 8.072526015117650333e-01
3.560000000000000000e+04 8.709515786175378027e-01
3.570000000000000000e+04 8.385486446269252436e-01
3.580000000000000000e+04 7.711663718578113391e-01
3.590000000000000000e+04 8.820640822626382160e-01
3.600000000000000000e+04 8.022610708173415484e-01
3.610000000000000000e+04 7.676023620426306593e-01
3.620000000000000000e+04 7.664401542451719784e-01
3.630000000000000000e+04 7.654304622539592762e-01
3.640000000000000000e+04 8.305481769321527707e-01
3.650000000000000000e+04 7.630931213403149282e-01
3.660000000000000000e+04 7.619191603552069036e-01
3.670000000000000000e+04 8.243675742706544352e-01
3.680000000000000000e+04 7.934856415034938770e-01
3.690000000000000000e+04 7.586370372392762240e-01
3.700000000000000000e+04 7.895617114400115266e-01
3.710000000000000000e+04 7.564878616387011867e-01
3.720000000000000000e+04 7.552955421535588743e-01
3.730000000000000000e+04 7.541935625562585788e-01
3.740000000000000000e+04 7.871594052855629409e-01
3.750000000000000000e+04 8.155835567150343524e-01
3.760000000000000000e+04 8.166900086496042821e-01
3.770000000000000000e+04 7.499699436328028934e-01
3.780000000000000000e+04 8.917907203650292658e-01
3.790000000000000000e+04 7.477969748626422941e-01
3.800000000000000000e+04 7.802649444751860175e-01
3.810000000000000000e+04 9.206535056293387864e-01
3.820000000000000000e+04 8.879556371715143781e-01
3.830000000000000000e+04 7.752560238602359544e-01
3.840000000000000000e+04 8.522998258603905475e-01
3.850000000000000000e+04 7.755213190713948768e-01
3.860000000000000000e+04 8.527617286121214057e-01
3.870000000000000000e+04 7.713503929597984587e-01
3.880000000000000000e+04 7.725184284843525928e-01
3.890000000000000000e+04 7.691104029218369664e-01
3.900000000000000000e+04 7.680148503128227944e-01
3.910000000000000000e+04 7.986255851827563923e-01
3.920000000000000000e+04 7.678814151666509824e-01
3.930000000000000000e+04 7.650758520513725180e-01
3.940000000000000000e+04 7.641017771828172434e-01
3.950000000000000000e+04 8.720161927593695905e-01
3.960000000000000000e+04 7.960435177427976905e-01
3.970000000000000000e+04 7.294607573482119189e-01
3.980000000000000000e+04 8.746770351574779667e-01
3.990000000000000000e+04 8.267998992587088924e-01
4.000000000000000000e+04 8.253837571611259971e-01
4.010000000000000000e+04 7.256169645956763725e-01
4.020000000000000000e+04 7.904951647342730592e-01
4.030000000000000000e+04 7.236254651883022859e-01
4.040000000000000000e+04 7.539122711809269628e-01
4.050000000000000000e+04 8.980912820925188722e-01
4.060000000000000000e+04 7.539616723290827327e-01
4.070000000000000000e+04 7.516263497951602979e-01
4.080000000000000000e+04 7.816314569398499223e-01
4.090000000000000000e+04 7.490462259013555002e-01
4.100000000000000000e+04 7.486077006343704321e-01
4.110000000000000000e+04 7.476348995926739294e-01
4.120000000000000000e+04 7.152143936685380066e-01
4.130000000000000000e+04 8.261164008941527248e-01
4.140000000000000000e+04 7.445725160527107978e-01
4.150000000000000000e+04 7.770281690804727859e-01
4.160000000000000000e+04 7.114994720840992493e-01
4.170000000000000000e+04 7.105584207334341151e-01
4.180000000000000000e+04 7.096118379836766632e-01
4.190000000000000000e+04 7.741027612043198669e-01
4.200000000000000000e+04 7.753138188529242747e-01
4.210000000000000000e+04 7.403130058454024942e-01
4.220000000000000000e+04 7.394571647999972352e-01
4.230000000000000000e+04 7.052036394162596311e-01
4.240000000000000000e+04 7.353886266007646499e-01
4.250000000000000000e+04 7.033742683107193638e-01
4.260000000000000000e+04 8.145397736997264104e-01
4.270000000000000000e+04 8.447117100045357097e-01
4.280000000000000000e+04 7.321592305229651654e-01
4.290000000000000000e+04 7.309198756434984734e-01
4.300000000000000000e+04 6.989826224933035625e-01
4.310000000000000000e+04 7.972226012306937726e-01
4.320000000000000000e+04 7.963300645059445682e-01
4.330000000000000000e+04 6.963409008759670060e-01
4.340000000000000000e+04 7.600385714053075059e-01
4.350000000000000000e+04 8.712614364909962994e-01
4.360000000000000000e+04 7.249925797800560456e-01
4.370000000000000000e+04 8.393770107196207864e-01
4.380000000000000000e+04 6.919729702867529753e-01
4.390000000000000000e+04 6.910930927065237483e-01
4.400000000000000000e+04 8.358964408535436430e-01
4.410000000000000000e+04 6.893447936545931132e-01
4.420000000000000000e+04 7.196736827898695399e-01
4.430000000000000000e+04 7.839014631356806539e-01
4.440000000000000000e+04 7.837787892014880242e-01
4.450000000000000000e+04 7.174009869091388936e-01
4.460000000000000000e+04 8.308319922649500811e-01
4.470000000000000000e+04 7.155889948030597081e-01
4.480000000000000000e+04 6.835943899792776834e-01
4.490000000000000000e+04 9.055812226832912204e-01
4.500000000000000000e+04 8.595801838367742587e-01
4.510000000000000000e+04 6.811901125723469619e-01
4.520000000000000000e+04 6.803692311399260895e-01
4.530000000000000000e+04 7.790171763268193272e-01
4.540000000000000000e+04 7.445306976188583725e-01
4.550000000000000000e+04 7.462906434531442201e-01
4.560000000000000000e+04 7.081390016651949448e-01
4.570000000000000000e+04 6.763144134887951742e-01
4.580000000000000000e+04 7.090795553004505258e-01
4.590000000000000000e+04 7.093973080961062383e-01
4.600000000000000000e+04 6.738793780551283197e-01
4.610000000000000000e+04 6.730777226066048113e-01
4.620000000000000000e+04 6.722463710658903580e-01
4.630000000000000000e+04 7.062553413362142596e-01
4.640000000000000000e+04 7.669591524699682639e-01
4.650000000000000000e+04 7.035988118073189801e-01
4.660000000000000000e+04 7.778727048217275453e-01
4.670000000000000000e+04 6.683562083347963645e-01
4.680000000000000000e+04 6.674696296088258318e-01
4.690000000000000000e+04 6.667000080998879419e-01
4.700000000000000000e+04 7.317904719559871207e-01
4.710000000000000000e+04 7.337842325651962039e-01
4.720000000000000000e+04 6.992191778862204554e-01
4.730000000000000000e+04 7.298880486348775509e-01
4.740000000000000000e+04 7.290244310533919858e-01
4.750000000000000000e+04 7.281270144257855348e-01
4.760000000000000000e+04 6.961327010306502805e-01
4.770000000000000000e+04 6.944944555067551484e-01
4.780000000000000000e+04 6.598691256939173133e-01
4.790000000000000000e+04 7.697796553494640204e-01
4.800000000000000000e+04 6.583168628114677290e-01
4.810000000000000000e+04 7.577124802836032735e-01
4.820000000000000000e+04 6.569700093028043586e-01
4.830000000000000000e+04 6.561453519605497942e-01
4.840000000000000000e+04 6.554149443126220387e-01
4.850000000000000000e+04 6.546705689468371725e-01
4.860000000000000000e+04 7.167210349656969459e-01
4.870000000000000000e+04 6.532013411401207392e-01
4.880000000000000000e+04 6.524909489044122823e-01
4.890000000000000000e+04 6.833417756089958939e-01
4.900000000000000000e+04 7.616502975101289152e-01
4.910000000000000000e+04 6.814506508298565635e-01
4.920000000000000000e+04 6.496001106991226015e-01
4.930000000000000000e+04 6.806057856434450937e-01
4.940000000000000000e+04 6.482277759544839979e-01
4.950000000000000000e+04 6.785660968892741618e-01
4.960000000000000000e+04 6.468537824252262869e-01
4.970000000000000000e+04 7.586586259003640365e-01
4.980000000000000000e+04 6.791988780999367314e-01
4.990000000000000000e+04 6.447298368359485332e-01
5.000000000000000000e+04 6.758315903639212641e-01
5.010000000000000000e+04 6.771641483605973511e-01
5.020000000000000000e+04 6.426390042869036812e-01
5.030000000000000000e+04 6.756888527496935914e-01
5.040000000000000000e+04 6.413099201312538744e-01
5.050000000000000000e+04 6.405851824172085207e-01
5.060000000000000000e+04 6.751042598171921316e-01
5.070000000000000000e+04 6.744146686981871142e-01
5.080000000000000000e+04 6.719581435082664367e-01
5.090000000000000000e+04 6.692094908150199029e-01
5.100000000000000000e+04 7.024593221729614756e-01
5.110000000000000000e+04 6.365547071390791345e-01
5.120000000000000000e+04 7.006786415778690769e-01
5.130000000000000000e+04 6.352779310323917183e-01
5.140000000000000000e+04 6.697009466567331870e-01
5.150000000000000000e+04 7.337310369321295989e-01
5.160000000000000000e+04 7.329179474319300613e-01
5.170000000000000000e+04 6.327254138440560061e-01
5.180000000000000000e+04 6.321110901932004422e-01
5.190000000000000000e+04 6.314214664296519119e-01
5.200000000000000000e+04 6.658549850439527962e-01
5.210000000000000000e+04 6.300953228772026016e-01
5.220000000000000000e+04 6.294149019994417227e-01
5.230000000000000000e+04 6.619236518469341357e-01
5.240000000000000000e+04 6.280335383651467485e-01
5.250000000000000000e+04 6.920063746182120168e-01
5.260000000000000000e+04 6.581014190481309090e-01
5.270000000000000000e+04 6.930677156261154659e-01
5.280000000000000000e+04 6.587320028155052576e-01
5.290000000000000000e+04 7.711312779421837238e-01
5.300000000000000000e+04 6.243596120049912379e-01
5.310000000000000000e+04 6.237494016027439470e-01
5.320000000000000000e+04 6.230736530064578949e-01
5.330000000000000000e+04 6.571726002078777107e-01
5.340000000000000000e+04 6.217626099961557351e-01
5.350000000000000000e+04 6.559139502937015864e-01
5.360000000000000000e+04 7.649167139489275735e-01
5.370000000000000000e+04 6.547260306187491219e-01
5.380000000000000000e+04 6.541482464109795725e-01
5.390000000000000000e+04 6.186872604743014481e-01
5.400000000000000000e+04 6.499434628753304466e-01
5.410000000000000000e+04 6.493184690887807697e-01
5.420000000000000000e+04 6.818592406457656407e-01
5.430000000000000000e+04 6.480545914992668077e-01
5.440000000000000000e+04 6.155717183125756220e-01
5.450000000000000000e+04 6.465857172832136790e-01
5.460000000000000000e+04 6.492832016357531488e-01
5.470000000000000000e+04 6.486735462083197401e-01
5.480000000000000000e+04 6.447873641719201743e-01
5.490000000000000000e+04 6.455656385374352046e-01
5.500000000000000000e+04 6.119271892038733451e-01
5.510000000000000000e+04 6.112974316597461488e-01
5.520000000000000000e+04 6.106996745198977061e-01
5.530000000000000000e+04 6.751366904572613237e-01
5.540000000000000000e+04 6.095147830858386184e-01
5.550000000000000000e+04 6.408055935946939119e-01
5.560000000000000000e+04 6.082844858837400670e-01
5.570000000000000000e+04 6.076951259369307579e-01
5.580000000000000000e+04 6.070939292056173331e-01
5.590000000000000000e+04 6.415096914781204251e-01
5.600000000000000000e+04 6.409317269997512057e-01
5.610000000000000000e+04 6.373730010274931690e-01
5.620000000000000000e+04 6.047680442989097349e-01
5.630000000000000000e+04 6.361484591405979216e-01
5.640000000000000000e+04 6.355187158790879254e-01
5.650000000000000000e+04 6.699251503157267473e-01
5.660000000000000000e+04 6.024917487389808146e-01
5.670000000000000000e+04 7.440794416794119792e-01
5.680000000000000000e+04 6.332930911098728632e-01
5.690000000000000000e+04 6.327442148286283041e-01
5.700000000000000000e+04 7.742278798558023256e-01
5.710000000000000000e+04 5.997130896552418378e-01
5.720000000000000000e+04 6.310132865111266476e-01
5.730000000000000000e+04 5.985813305563932873e-01
5.740000000000000000e+04 6.631528631684558972e-01
5.750000000000000000e+04 5.975351068570422530e-01
5.760000000000000000e+04 5.969351595868924720e-01
5.770000000000000000e+04 5.963646566711614527e-01
5.780000000000000000e+04 5.958304518669795824e-01
5.790000000000000000e+04 6.302574749319885816e-01
5.800000000000000000e+04 6.265592661187141532e-01
5.810000000000000000e+04 6.276655719821293555e-01
5.820000000000000000e+04 5.935535710623297545e-01
5.830000000000000000e+04 5.929729818859539314e-01
5.840000000000000000e+04 6.243667049807409830e-01
5.850000000000000000e+04 5.918835826206712003e-01
5.860000000000000000e+04 6.230964673702704681e-01
5.870000000000000000e+04 6.225363013808944412e-01
5.880000000000000000e+04 5.902432409733135987e-01
5.890000000000000000e+04 6.534056163179147170e-01
5.900000000000000000e+04 5.891632713113768016e-01
5.910000000000000000e+04 6.237623349429622932e-01
5.920000000000000000e+04 5.880873795938084125e-01
5.930000000000000000e+04 5.875543835427325945e-01
5.940000000000000000e+04 6.557533840298366279e-01
5.950000000000000000e+04 5.864933845413013991e-01
5.960000000000000000e+04 6.211137753233263448e-01
5.970000000000000000e+04 6.508147692095123116e-01
5.980000000000000000e+04 6.167561325221819768e-01
5.990000000000000000e+04 6.164540828367015557e-01
6.000000000000000000e+04 6.188748440368229131e-01
6.010000000000000000e+04 6.500625357438383212e-01
6.020000000000000000e+04 5.828887155033510847e-01
6.030000000000000000e+04 5.823231906295265325e-01
6.040000000000000000e+04 5.817897418385052921e-01
6.050000000000000000e+04 5.812587189591450487e-01
6.060000000000000000e+04 6.923950486744230304e-01
6.070000000000000000e+04 6.458813402524470337e-01
6.080000000000000000e+04 5.797020467212855577e-01
6.090000000000000000e+04 5.791679168139524103e-01
6.100000000000000000e+04 5.786719315716987166e-01
6.110000000000000000e+04 6.097573761520439506e-01
6.120000000000000000e+04 5.776677398451238732e-01
6.130000000000000000e+04 6.122498410964147819e-01
6.140000000000000000e+04 6.082964201755569622e-01
6.150000000000000000e+04 6.449607314277334691e-01
6.160000000000000000e+04 6.078141429614416502e-01
6.170000000000000000e+04 6.089044139263075639e-01
6.180000000000000000e+04 5.746158739326010512e-01
6.190000000000000000e+04 5.741622712971663489e-01
6.200000000000000000e+04 6.057458373493003201e-01
6.210000000000000000e+04 6.069640933022434348e-01
6.220000000000000000e+04 6.077743819943373094e-01
6.230000000000000000e+04 5.722111567590858483e-01
6.240000000000000000e+04 6.055408917232658617e-01
6.250000000000000000e+04 5.712051222539215045e-01
6.260000000000000000e+04 6.396162867690365905e-01
6.270000000000000000e+04 6.022088837057768540e-01
6.280000000000000000e+04 6.385930035754894263e-01
6.290000000000000000e+04 5.693015784775895538e-01
6.300000000000000000e+04 5.688186920634930033e-01
6.310000000000000000e+04 5.683231080479096420e-01
6.320000000000000000e+04 6.028745372719785944e-01
6.330000000000000000e+04 5.991856059404891965e-01
6.340000000000000000e+04 6.018748677707423944e-01
6.350000000000000000e+04 6.317804471752569428e-01
6.360000000000000000e+04 5.977035708511736489e-01
6.370000000000000000e+04 5.976189428030573847e-01
6.380000000000000000e+04 5.967738151984018913e-01
6.390000000000000000e+04 5.980841046400949823e-01
6.400000000000000000e+04 6.297986574832843409e-01
6.410000000000000000e+04 5.635343993444039690e-01
6.420000000000000000e+04 5.979929506871130007e-01
6.430000000000000000e+04 5.626113765916119780e-01
6.440000000000000000e+04 5.621263239615177376e-01
6.450000000000000000e+04 5.616621435839703746e-01
6.460000000000000000e+04 5.934288667429863384e-01
6.470000000000000000e+04 5.607421977488573628e-01
6.480000000000000000e+04 5.602972200079112675e-01
6.490000000000000000e+04 5.946888871627917794e-01
6.500000000000000000e+04 5.593523689474132476e-01
6.510000000000000000e+04 5.588603704642729486e-01
6.520000000000000000e+04 5.919319269438179099e-01
6.530000000000000000e+04 5.579361569628181750e-01
6.540000000000000000e+04 5.574523218534852553e-01
6.550000000000000000e+04 6.214492820377984783e-01
6.560000000000000000e+04 5.565426714689356569e-01
6.570000000000000000e+04 5.880591023090090408e-01
6.580000000000000000e+04 5.556065164964453240e-01
6.590000000000000000e+04 5.551634407452440412e-01
6.600000000000000000e+04 5.882305031272536677e-01
6.610000000000000000e+04 6.211289961646380142e-01
6.620000000000000000e+04 5.538128556786162671e-01
6.630000000000000000e+04 6.514396180627465283e-01
6.640000000000000000e+04 5.848634843863702582e-01
6.650000000000000000e+04 6.942750759735766275e-01
6.660000000000000000e+04 5.520287149147780070e-01
6.670000000000000000e+04 5.865206414798168622e-01
6.680000000000000000e+04 5.837522650436810512e-01
6.690000000000000000e+04 5.507448547428261953e-01
6.700000000000000000e+04 5.503207252276521855e-01
6.710000000000000000e+04 5.833570328914300385e-01
6.720000000000000000e+04 5.813222717439887610e-01
6.730000000000000000e+04 5.838911495008767272e-01
6.740000000000000000e+04 6.138551178148413667e-01
6.750000000000000000e+04 5.481285979196006686e-01
6.760000000000000000e+04 6.120989938557201970e-01
6.770000000000000000e+04 5.790745531719093675e-01
6.780000000000000000e+04 6.151431020675599548e-01
6.790000000000000000e+04 5.464218010560265570e-01
6.800000000000000000e+04 5.459822911004432733e-01
6.810000000000000000e+04 5.788947284895071821e-01
6.820000000000000000e+04 5.784555805706796949e-01
6.830000000000000000e+04 6.113533491943310416e-01
6.840000000000000000e+04 5.775906446574946562e-01
6.850000000000000000e+04 5.789346956905069286e-01
6.860000000000000000e+04 5.435574282626227660e-01
6.870000000000000000e+04 7.177257439395650085e-01
6.880000000000000000e+04 5.428191713860105461e-01
6.890000000000000000e+04 5.424000609438666132e-01
6.900000000000000000e+04 5.743900714778920058e-01
6.910000000000000000e+04 5.738519246845430466e-01
6.920000000000000000e+04 5.761072242756519746e-01
6.930000000000000000e+04 5.407116684106311189e-01
6.940000000000000000e+04 5.402961489100461812e-01
6.950000000000000000e+04 5.713407109666427397e-01
6.960000000000000000e+04 6.031813044919442923e-01
6.970000000000000000e+04 6.062545142755345617e-01
6.980000000000000000e+04 5.701376930759749495e-01
6.990000000000000000e+04 5.381762942755082824e-01
7.000000000000000000e+04 6.478481931898836255e-01
7.010000000000000000e+04 5.373306032141649258e-01
7.020000000000000000e+04 5.368818361167124742e-01
7.030000000000000000e+04 5.696109400376441201e-01
7.040000000000000000e+04 6.043568021410521407e-01
7.050000000000000000e+04 5.356823144757458799e-01
7.060000000000000000e+04 5.669407256417334784e-01
7.070000000000000000e+04 5.348804908773179267e-01
7.080000000000000000e+04 5.344522442440277077e-01
7.090000000000000000e+04 5.692043499372216875e-01
7.100000000000000000e+04 5.336495250834033532e-01
7.110000000000000000e+04 5.971602374017019876e-01
7.120000000000000000e+04 5.328805651977120972e-01
7.130000000000000000e+04 5.674880609247574537e-01
7.140000000000000000e+04 5.671167410235459228e-01
7.150000000000000000e+04 5.316937917824451354e-01
7.160000000000000000e+04 5.644304127648400726e-01
7.170000000000000000e+04 5.308651647425710607e-01
7.180000000000000000e+04 5.621367901287317448e-01
7.190000000000000000e+04 5.650207898034117493e-01
7.200000000000000000e+04 5.296617034213597641e-01
7.210000000000000000e+04 6.723979449634616135e-01
7.220000000000000000e+04 5.288630867247434697e-01
7.230000000000000000e+04 5.601524725421263007e-01
7.240000000000000000e+04 5.936912269677252496e-01
7.250000000000000000e+04 5.607626443984314868e-01
7.260000000000000000e+04 5.272901418480422375e-01
7.270000000000000000e+04 5.594395620836906113e-01
7.280000000000000000e+04 5.595446446854436262e-01
7.290000000000000000e+04 5.261383383453678286e-01
7.300000000000000000e+04 5.257234431001903685e-01
7.310000000000000000e+04 5.900975041705331936e-01
7.320000000000000000e+04 5.575878303504178124e-01
7.330000000000000000e+04 5.901934315818481158e-01
7.340000000000000000e+04 5.568666025437054579e-01
7.350000000000000000e+04 5.238210993739688126e-01
7.360000000000000000e+04 5.234460725346833376e-01
7.370000000000000000e+04 6.343909777488486723e-01
7.380000000000000000e+04 6.661759785930831956e-01
7.390000000000000000e+04 5.222805552956972797e-01
7.400000000000000000e+04 5.218794617596749230e-01
7.410000000000000000e+04 7.006821379283191265e-01
7.420000000000000000e+04 5.211138596622096886e-01
7.430000000000000000e+04 5.534326913605444043e-01
7.440000000000000000e+04 5.523676595384707788e-01
7.450000000000000000e+04 5.867880031318214451e-01
7.460000000000000000e+04 5.871410642833274629e-01
7.470000000000000000e+04 5.192780914286496685e-01
7.480000000000000000e+04 5.515777670400415778e-01
7.490000000000000000e+04 5.185118063834612823e-01
7.500000000000000000e+04 5.181521445366064071e-01
7.510000000000000000e+04 5.509694540292986442e-01
7.520000000000000000e+04 6.152168016529604433e-01
7.530000000000000000e+04 5.171528273576171397e-01
7.540000000000000000e+04 5.825108150493921721e-01
7.550000000000000000e+04 5.164091372858690132e-01
7.560000000000000000e+04 5.160027343607652695e-01
7.570000000000000000e+04 6.292899652713179748e-01
7.580000000000000000e+04 5.153153481582147810e-01
7.590000000000000000e+04 5.466638103130547766e-01
7.600000000000000000e+04 5.145555681268663140e-01
7.610000000000000000e+04 5.475355908370193037e-01
7.620000000000000000e+04 5.138452665682311515e-01
7.630000000000000000e+04 5.779206910901694139e-01
7.640000000000000000e+04 5.457959481527314693e-01
7.650000000000000000e+04 5.771503576185668116e-01
7.660000000000000000e+04 6.238899742930629211e-01
7.670000000000000000e+04 6.207589441610411596e-01
7.680000000000000000e+04 6.116317842886161982e-01
7.690000000000000000e+04 5.113648668502439598e-01
7.700000000000000000e+04 5.110194076285047293e-01
7.710000000000000000e+04 6.220853847108012147e-01
7.720000000000000000e+04 5.103098519248643328e-01
7.730000000000000000e+04 5.416254873285875071e-01
7.740000000000000000e+04 5.095723519557663339e-01
7.750000000000000000e+04 5.092028776450933103e-01
7.760000000000000000e+04 5.088633436698897228e-01
7.770000000000000000e+04 5.435366323757715445e-01
7.780000000000000000e+04 5.409397085339456845e-01
7.790000000000000000e+04 5.394533822451786920e-01
7.800000000000000000e+04 5.074333579015182227e-01
7.810000000000000000e+04 5.070927949814664215e-01
7.820000000000000000e+04 5.383742472014264591e-01
7.830000000000000000e+04 5.396331107541401106e-01
7.840000000000000000e+04 5.411250904337068235e-01
7.850000000000000000e+04 5.373044695476515420e-01
7.860000000000000000e+04 5.053224619619851588e-01
7.870000000000000000e+04 5.049625443477538944e-01
7.880000000000000000e+04 5.046331888251623932e-01
7.890000000000000000e+04 5.373120807391070786e-01
7.900000000000000000e+04 5.701968081080319717e-01
7.910000000000000000e+04 5.036039506577231206e-01
7.920000000000000000e+04 5.681344566938535401e-01
7.930000000000000000e+04 5.361493676630131322e-01
7.940000000000000000e+04 5.025778187939455854e-01
7.950000000000000000e+04 5.338810692748925391e-01
7.960000000000000000e+04 5.351469486458230174e-01
7.970000000000000000e+04 6.116610247837268588e-01
7.980000000000000000e+04 5.342536110934212878e-01
7.990000000000000000e+04 5.008793394428132650e-01
8.000000000000000000e+04 5.335263392382796344e-01
8.010000000000000000e+04 5.002465381631003849e-01
8.020000000000000000e+04 4.999200958562041164e-01
8.030000000000000000e+04 4.995780710412141001e-01
8.040000000000000000e+04 5.342928472326897715e-01
8.050000000000000000e+04 4.988942224525795277e-01
8.060000000000000000e+04 4.985740491433268140e-01
8.070000000000000000e+04 5.312493453996323112e-01
8.080000000000000000e+04 4.979007095715080045e-01
8.090000000000000000e+04 5.326274108591427803e-01
8.100000000000000000e+04 4.972898832510607159e-01
8.110000000000000000e+04 4.969815192067221221e-01
8.120000000000000000e+04 4.966400665154676042e-01
8.130000000000000000e+04 4.963260388733327644e-01
8.140000000000000000e+04 6.063097364749556739e-01
8.150000000000000000e+04 4.956718046860040250e-01
8.160000000000000000e+04 5.632924743243585830e-01
8.170000000000000000e+04 4.950432253668036742e-01
8.180000000000000000e+04 4.947038124457853181e-01
8.190000000000000000e+04 5.272781640216165355e-01
8.200000000000000000e+04 4.940292448898216948e-01
8.210000000000000000e+04 4.937153421228025474e-01
8.220000000000000000e+04 5.251071616503679707e-01
8.230000000000000000e+04 4.930752345794851554e-01
8.240000000000000000e+04 5.940674740690066180e-01
8.250000000000000000e+04 5.241587918109088529e-01
8.260000000000000000e+04 4.920988915471887770e-01
8.270000000000000000e+04 5.247980849157598549e-01
8.280000000000000000e+04 5.582039034535433153e-01
8.290000000000000000e+04 4.911621116559019562e-01
8.300000000000000000e+04 5.257938935560804161e-01
8.310000000000000000e+04 4.905096818485791266e-01
8.320000000000000000e+04 6.388664315109157110e-01
8.330000000000000000e+04 4.898809556703456192e-01
8.340000000000000000e+04 4.895581841896837760e-01
8.350000000000000000e+04 5.225410020814709178e-01
8.360000000000000000e+04 5.217969191371366611e-01
8.370000000000000000e+04 5.235655208909051339e-01
8.380000000000000000e+04 4.883736605597078784e-01
8.390000000000000000e+04 4.880525164966552643e-01
8.400000000000000000e+04 4.877471781570442144e-01
8.410000000000000000e+04 5.202666177237995626e-01
8.420000000000000000e+04 4.871411378520112412e-01
8.430000000000000000e+04 5.200350157652392502e-01
8.440000000000000000e+04 5.525763738789173374e-01
8.450000000000000000e+04 4.862477371020493822e-01
8.460000000000000000e+04 4.859068605344529224e-01
8.470000000000000000e+04 5.176158038484125479e-01
8.480000000000000000e+04 5.180635555598749331e-01
8.490000000000000000e+04 4.849779177045903666e-01
8.500000000000000000e+04 5.195495926043169899e-01
8.510000000000000000e+04 4.843626041794448778e-01
8.520000000000000000e+04 5.927614120446655921e-01
8.530000000000000000e+04 4.837626238186936156e-01
8.540000000000000000e+04 5.182950980493072901e-01
8.550000000000000000e+04 5.151756294095872768e-01
8.560000000000000000e+04 5.177100854399634411e-01
8.570000000000000000e+04 4.825384275944524237e-01
8.580000000000000000e+04 5.483049842867084855e-01
8.590000000000000000e+04 5.147572833300624318e-01
8.600000000000000000e+04 4.816853117491320391e-01
8.610000000000000000e+04 5.493455704356511315e-01
8.620000000000000000e+04 5.138905987042579060e-01
8.630000000000000000e+04 5.486772361619560723e-01
8.640000000000000000e+04 4.805190259063250036e-01
8.650000000000000000e+04 4.802356167993132030e-01
8.660000000000000000e+04 5.119983564366177298e-01
8.670000000000000000e+04 4.796387100510914880e-01
8.680000000000000000e+04 4.793399089865975071e-01
8.690000000000000000e+04 5.123393847962864900e-01
8.700000000000000000e+04 5.120480591976250828e-01
8.710000000000000000e+04 6.206701793704476611e-01
8.720000000000000000e+04 5.435522377327195453e-01
8.730000000000000000e+04 4.778784215387100742e-01
8.740000000000000000e+04 4.775746269845606573e-01
8.750000000000000000e+04 5.433157032662525587e-01
8.760000000000000000e+04 5.448794354191688338e-01
8.770000000000000000e+04 4.767332878554273456e-01
8.780000000000000000e+04 5.111059618318489761e-01
8.790000000000000000e+04 4.761574965063471443e-01
8.800000000000000000e+04 5.433172046396992361e-01
8.810000000000000000e+04 5.087513112102296509e-01
8.820000000000000000e+04 5.840015916842413723e-01
8.830000000000000000e+04 4.750095345199618624e-01
8.840000000000000000e+04 4.747201658614852438e-01
8.850000000000000000e+04 4.743912590915794758e-01
8.860000000000000000e+04 5.415382479184706055e-01
8.870000000000000000e+04 4.738269727850975555e-01
8.880000000000000000e+04 5.391718391759821039e-01
8.890000000000000000e+04 4.732523232573229710e-01
8.900000000000000000e+04 4.729643073357467364e-01
8.910000000000000000e+04 5.059529489592542451e-01
8.920000000000000000e+04 5.069172060244340194e-01
8.930000000000000000e+04 4.721161027119979980e-01
8.940000000000000000e+04 5.041572975904231591e-01
8.950000000000000000e+04 5.038816719474425998e-01
8.960000000000000000e+04 5.045949817526191872e-01
8.970000000000000000e+04 4.710288500258003608e-01
8.980000000000000000e+04 4.707499783410826755e-01
8.990000000000000000e+04 5.028044998157942258e-01
9.000000000000000000e+04 5.046893551845696990e-01
9.010000000000000000e+04 5.027739485286397692e-01
9.020000000000000000e+04 4.696399564104604685e-01
9.030000000000000000e+04 5.016512376625086311e-01
9.040000000000000000e+04 4.690973603201299968e-01
9.050000000000000000e+04 4.688000599455515172e-01
9.060000000000000000e+04 5.018144152094110577e-01
9.070000000000000000e+04 5.351714231154035550e-01
9.080000000000000000e+04 5.002825988238712718e-01
9.090000000000000000e+04 6.141722713448909410e-01
9.100000000000000000e+04 6.099844476004050442e-01
9.110000000000000000e+04 5.017745308102860013e-01
9.120000000000000000e+04 4.997537181841835152e-01
9.130000000000000000e+04 4.665859137953249358e-01
9.140000000000000000e+04 4.663050748294611525e-01
9.150000000000000000e+04 5.339337583701310175e-01
9.160000000000000000e+04 5.318545324183436840e-01
9.170000000000000000e+04 5.002073053230148281e-01
9.180000000000000000e+04 4.652456412880927594e-01
9.190000000000000000e+04 4.973115471745878091e-01
9.200000000000000000e+04 4.970350448079055572e-01
9.210000000000000000e+04 4.644396069546450900e-01
9.220000000000000000e+04 4.971204592486842544e-01
9.230000000000000000e+04 4.639217201152423531e-01
9.240000000000000000e+04 4.636548969989723878e-01
9.250000000000000000e+04 5.312659263991883485e-01
9.260000000000000000e+04 4.631241927107107581e-01
9.270000000000000000e+04 4.628527752226095915e-01
9.280000000000000000e+04 4.973558193154784535e-01
9.290000000000000000e+04 4.946483907708947303e-01
9.300000000000000000e+04 4.620596389660537318e-01
9.310000000000000000e+04 4.950193015155260889e-01
9.320000000000000000e+04 6.071882037447742242e-01
9.330000000000000000e+04 4.935214149966032915e-01
9.340000000000000000e+04 4.610107384084684012e-01
9.350000000000000000e+04 4.607405344163602035e-01
9.360000000000000000e+04 4.936977882328337230e-01
9.370000000000000000e+04 4.934330302126119228e-01
9.380000000000000000e+04 5.276838753144225125e-01
9.390000000000000000e+04 4.597010403968978531e-01
9.400000000000000000e+04 4.594095321401654441e-01
9.410000000000000000e+04 4.591535086709524482e-01
9.420000000000000000e+04 5.266661899094721155e-01
9.430000000000000000e+04 5.266425433786637855e-01
9.440000000000000000e+04 5.261144444656224994e-01
9.450000000000000000e+04 5.671035115359661649e-01
9.460000000000000000e+04 4.578700326379001595e-01
9.470000000000000000e+04 4.908619777447792432e-01
9.480000000000000000e+04 5.575477578496451647e-01
9.490000000000000000e+04 4.903153496095919994e-01
9.500000000000000000e+04 4.568600296543936512e-01
9.510000000000000000e+04 5.235395175927854972e-01
9.520000000000000000e+04 4.563607471250877845e-01
9.530000000000000000e+04 5.545513859604103146e-01
9.540000000000000000e+04 4.889451638361465013e-01
9.550000000000000000e+04 5.232063847913609456e-01
9.560000000000000000e+04 4.884297900740216525e-01
9.570000000000000000e+04 4.551691691324206701e-01
9.580000000000000000e+04 4.549245365065214264e-01
9.590000000000000000e+04 4.546589102667683013e-01
9.600000000000000000e+04 4.544198884886491152e-01
9.610000000000000000e+04 4.864443308285035794e-01
9.620000000000000000e+04 4.866309588888388937e-01
9.630000000000000000e+04 4.859163856195892750e-01
9.640000000000000000e+04 4.856503565932979161e-01
9.650000000000000000e+04 4.862073066922709685e-01
9.660000000000000000e+04 4.859409023540800510e-01
9.670000000000000000e+04 4.526451001943163632e-01
9.680000000000000000e+04 4.524125831371611506e-01
9.690000000000000000e+04 4.848738437966684245e-01
9.700000000000000000e+04 4.865788401529553830e-01
9.710000000000000000e+04 5.166479076193100095e-01
9.720000000000000000e+04 4.514529496837191846e-01
9.730000000000000000e+04 4.834180010833999952e-01
9.740000000000000000e+04 4.509405483383794322e-01
9.750000000000000000e+04 4.838588722516798946e-01
9.760000000000000000e+04 5.157664726220003715e-01
9.770000000000000000e+04 4.502117654457669094e-01
9.780000000000000000e+04 4.499351208724534645e-01
9.790000000000000000e+04 4.824915414035185202e-01
9.800000000000000000e+04 4.494481413738878328e-01
9.810000000000000000e+04 4.492374769593049377e-01
9.820000000000000000e+04 4.489715663287637826e-01
9.830000000000000000e+04 4.814486288615300036e-01
9.840000000000000000e+04 4.484958380271555911e-01
9.850000000000000000e+04 5.131304664610704114e-01
9.860000000000000000e+04 4.480534780680810458e-01
9.870000000000000000e+04 4.799347753252879434e-01
9.880000000000000000e+04 5.580741596802131221e-01
9.890000000000000000e+04 4.819693817439675287e-01
9.900000000000000000e+04 4.797949194605477530e-01
9.910000000000000000e+04 4.790388138598893897e-01
9.920000000000000000e+04 4.466393080592130360e-01
9.930000000000000000e+04 4.785464809413413345e-01
9.940000000000000000e+04 4.461922624611234234e-01
9.950000000000000000e+04 4.780778638651946855e-01
9.960000000000000000e+04 4.778311730742658692e-01
9.970000000000000000e+04 4.454535191248901738e-01
9.980000000000000000e+04 5.107398751605324305e-01
9.990000000000000000e+04 5.105017404351233079e-01
1.000000000000000000e+05 4.776716627276190730e-01
