9.000000000000000000e+00 5.152664753756415905e+01
1.500000000000000000e+01 4.319686811720874431e+01
2.100000000000000000e+01 3.848631835373456056e+01
2.700000000000000000e+01 3.187803310701454151e+01
3.300000000000000000e+01 2.888002942036735021e+01
3.900000000000000000e+01 2.596424680092214388e+01
4.500000000000000000e+01 2.513202892460201809e+01
5.100000000000000000e+01 2.339006162289281576e+01
5.700000000000000000e+01 2.215953096792846466e+01
6.300000000000000000e+01 2.104934985678415416e+01
6.900000000000000000e+01 1.980856698762207202e+01
7.500000000000000000e+01 1.882169846656074341e+01
8.100000000000000000e+01 1.813245597893887506e+01
8.700000000000000000e+01 1.757264948878952993e+01
9.300000000000000000e+01 1.706894229224596415e+01
9.900000000000000000e+01 1.645954573522169184e+01
1.005000000000000000e+03 5.154079084187443094e+00
1.011000000000000000e+03 5.139668529650027295e+00
1.017000000000000000e+03 5.125223845487550278e+00
1.023000000000000000e+03 5.110830862165881783e+00
1.029000000000000000e+03 5.100960610106362481e+00
1.035000000000000000e+03 5.086540815806054994e+00
1.041000000000000000e+03 5.072374667861501152e+00
1.047000000000000000e+03 5.055249871004886764e+00
1.053000000000000000e+03 5.038155977708157707e+00
1.059000000000000000e+03 5.026733372272859768e+00
1.065000000000000000e+03 5.005446042063705470e+00
1.071000000000000000e+03 4.992515902888081669e+00
1.077000000000000000e+03 4.978367659583353699e+00
1.083000000000000000e+03 4.969260335807067719e+00
1.089000000000000000e+03 4.954731934729821319e+00
1.095000000000000000e+03 4.942110489958050579e+00
2.001000000000000000e+03 3.597549481838370422e+00
2.007000000000000000e+03 3.589401603946644315e+00
2.013000000000000000e+03 3.585513430121998191e+00
2.019000000000000000e+03 3.580065216931926919e+00
2.025000000000000000e+03 3.574069559796897000e+00
2.031000000000000000e+03 3.569183126168509634e+00
2.037000000000000000e+03 3.564537468938127951e+00
2.043000000000000000e+03 3.559237434364435959e+00
2.049000000000000000e+03 3.553750969575415031e+00
2.055000000000000000e+03 3.548884572281158611e+00
2.061000000000000000e+03 3.541066298308576776e+00
2.067000000000000000e+03 3.537177279328585389e+00
2.073000000000000000e+03 3.532175744321640831e+00
2.079000000000000000e+03 3.527538832434746752e+00
2.085000000000000000e+03 3.522716924779890846e+00
2.091000000000000000e+03 3.517835492677786391e+00
2.097000000000000000e+03 3.512983688649514491e+00
3.003000000000000000e+03 2.897363963483464921e+00
3.009000000000000000e+03 2.894237166121514715e+00
3.015000000000000000e+03 2.891106881947071550e+00
3.021000000000000000e+03 2.885820530856662902e+00
3.027000000000000000e+03 2.882968382180240763e+00
3.033000000000000000e+03 2.879667620280689455e+00
3.039000000000000000e+03 2.877005163919339026e+00
3.045000000000000000e+03 2.873985777771800976e+00
3.051000000000000000e+03 2.871372577314621477e+00
3.057000000000000000e+03 2.868576622622665884e+00
3.063000000000000000e+03 2.866656563108952227e+00
3.069000000000000000e+03 2.863588471404300950e+00
3.075000000000000000e+03 2.859935387599752854e+00
3.081000000000000000e+03 2.857053765438989146e+00
3.087000000000000000e+03 2.853802935739105706e+00
3.093000000000000000e+03 2.850707912610583428e+00
3.099000000000000000e+03 2.847504262711517686e+00
4.005000000000000000e+03 2.486061542461106999e+00
4.011000000000000000e+03 2.484210394787012000e+00
4.017000000000000000e+03 2.482182171789905745e+00
4.023000000000000000e+03 2.480115664801481490e+00
4.029000000000000000e+03 2.478518975230855848e+00
4.035000000000000000e+03 2.476817193478659807e+00
4.041000000000000000e+03 2.474500239713306904e+00
4.047000000000000000e+03 2.472222655123641033e+00
4.053000000000000000e+03 2.470221962669776339e+00
4.059000000000000000e+03 2.469359828335307760e+00
4.065000000000000000e+03 2.466696275924508353e+00
4.071000000000000000e+03 2.463751684874108339e+00
4.077000000000000000e+03 2.462191813361273685e+00
4.083000000000000000e+03 2.459950436265454066e+00
4.089000000000000000e+03 2.458218231597326664e+00
4.095000000000000000e+03 2.456711947194864187e+00
5.001000000000000000e+03 2.203699730317000061e+00
5.007000000000000000e+03 2.202036073286013806e+00
5.013000000000000000e+03 2.200638908335077026e+00
5.019000000000000000e+03 2.199644301946532376e+00
5.025000000000000000e+03 2.198172472977841796e+00
5.031000000000000000e+03 2.196434615813776414e+00
5.037000000000000000e+03 2.195330123425932811e+00
5.043000000000000000e+03 2.194126102185301352e+00
5.049000000000000000e+03 2.192647772289392449e+00
5.055000000000000000e+03 2.191035586571722149e+00
5.061000000000000000e+03 2.189717028010649713e+00
5.067000000000000000e+03 2.188170967903772635e+00
5.073000000000000000e+03 2.186555867901544215e+00
5.079000000000000000e+03 2.185498605549859974e+00
5.085000000000000000e+03 2.183797882964867654e+00
5.091000000000000000e+03 2.182412297549872982e+00
5.097000000000000000e+03 2.179917851473621493e+00
6.003000000000000000e+03 1.993965261914067533e+00
6.009000000000000000e+03 1.992889704205129009e+00
6.015000000000000000e+03 1.991880935599557700e+00
6.021000000000000000e+03 1.990468350515487206e+00
6.027000000000000000e+03 1.989413786286026165e+00
6.033000000000000000e+03 1.988540889388564326e+00
6.039000000000000000e+03 1.987490932757822071e+00
6.045000000000000000e+03 1.986142919723868472e+00
6.051000000000000000e+03 1.984978729695428656e+00
6.057000000000000000e+03 1.983935907647703445e+00
6.063000000000000000e+03 1.982954486610424283e+00
6.069000000000000000e+03 1.981878005664218456e+00
6.075000000000000000e+03 1.981022834304420277e+00
6.081000000000000000e+03 1.980145006897897186e+00
6.087000000000000000e+03 1.979243954313710585e+00
6.093000000000000000e+03 1.978117739406801689e+00
6.099000000000000000e+03 1.977213725128011079e+00
7.005000000000000000e+03 1.833085158487361310e+00
7.011000000000000000e+03 1.832109718549250310e+00
7.017000000000000000e+03 1.831186145219758643e+00
7.023000000000000000e+03 1.830368166300142319e+00
7.029000000000000000e+03 1.829744084007538518e+00
7.035000000000000000e+03 1.828686074719753307e+00
7.041000000000000000e+03 1.827948808860081265e+00
7.047000000000000000e+03 1.827136349103957169e+00
7.053000000000000000e+03 1.826473890763508301e+00
7.059000000000000000e+03 1.825477724288011139e+00
7.065000000000000000e+03 1.824511386079435304e+00
7.071000000000000000e+03 1.823824776211193655e+00
7.077000000000000000e+03 1.822832673464354958e+00
7.083000000000000000e+03 1.822432634036550647e+00
7.089000000000000000e+03 1.821647515553035168e+00
7.095000000000000000e+03 1.820860504713434080e+00
8.001000000000000000e+03 1.705962108128307619e+00
8.007000000000000000e+03 1.705235396987034191e+00
8.013000000000000000e+03 1.704596192977708702e+00
8.019000000000000000e+03 1.704120595154817952e+00
8.025000000000000000e+03 1.703527987105612596e+00
8.031000000000000000e+03 1.702829510016607983e+00
8.037000000000000000e+03 1.702105185534446008e+00
8.043000000000000000e+03 1.701518792212907139e+00
8.049000000000000000e+03 1.700943855726078313e+00
8.055000000000000000e+03 1.699870545756509532e+00
8.061000000000000000e+03 1.699111744309041772e+00
8.067000000000000000e+03 1.698317415112628126e+00
8.073000000000000000e+03 1.697733337385150643e+00
8.079000000000000000e+03 1.697153743241753832e+00
8.085000000000000000e+03 1.696440090961682801e+00
8.091000000000000000e+03 1.695829011406753128e+00
8.097000000000000000e+03 1.695164695680824840e+00
9.003000000000000000e+03 1.600267594887290867e+00
9.009000000000000000e+03 1.599768223292911351e+00
9.015000000000000000e+03 1.599220330157415937e+00
9.021000000000000000e+03 1.598653282026610611e+00
9.027000000000000000e+03 1.598104522271525330e+00
9.033000000000000000e+03 1.597615079187249876e+00
9.039000000000000000e+03 1.597062269779759403e+00
9.045000000000000000e+03 1.596484794876009694e+00
9.051000000000000000e+03 1.595717508686055996e+00
9.057000000000000000e+03 1.595085190991747393e+00
9.063000000000000000e+03 1.594670890136895114e+00
9.069000000000000000e+03 1.593926700459383339e+00
9.075000000000000000e+03 1.593223407316930462e+00
9.081000000000000000e+03 1.592628111481781517e+00
9.087000000000000000e+03 1.592264943107044584e+00
9.093000000000000000e+03 1.591877663602049298e+00
9.099000000000000000e+03 1.591350606693508363e+00
1.000500000000000000e+04 1.511062295240501729e+00
1.001100000000000000e+04 1.510598250200107628e+00
1.001700000000000000e+04 1.509914913498447975e+00
1.002300000000000000e+04 1.509326780672828772e+00
1.002900000000000000e+04 1.508873139391996965e+00
1.003500000000000000e+04 1.508228058874094391e+00
1.004100000000000000e+04 1.507879976759221474e+00
1.004700000000000000e+04 1.507443448300963329e+00
1.005300000000000000e+04 1.507015776530820084e+00
1.005900000000000000e+04 1.506534239751173843e+00
1.006500000000000000e+04 1.506229339742511053e+00
1.007100000000000000e+04 1.505828907535878169e+00
1.007700000000000000e+04 1.505176766742222894e+00
1.008300000000000000e+04 1.504648787219399431e+00
1.008900000000000000e+04 1.504204572248894367e+00
1.009500000000000000e+04 1.503753051604075353e+00
1.100100000000000000e+04 1.435011384042141902e+00
1.100700000000000000e+04 1.434580361664567150e+00
1.101300000000000000e+04 1.434211293395580178e+00
1.101900000000000000e+04 1.433646786951651597e+00
1.102500000000000000e+04 1.433254067038452595e+00
1.103100000000000000e+04 1.432876825494402429e+00
1.103700000000000000e+04 1.432375083826570750e+00
1.104300000000000000e+04 1.431938497740830041e+00
1.104900000000000000e+04 1.431483015304815698e+00
1.105500000000000000e+04 1.430987319887299103e+00
1.106100000000000000e+04 1.430510942293823584e+00
1.106700000000000000e+04 1.430188342769148413e+00
1.107300000000000000e+04 1.429784036649505596e+00
1.107900000000000000e+04 1.429298400701592975e+00
1.108500000000000000e+04 1.428907352024303856e+00
1.109100000000000000e+04 1.428635145327085798e+00
1.109700000000000000e+04 1.428217969424339762e+00
1.200300000000000000e+04 1.368534644796035593e+00
1.200900000000000000e+04 1.368215674058232745e+00
1.201500000000000000e+04 1.367853345977901203e+00
1.202100000000000000e+04 1.367340809729986173e+00
1.202700000000000000e+04 1.366972010058950193e+00
1.203300000000000000e+04 1.366675035868573751e+00
1.203900000000000000e+04 1.366258477428289542e+00
1.204500000000000000e+04 1.365847237775244860e+00
1.205100000000000000e+04 1.365440805453255191e+00
1.205700000000000000e+04 1.365086771761257811e+00
1.206300000000000000e+04 1.364792249538561375e+00
1.206900000000000000e+04 1.364308424364784056e+00
1.207500000000000000e+04 1.364004286350467998e+00
1.208100000000000000e+04 1.363622229827818888e+00
1.208700000000000000e+04 1.363224434416785869e+00
1.209300000000000000e+04 1.362888110022946631e+00
1.209900000000000000e+04 1.362587762235867528e+00
1.300500000000000000e+04 1.310624498550000183e+00
1.301100000000000000e+04 1.310308468741547605e+00
1.301700000000000000e+04 1.309988645502863536e+00
1.302300000000000000e+04 1.309643294780002076e+00
1.302900000000000000e+04 1.309282932004865563e+00
1.303500000000000000e+04 1.308956023344179043e+00
1.304100000000000000e+04 1.308589505412654619e+00
1.304700000000000000e+04 1.308266735068324582e+00
1.305300000000000000e+04 1.307939392132949186e+00
1.305900000000000000e+04 1.307448609287687580e+00
1.306500000000000000e+04 1.307152091312231867e+00
1.307100000000000000e+04 1.306716428723588397e+00
1.307700000000000000e+04 1.306444074007916623e+00
1.308300000000000000e+04 1.306172088014048605e+00
1.308900000000000000e+04 1.305895952334938936e+00
1.309500000000000000e+04 1.305466491952962382e+00
1.400100000000000000e+04 1.258350406090631646e+00
1.400700000000000000e+04 1.258018103998504111e+00
1.401300000000000000e+04 1.257677155841503414e+00
1.401900000000000000e+04 1.257364897805024917e+00
1.402500000000000000e+04 1.257039341766182261e+00
1.403100000000000000e+04 1.256812586987252622e+00
1.403700000000000000e+04 1.256537150252531765e+00
1.404300000000000000e+04 1.256159878413580122e+00
1.404900000000000000e+04 1.255785134565455152e+00
1.405500000000000000e+04 1.255455025704920846e+00
1.406100000000000000e+04 1.255217412392007903e+00
1.406700000000000000e+04 1.254879864055618022e+00
1.407300000000000000e+04 1.254550893374541509e+00
1.407900000000000000e+04 1.254335575978563044e+00
1.408500000000000000e+04 1.254113532587202595e+00
1.409100000000000000e+04 1.253781464005987889e+00
1.409700000000000000e+04 1.253579327786052744e+00
1.500300000000000000e+04 1.212234489598947196e+00
1.500900000000000000e+04 1.212019368944044384e+00
1.501500000000000000e+04 1.211811742770461109e+00
1.502100000000000000e+04 1.211560338620842892e+00
1.502700000000000000e+04 1.211347438993930048e+00
1.503300000000000000e+04 1.211126265475926056e+00
1.503900000000000000e+04 1.210834502704789317e+00
1.504500000000000000e+04 1.210618035866745767e+00
1.505100000000000000e+04 1.210337321285176904e+00
1.505700000000000000e+04 1.210070680376539531e+00
1.506300000000000000e+04 1.209801571373569917e+00
1.506900000000000000e+04 1.209577751615133145e+00
1.507500000000000000e+04 1.209334322935703421e+00
1.508100000000000000e+04 1.209130732034112921e+00
1.508700000000000000e+04 1.208904284508941496e+00
1.509300000000000000e+04 1.208626900439727647e+00
1.509900000000000000e+04 1.208364329211241150e+00
1.600500000000000000e+04 1.171233335327896308e+00
1.601100000000000000e+04 1.171055502547252880e+00
1.601700000000000000e+04 1.170819264689819228e+00
1.602300000000000000e+04 1.170524174189593536e+00
1.602900000000000000e+04 1.170327130217843070e+00
1.603500000000000000e+04 1.170070564313340000e+00
1.604100000000000000e+04 1.169824629811217598e+00
1.604700000000000000e+04 1.169596229758401940e+00
1.605300000000000000e+04 1.169343940499740775e+00
1.605900000000000000e+04 1.169129643625657522e+00
1.606500000000000000e+04 1.168935528085442321e+00
1.607100000000000000e+04 1.168723093666982127e+00
1.607700000000000000e+04 1.168465696849398938e+00
1.608300000000000000e+04 1.168148444610236147e+00
1.608900000000000000e+04 1.167934577175074651e+00
1.609500000000000000e+04 1.167620867038332566e+00
1.700100000000000000e+04 1.134989067069589019e+00
1.700700000000000000e+04 1.134789814460290813e+00
1.701300000000000000e+04 1.134504339449796007e+00
1.701900000000000000e+04 1.134224782387835972e+00
1.702500000000000000e+04 1.133949253125355217e+00
1.703100000000000000e+04 1.133706500281648211e+00
1.703700000000000000e+04 1.133472792739744994e+00
1.704300000000000000e+04 1.133279244581285372e+00
1.704900000000000000e+04 1.133039443242462863e+00
1.705500000000000000e+04 1.132904587091208670e+00
1.706100000000000000e+04 1.132707972973803878e+00
1.706700000000000000e+04 1.132546079759916502e+00
1.707300000000000000e+04 1.132292305722045755e+00
1.707900000000000000e+04 1.132157270019930051e+00
1.708500000000000000e+04 1.131973162628098883e+00
1.709100000000000000e+04 1.131804768799528516e+00
1.709700000000000000e+04 1.131618311077612127e+00
1.800300000000000000e+04 1.100696384092265223e+00
1.800900000000000000e+04 1.100516578288270209e+00
1.801500000000000000e+04 1.100309021403788279e+00
1.802100000000000000e+04 1.100056969771669335e+00
1.802700000000000000e+04 1.099812571494012126e+00
1.803300000000000000e+04 1.099549895206945127e+00
1.803900000000000000e+04 1.099332018277031864e+00
1.804500000000000000e+04 1.099147434049342120e+00
1.805100000000000000e+04 1.098888605323620871e+00
1.805700000000000000e+04 1.098674572761235924e+00
1.806300000000000000e+04 1.098452700997614162e+00
1.806900000000000000e+04 1.098294643820288741e+00
1.807500000000000000e+04 1.098115965497943325e+00
1.808100000000000000e+04 1.097883571435826155e+00
1.808700000000000000e+04 1.097706085226591188e+00
1.809300000000000000e+04 1.097511391387158142e+00
1.809900000000000000e+04 1.097317669489998870e+00
1.900500000000000000e+04 1.068536500355834917e+00
1.901100000000000000e+04 1.068358489331096894e+00
1.901700000000000000e+04 1.068178862268787332e+00
1.902300000000000000e+04 1.068007921448927089e+00
1.902900000000000000e+04 1.067836124831078148e+00
1.903500000000000000e+04 1.067663005924412101e+00
1.904100000000000000e+04 1.067450437026968846e+00
1.904700000000000000e+04 1.067291278847440017e+00
1.905300000000000000e+04 1.067059378546345805e+00
1.905900000000000000e+04 1.066881661716958751e+00
1.906500000000000000e+04 1.066713547369112058e+00
1.907100000000000000e+04 1.066552019962312636e+00
1.907700000000000000e+04 1.066380203294468920e+00
1.908300000000000000e+04 1.066258044905399327e+00
1.908900000000000000e+04 1.066038000182005785e+00
1.909500000000000000e+04 1.065845279933576029e+00
2.000100000000000000e+04 1.039180152358842868e+00
2.000700000000000000e+04 1.038964780096544693e+00
2.001300000000000000e+04 1.038799343759824412e+00
2.001900000000000000e+04 1.038607541503714371e+00
2.002500000000000000e+04 1.038471765360512222e+00
2.003100000000000000e+04 1.038380403970762256e+00
2.003700000000000000e+04 1.038222699275995309e+00
2.004300000000000000e+04 1.038055860888458026e+00
2.004900000000000000e+04 1.037939270648911450e+00
2.005500000000000000e+04 1.037782904123530248e+00
2.006100000000000000e+04 1.037574689745674572e+00
2.006700000000000000e+04 1.037397273498400718e+00
2.007300000000000000e+04 1.037234038920325840e+00
2.007900000000000000e+04 1.037127794971202333e+00
2.008500000000000000e+04 1.037027441761765978e+00
2.009100000000000000e+04 1.036883879862429580e+00
2.009700000000000000e+04 1.036693738011643884e+00
2.100300000000000000e+04 1.011665823750932391e+00
2.100900000000000000e+04 1.011532470055462429e+00
2.101500000000000000e+04 1.011366150086073556e+00
2.102100000000000000e+04 1.011189596228187604e+00
2.102700000000000000e+04 1.011043213538451058e+00
2.103300000000000000e+04 1.010913215978272106e+00
2.103900000000000000e+04 1.010754460849675684e+00
2.104500000000000000e+04 1.010620481543502258e+00
2.105100000000000000e+04 1.010487290291563589e+00
2.105700000000000000e+04 1.010281693779889300e+00
2.106300000000000000e+04 1.010081520345894823e+00
2.106900000000000000e+04 1.009934153876059337e+00
2.107500000000000000e+04 1.009768205395014995e+00
2.108100000000000000e+04 1.009593037390561721e+00
2.108700000000000000e+04 1.009430952267624138e+00
2.109300000000000000e+04 1.009307436911133671e+00
2.109900000000000000e+04 1.009144254077968483e+00
2.200500000000000000e+04 9.856073780314091870e-01
2.201100000000000000e+04 9.854559366059053582e-01
2.201700000000000000e+04 9.852632013667255162e-01
2.202300000000000000e+04 9.850735049810516175e-01
2.202900000000000000e+04 9.848922169456295617e-01
2.203500000000000000e+04 9.847254319457191540e-01
2.204100000000000000e+04 9.845713138058594938e-01
2.204700000000000000e+04 9.844728580909194449e-01
2.205300000000000000e+04 9.843799934211885372e-01
2.205900000000000000e+04 9.842132354631809577e-01
2.206500000000000000e+04 9.840697107080063066e-01
2.207100000000000000e+04 9.839352886139565157e-01
2.207700000000000000e+04 9.838699831664717843e-01
2.208300000000000000e+04 9.837671837112722528e-01
2.208900000000000000e+04 9.835507954866816727e-01
2.209500000000000000e+04 9.834250575622487389e-01
2.300100000000000000e+04 9.622944771391824803e-01
2.300700000000000000e+04 9.621729874887543499e-01
2.301300000000000000e+04 9.620512150242416238e-01
2.301900000000000000e+04 9.619334125149768822e-01
2.302500000000000000e+04 9.618030020855420359e-01
2.303100000000000000e+04 9.617144716363774659e-01
2.303700000000000000e+04 9.615393776914886725e-01
2.304300000000000000e+04 9.613774292025619728e-01
2.304900000000000000e+04 9.612559589866014331e-01
2.305500000000000000e+04 9.611794757736619177e-01
2.306100000000000000e+04 9.610575280946587196e-01
2.306700000000000000e+04 9.609569333380878486e-01
2.307300000000000000e+04 9.608748029725651119e-01
2.307900000000000000e+04 9.608100179835681320e-01
2.308500000000000000e+04 9.606163048065696763e-01
2.309100000000000000e+04 9.604785550568673003e-01
2.309700000000000000e+04 9.603663976176101125e-01
2.400300000000000000e+04 9.407921809835151361e-01
2.400900000000000000e+04 9.406568697601189744e-01
2.401500000000000000e+04 9.404786799535473918e-01
2.402100000000000000e+04 9.403551174077224850e-01
2.402700000000000000e+04 9.402666924004532412e-01
2.403300000000000000e+04 9.401318960033671068e-01
2.403900000000000000e+04 9.400109689666468205e-01
2.404500000000000000e+04 9.398148549686287101e-01
2.405100000000000000e+04 9.396877411397561719e-01
2.405700000000000000e+04 9.395861902687728806e-01
2.406300000000000000e+04 9.393871250369325576e-01
2.406900000000000000e+04 9.392635422986350680e-01
2.407500000000000000e+04 9.391565905448329143e-01
2.408100000000000000e+04 9.389948329851375286e-01
2.408700000000000000e+04 9.388566559509006204e-01
2.409300000000000000e+04 9.387320041915900859e-01
2.409900000000000000e+04 9.385945576872859464e-01
2.500500000000000000e+04 9.198533166177697007e-01
2.501100000000000000e+04 9.197081088431500184e-01
2.501700000000000000e+04 9.195620040111420757e-01
2.502300000000000000e+04 9.194855349781835274e-01
2.502900000000000000e+04 9.193873261700173938e-01
2.503500000000000000e+04 9.193043698331841984e-01
2.504100000000000000e+04 9.192117735524938382e-01
2.504700000000000000e+04 9.191588072501173379e-01
2.505300000000000000e+04 9.189437035905850815e-01
2.505900000000000000e+04 9.188427592887066231e-01
2.506500000000000000e+04 9.186892683883685073e-01
2.507100000000000000e+04 9.185906563509143030e-01
2.507700000000000000e+04 9.184594383380688676e-01
2.508300000000000000e+04 9.183417243873532865e-01
2.508900000000000000e+04 9.182740438469242372e-01
2.509500000000000000e+04 9.181470141515005734e-01
2.600100000000000000e+04 9.009326478581110020e-01
2.600700000000000000e+04 9.008322760227288617e-01
2.601300000000000000e+04 9.007167082327929286e-01
2.601900000000000000e+04 9.005798915083340628e-01
2.602500000000000000e+04 9.004392437456485432e-01
2.603100000000000000e+04 9.003826623664238360e-01
2.603700000000000000e+04 9.002342868911470397e-01
2.604300000000000000e+04 9.001127643222894825e-01
2.604900000000000000e+04 9.000453985332188545e-01
2.605500000000000000e+04 8.999531471120773007e-01
2.606100000000000000e+04 8.998674067629039985e-01
2.606700000000000000e+04 8.997824989987135424e-01
2.607300000000000000e+04 8.996757258658869549e-01
2.607900000000000000e+04 8.995295212669385254e-01
2.608500000000000000e+04 8.994025494716977320e-01
2.609100000000000000e+04 8.992758274529037976e-01
2.609700000000000000e+04 8.991730381396272342e-01
2.700300000000000000e+04 8.823467052415121525e-01
2.700900000000000000e+04 8.822344622040998452e-01
2.701500000000000000e+04 8.821637903053030083e-01
2.702100000000000000e+04 8.820289189251678819e-01
2.702700000000000000e+04 8.819261297425043944e-01
2.703300000000000000e+04 8.818275206570003188e-01
2.703900000000000000e+04 8.817222236669107760e-01
2.704500000000000000e+04 8.816306322229994219e-01
2.705100000000000000e+04 8.815125217844999028e-01
2.705700000000000000e+04 8.813872454763311826e-01
2.706300000000000000e+04 8.812951202697090203e-01
2.706900000000000000e+04 8.812059038894550778e-01
2.707500000000000000e+04 8.810978427658406886e-01
2.708100000000000000e+04 8.809696739134170729e-01
2.708700000000000000e+04 8.808581840193969725e-01
2.709300000000000000e+04 8.807690280240673131e-01
2.709900000000000000e+04 8.807272518009993112e-01
2.800500000000000000e+04 8.652306218536049975e-01
2.801100000000000000e+04 8.651496117969457167e-01
2.801700000000000000e+04 8.650324129038452492e-01
2.802300000000000000e+04 8.649241417031159340e-01
2.802900000000000000e+04 8.648744698792376617e-01
2.803500000000000000e+04 8.647989763754495574e-01
2.804100000000000000e+04 8.647124542320958618e-01
2.804700000000000000e+04 8.646283180886003006e-01
2.805300000000000000e+04 8.645046651472763077e-01
2.805900000000000000e+04 8.643685156429783412e-01
2.806500000000000000e+04 8.642778949847645942e-01
2.807100000000000000e+04 8.641841182177549818e-01
2.807700000000000000e+04 8.640719186679097774e-01
2.808300000000000000e+04 8.639749424516758314e-01
2.808900000000000000e+04 8.638988298088063900e-01
2.809500000000000000e+04 8.638074553074994721e-01
2.900100000000000000e+04 8.490335354693033798e-01
2.900700000000000000e+04 8.489493281158986271e-01
2.901300000000000000e+04 8.488518215875368034e-01
2.901900000000000000e+04 8.487617056846175068e-01
2.902500000000000000e+04 8.486879167530856360e-01
2.903100000000000000e+04 8.486084504071537138e-01
2.903700000000000000e+04 8.485437240674809090e-01
2.904300000000000000e+04 8.484492610976437366e-01
2.904900000000000000e+04 8.483078027574229019e-01
2.905500000000000000e+04 8.481897473979810309e-01
2.906100000000000000e+04 8.480928530740556859e-01
2.906700000000000000e+04 8.479765104702587930e-01
2.907300000000000000e+04 8.478378103908135177e-01
2.907900000000000000e+04 8.477388792444622290e-01
2.908500000000000000e+04 8.476551124698710193e-01
2.909100000000000000e+04 8.475458416815582208e-01
2.909700000000000000e+04 8.474873056517280290e-01
3.000300000000000000e+04 8.332079030824672827e-01
3.000900000000000000e+04 8.331308327838515826e-01
3.001500000000000000e+04 8.330206982985058906e-01
3.002100000000000000e+04 8.329441999508078176e-01
3.002700000000000000e+04 8.328525430886328795e-01
3.003300000000000000e+04 8.327331230728473033e-01
3.003900000000000000e+04 8.326579688056356954e-01
3.004500000000000000e+04 8.325752143262448168e-01
3.005100000000000000e+04 8.324944793550912436e-01
3.005700000000000000e+04 8.323998027134101863e-01
3.006300000000000000e+04 8.323025603158733521e-01
3.006900000000000000e+04 8.322045219192870658e-01
3.007500000000000000e+04 8.321074391078066013e-01
3.008100000000000000e+04 8.320043822969416247e-01
3.008700000000000000e+04 8.319192533992288974e-01
3.009300000000000000e+04 8.318162533115587287e-01
3.009900000000000000e+04 8.317173116155869295e-01
3.100500000000000000e+04 8.188650186654150565e-01
3.101100000000000000e+04 8.187568491403445226e-01
3.101700000000000000e+04 8.186949409289514534e-01
3.102300000000000000e+04 8.185916705014699701e-01
3.102900000000000000e+04 8.184719594777216667e-01
3.103500000000000000e+04 8.183808551215354665e-01
3.104100000000000000e+04 8.182779423712873701e-01
3.104700000000000000e+04 8.181858333586420340e-01
3.105300000000000000e+04 8.180836379463372054e-01
3.105900000000000000e+04 8.179806662083876079e-01
3.106500000000000000e+04 8.178743402992650902e-01
3.107100000000000000e+04 8.177816829156379086e-01
3.107700000000000000e+04 8.176776608056618434e-01
3.108300000000000000e+04 8.175974413233442206e-01
3.108900000000000000e+04 8.174993812470059407e-01
3.109500000000000000e+04 8.174045625986265939e-01
3.200100000000000000e+04 8.049689804743631605e-01
3.200700000000000000e+04 8.048612825085766920e-01
3.201300000000000000e+04 8.047698781809168311e-01
3.201900000000000000e+04 8.046877412784887440e-01
3.202500000000000000e+04 8.046000309373120274e-01
3.203100000000000000e+04 8.044986770723854264e-01
3.203700000000000000e+04 8.044248331201804270e-01
3.204300000000000000e+04 8.043759767247451453e-01
3.204900000000000000e+04 8.042864813980130645e-01
3.205500000000000000e+04 8.041861847226003945e-01
3.206100000000000000e+04 8.041253730515360854e-01
3.206700000000000000e+04 8.040538453196137691e-01
3.207300000000000000e+04 8.039776893411718639e-01
3.207900000000000000e+04 8.038760858209007543e-01
3.208500000000000000e+04 8.037909412833963430e-01
3.209100000000000000e+04 8.037016385348709768e-01
3.209700000000000000e+04 8.035931638831081969e-01
3.300300000000000000e+04 7.915068399693390155e-01
3.300900000000000000e+04 7.914404287521723536e-01
3.301500000000000000e+04 7.913666637154292971e-01
3.302100000000000000e+04 7.912970256248319512e-01
3.302700000000000000e+04 7.911907300127618559e-01
3.303300000000000000e+04 7.910848130190119010e-01
3.303900000000000000e+04 7.909980089988579710e-01
3.304500000000000000e+04 7.909355163179545567e-01
3.305100000000000000e+04 7.908668906015727806e-01
3.305700000000000000e+04 7.907566898403767253e-01
3.306300000000000000e+04 7.906999009968063152e-01
3.306900000000000000e+04 7.906116723693104031e-01
3.307500000000000000e+04 7.905154196042721848e-01
3.308100000000000000e+04 7.904475935148510546e-01
3.308700000000000000e+04 7.903640156164353225e-01
3.309300000000000000e+04 7.902800800607338028e-01
3.309900000000000000e+04 7.902241487633288042e-01
3.400500000000000000e+04 7.788169635800155088e-01
3.401100000000000000e+04 7.787241942658456040e-01
3.401700000000000000e+04 7.786553916665452935e-01
3.402300000000000000e+04 7.785842930731743383e-01
3.402900000000000000e+04 7.785064317839851533e-01
3.403500000000000000e+04 7.784349634852947286e-01
3.404100000000000000e+04 7.783584046801996781e-01
3.404700000000000000e+04 7.782953369747291905e-01
3.405300000000000000e+04 7.782179745644897118e-01
3.405900000000000000e+04 7.781503162800117446e-01
3.406500000000000000e+04 7.780741654537429719e-01
3.407100000000000000e+04 7.779808042727807127e-01
3.407700000000000000e+04 7.778991494752275360e-01
3.408300000000000000e+04 7.778162135715703807e-01
3.408900000000000000e+04 7.777543170120652105e-01
3.409500000000000000e+04 7.777032084183219673e-01
3.500100000000000000e+04 7.667030236810056243e-01
3.500700000000000000e+04 7.666278013009715231e-01
3.501300000000000000e+04 7.665793364582846880e-01
3.501900000000000000e+04 7.664979152666655526e-01
3.502500000000000000e+04 7.664178057225030649e-01
3.503100000000000000e+04 7.663433922070814752e-01
3.503700000000000000e+04 7.662644624077022959e-01
3.504300000000000000e+04 7.661813562705992453e-01
3.504900000000000000e+04 7.661062264524481913e-01
3.505500000000000000e+04 7.660439824822452559e-01
3.506100000000000000e+04 7.659624186461907458e-01
3.506700000000000000e+04 7.658929696679511734e-01
3.507300000000000000e+04 7.658142322344312358e-01
3.507900000000000000e+04 7.657192074242975544e-01
3.508500000000000000e+04 7.656357581576600513e-01
3.509100000000000000e+04 7.655672917528633104e-01
3.509700000000000000e+04 7.655262123556404452e-01
3.600300000000000000e+04 7.551039555964103034e-01
3.600900000000000000e+04 7.550271320125704344e-01
3.601500000000000000e+04 7.549289012305803181e-01
3.602100000000000000e+04 7.548586373330526955e-01
3.602700000000000000e+04 7.547822454464770958e-01
3.603300000000000000e+04 7.547254981541169361e-01
3.603900000000000000e+04 7.546542844393575589e-01
3.604500000000000000e+04 7.545846632865097492e-01
3.605100000000000000e+04 7.545183462761988480e-01
3.605700000000000000e+04 7.544672585690077593e-01
3.606300000000000000e+04 7.544086091055917098e-01
3.606900000000000000e+04 7.543458526836716027e-01
3.607500000000000000e+04 7.542851420813216912e-01
3.608100000000000000e+04 7.541793241768863787e-01
3.608700000000000000e+04 7.540988215952399987e-01
3.609300000000000000e+04 7.540355586456244374e-01
3.609900000000000000e+04 7.539650388753527110e-01
3.700500000000000000e+04 7.439997038370125271e-01
3.701100000000000000e+04 7.439456593420832320e-01
3.701700000000000000e+04 7.438992218805345891e-01
3.702300000000000000e+04 7.437965174580191130e-01
3.702900000000000000e+04 7.437249785023011261e-01
3.703500000000000000e+04 7.436742152321877963e-01
3.704100000000000000e+04 7.436051945092871929e-01
3.704700000000000000e+04 7.435298334257782749e-01
3.705300000000000000e+04 7.434758252885182994e-01
3.705900000000000000e+04 7.434249250055973146e-01
3.706500000000000000e+04 7.433740543425929603e-01
3.707100000000000000e+04 7.433450428163664858e-01
3.707700000000000000e+04 7.432774810273748978e-01
3.708300000000000000e+04 7.432250792135408624e-01
3.708900000000000000e+04 7.431774581443972849e-01
3.709500000000000000e+04 7.431059180984163071e-01
3.800100000000000000e+04 7.336837285521469187e-01
3.800700000000000000e+04 7.336084357593340988e-01
3.801300000000000000e+04 7.335418453487112522e-01
3.801900000000000000e+04 7.334778255772320676e-01
3.802500000000000000e+04 7.334306143015058010e-01
3.803100000000000000e+04 7.333886842730030775e-01
3.803700000000000000e+04 7.333408093535636052e-01
3.804300000000000000e+04 7.332654681774548600e-01
3.804900000000000000e+04 7.332126950718521607e-01
3.805500000000000000e+04 7.331630010960608068e-01
3.806100000000000000e+04 7.330831525818640726e-01
3.806700000000000000e+04 7.330253568066829040e-01
3.807300000000000000e+04 7.329724752257481546e-01
3.807900000000000000e+04 7.329252877030124624e-01
3.808500000000000000e+04 7.328652748652435545e-01
3.809100000000000000e+04 7.327868117442815077e-01
3.809700000000000000e+04 7.327112857189617134e-01
3.900300000000000000e+04 7.235553232034401816e-01
3.900900000000000000e+04 7.234779313635880671e-01
3.901500000000000000e+04 7.234150998011472655e-01
3.902100000000000000e+04 7.233318139713120765e-01
3.902700000000000000e+04 7.232729850195384058e-01
3.903300000000000000e+04 7.232327260652537948e-01
3.903900000000000000e+04 7.231571873471831502e-01
3.904500000000000000e+04 7.230998888261577218e-01
3.905100000000000000e+04 7.230472131214835674e-01
3.905700000000000000e+04 7.229845412804662974e-01
3.906300000000000000e+04 7.229181362679790723e-01
3.906900000000000000e+04 7.228768712946083141e-01
3.907500000000000000e+04 7.228199136250729184e-01
3.908100000000000000e+04 7.227401135588180647e-01
3.908700000000000000e+04 7.227000751564118808e-01
3.909300000000000000e+04 7.226419323681445572e-01
3.909900000000000000e+04 7.226207301840261721e-01
4.000500000000000000e+04 7.138080896788756569e-01
4.001100000000000000e+04 7.137670948559957651e-01
4.001700000000000000e+04 7.136895782662804333e-01
4.002300000000000000e+04 7.136463005074826782e-01
4.002900000000000000e+04 7.135904174052110083e-01
4.003500000000000000e+04 7.135378067012724257e-01
4.004100000000000000e+04 7.134764373832278572e-01
4.004700000000000000e+04 7.134046110172873600e-01
4.005300000000000000e+04 7.133465921649927433e-01
4.005900000000000000e+04 7.132844293695093096e-01
4.006500000000000000e+04 7.132193922244693951e-01
4.007100000000000000e+04 7.131573214239412817e-01
4.007700000000000000e+04 7.131297953279996937e-01
4.008300000000000000e+04 7.130549883841872383e-01
4.008900000000000000e+04 7.130246902257957320e-01
4.009500000000000000e+04 7.129635916688729091e-01
4.100100000000000000e+04 7.045330587183069593e-01
4.100700000000000000e+04 7.044599525511812121e-01
4.101300000000000000e+04 7.044222005029124878e-01
4.101900000000000000e+04 7.043718458858588827e-01
4.102500000000000000e+04 7.043252706838107891e-01
4.103100000000000000e+04 7.042620716249692325e-01
4.103700000000000000e+04 7.042076591144085240e-01
4.104300000000000000e+04 7.041419284523875444e-01
4.104900000000000000e+04 7.040986870064649406e-01
4.105500000000000000e+04 7.040405136298238942e-01
4.106100000000000000e+04 7.039983106820091319e-01
4.106700000000000000e+04 7.039604663693063147e-01
4.107300000000000000e+04 7.039292350839723156e-01
4.107900000000000000e+04 7.038591197534391775e-01
4.108500000000000000e+04 7.038182987176604399e-01
4.109100000000000000e+04 7.037890512988143055e-01
4.109700000000000000e+04 7.037358265879755104e-01
4.200300000000000000e+04 6.955672328287223483e-01
4.200900000000000000e+04 6.955041602818377022e-01
4.201500000000000000e+04 6.954391343533545822e-01
4.202100000000000000e+04 6.953839509667794072e-01
4.202700000000000000e+04 6.953300203011307801e-01
4.203300000000000000e+04 6.952841868945791592e-01
4.203900000000000000e+04 6.952509840336549285e-01
4.204500000000000000e+04 6.952023728898011345e-01
4.205100000000000000e+04 6.951608026052163991e-01
4.205700000000000000e+04 6.950818209652873669e-01
4.206300000000000000e+04 6.950262974056233833e-01
4.206900000000000000e+04 6.949666892091888037e-01
4.207500000000000000e+04 6.948836299892602320e-01
4.208100000000000000e+04 6.948469607442245843e-01
4.208700000000000000e+04 6.948166835884458381e-01
4.209300000000000000e+04 6.947822423767113786e-01
4.209900000000000000e+04 6.947114646618676170e-01
4.300500000000000000e+04 6.868456623963939967e-01
4.301100000000000000e+04 6.867958026996661136e-01
4.301700000000000000e+04 6.867478651896432584e-01
4.302300000000000000e+04 6.866922808818112234e-01
4.302900000000000000e+04 6.866418675160735896e-01
4.303500000000000000e+04 6.865936176286889792e-01
4.304100000000000000e+04 6.865342530712567060e-01
4.304700000000000000e+04 6.864707555141422723e-01
4.305300000000000000e+04 6.864270933080089954e-01
4.305900000000000000e+04 6.863787227686780623e-01
4.306500000000000000e+04 6.863152522805403555e-01
4.307100000000000000e+04 6.862579698594615252e-01
4.307700000000000000e+04 6.862079198177171158e-01
4.308300000000000000e+04 6.861415326306486984e-01
4.308900000000000000e+04 6.860865706776311246e-01
4.309500000000000000e+04 6.860219029314555961e-01
4.400100000000000000e+04 6.783861553712876580e-01
4.400700000000000000e+04 6.783309808511772676e-01
4.401300000000000000e+04 6.782768295211909493e-01
4.401900000000000000e+04 6.782298441463729954e-01
4.402500000000000000e+04 6.781934329467894651e-01
4.403100000000000000e+04 6.781192187907608693e-01
4.403700000000000000e+04 6.780598826085521003e-01
4.404300000000000000e+04 6.780125800705267824e-01
4.404900000000000000e+04 6.779881364294274571e-01
4.405500000000000000e+04 6.779558022223537428e-01
4.406100000000000000e+04 6.778874417086262483e-01
4.406700000000000000e+04 6.778365917507105376e-01
4.407300000000000000e+04 6.777832756041519691e-01
4.407900000000000000e+04 6.777219303455725985e-01
4.408500000000000000e+04 6.776636028998503924e-01
4.409100000000000000e+04 6.776147800314749059e-01
4.409700000000000000e+04 6.775608630422527145e-01
4.500300000000000000e+04 6.702797475799928684e-01
4.500900000000000000e+04 6.702347558947310269e-01
4.501500000000000000e+04 6.702076998784572970e-01
4.502100000000000000e+04 6.701253064067473897e-01
4.502700000000000000e+04 6.700862161975971176e-01
4.503300000000000000e+04 6.700433933170842904e-01
4.503900000000000000e+04 6.700002993766726034e-01
4.504500000000000000e+04 6.699441748258351259e-01
4.505100000000000000e+04 6.698910359490236610e-01
4.505700000000000000e+04 6.698478735979978005e-01
4.506300000000000000e+04 6.698028911319331424e-01
4.506900000000000000e+04 6.697308281825482545e-01
4.507500000000000000e+04 6.697020806768435586e-01
4.508100000000000000e+04 6.696714198704183385e-01
4.508700000000000000e+04 6.696205317112402522e-01
4.509300000000000000e+04 6.695986136770122332e-01
4.509900000000000000e+04 6.695611290346989986e-01
4.600500000000000000e+04 6.623113721896856099e-01
4.601100000000000000e+04 6.622692590327423634e-01
4.601700000000000000e+04 6.622156713521427651e-01
4.602300000000000000e+04 6.621727339320875316e-01
4.602900000000000000e+04 6.621465337478805724e-01
4.603500000000000000e+04 6.621026755277075182e-01
4.604100000000000000e+04 6.620569970262772941e-01
4.604700000000000000e+04 6.619863605364619819e-01
4.605300000000000000e+04 6.619495078503647711e-01
4.605900000000000000e+04 6.619213399510452955e-01
4.606500000000000000e+04 6.618941036842675985e-01
4.607100000000000000e+04 6.618295053237680525e-01
4.607700000000000000e+04 6.617915329897252619e-01
4.608300000000000000e+04 6.617255800946166833e-01
4.608900000000000000e+04 6.616839067770278193e-01
4.609500000000000000e+04 6.616469363969408324e-01
4.700100000000000000e+04 6.545157257517831839e-01
4.700700000000000000e+04 6.544733001414020368e-01
4.701300000000000000e+04 6.544521747732758854e-01
4.701900000000000000e+04 6.544005154203139663e-01
4.702500000000000000e+04 6.543401799246366668e-01
4.703100000000000000e+04 6.543063675875987473e-01
4.703700000000000000e+04 6.542729436865556414e-01
4.704300000000000000e+04 6.542193371538573832e-01
4.704900000000000000e+04 6.541535817577237566e-01
4.705500000000000000e+04 6.541286373237080731e-01
4.706100000000000000e+04 6.540914451548195396e-01
4.706700000000000000e+04 6.540710809237055834e-01
4.707300000000000000e+04 6.540224862057489874e-01
4.707900000000000000e+04 6.539634939932392754e-01
4.708500000000000000e+04 6.539310013399588506e-01
4.709100000000000000e+04 6.538719523435343461e-01
4.709700000000000000e+04 6.538275782408382586e-01
4.800300000000000000e+04 6.473229490187317747e-01
4.800900000000000000e+04 6.472656769780458230e-01
4.801500000000000000e+04 6.472277661195013909e-01
4.802100000000000000e+04 6.471866651700534101e-01
4.802700000000000000e+04 6.471335869097842863e-01
4.803300000000000000e+04 6.470904122056266861e-01
4.803900000000000000e+04 6.470085817286436169e-01
4.804500000000000000e+04 6.469323013073977613e-01
4.805100000000000000e+04 6.468861644887078377e-01
4.805700000000000000e+04 6.468507064122520633e-01
4.806300000000000000e+04 6.468046525684707504e-01
4.806900000000000000e+04 6.467691778929479662e-01
4.807500000000000000e+04 6.467264302954327526e-01
4.808100000000000000e+04 6.466971493694319006e-01
4.808700000000000000e+04 6.466628913743441842e-01
4.809300000000000000e+04 6.466175871699963995e-01
4.809900000000000000e+04 6.465790316747637156e-01
4.900500000000000000e+04 6.401438791605429390e-01
4.901100000000000000e+04 6.400987697968376633e-01
4.901700000000000000e+04 6.400446961345560570e-01
4.902300000000000000e+04 6.400032808426758812e-01
4.902900000000000000e+04 6.399685439838717071e-01
4.903500000000000000e+04 6.399234527215047486e-01
4.904100000000000000e+04 6.398784894582225657e-01
4.904700000000000000e+04 6.398318159762655943e-01
4.905300000000000000e+04 6.397931514668250275e-01
4.905900000000000000e+04 6.397395965235783688e-01
4.906500000000000000e+04 6.396920406677826243e-01
4.907100000000000000e+04 6.396591344685815805e-01
4.907700000000000000e+04 6.396129251240411095e-01
4.908300000000000000e+04 6.395723858009184637e-01
4.908900000000000000e+04 6.395448748704921638e-01
4.909500000000000000e+04 6.394992197570179560e-01
5.000100000000000000e+04 6.332347872742980499e-01
5.000700000000000000e+04 6.332029097696696418e-01
5.001300000000000000e+04 6.331707183332687672e-01
5.001900000000000000e+04 6.331233195231809052e-01
5.002500000000000000e+04 6.330697109591041372e-01
5.003100000000000000e+04 6.330167129874041398e-01
5.003700000000000000e+04 6.329799768836021912e-01
5.004300000000000000e+04 6.329597281506128548e-01
5.004900000000000000e+04 6.329146683838524634e-01
5.005500000000000000e+04 6.328789729124879582e-01
5.006100000000000000e+04 6.328583208387504877e-01
5.006700000000000000e+04 6.328080188855707000e-01
5.007300000000000000e+04 6.327502577555148555e-01
5.007900000000000000e+04 6.326991030814081984e-01
5.008500000000000000e+04 6.326623228699851387e-01
5.009100000000000000e+04 6.326345500706967995e-01
5.009700000000000000e+04 6.326118798171759261e-01
5.100300000000000000e+04 6.265838693432148609e-01
5.100900000000000000e+04 6.265329023614056858e-01
5.101500000000000000e+04 6.265035829884397778e-01
5.102100000000000000e+04 6.264659817516949891e-01
5.102700000000000000e+04 6.263964360313891699e-01
5.103300000000000000e+04 6.263594504697449494e-01
5.103900000000000000e+04 6.263165887512553986e-01
5.104500000000000000e+04 6.262770688430665533e-01
5.105100000000000000e+04 6.262245538259834099e-01
5.105700000000000000e+04 6.261752114217588039e-01
5.106300000000000000e+04 6.261439143389967432e-01
5.106900000000000000e+04 6.260949868674809959e-01
5.107500000000000000e+04 6.260538886446116447e-01
5.108100000000000000e+04 6.260293548598749869e-01
5.108700000000000000e+04 6.259957239445064214e-01
5.109300000000000000e+04 6.259477340817172220e-01
5.109900000000000000e+04 6.259018059504448672e-01
5.200500000000000000e+04 6.202222152777050468e-01
5.201100000000000000e+04 6.201708521857363099e-01
5.201700000000000000e+04 6.201316812243288235e-01
5.202300000000000000e+04 6.200898181085305882e-01
5.202900000000000000e+04 6.200573119949785994e-01
5.203500000000000000e+04 6.200364838899474762e-01
5.204100000000000000e+04 6.199908373641839221e-01
5.204700000000000000e+04 6.199479944334631565e-01
5.205300000000000000e+04 6.198816276817705750e-01
5.205900000000000000e+04 6.198348853569691785e-01
5.206500000000000000e+04 6.198106159165436280e-01
5.207100000000000000e+04 6.197914563316699876e-01
5.207700000000000000e+04 6.197519721931938896e-01
5.208300000000000000e+04 6.197019319756565947e-01
5.208900000000000000e+04 6.196647942199450254e-01
5.209500000000000000e+04 6.196369217370233384e-01
5.300100000000000000e+04 6.139597690063565150e-01
5.300700000000000000e+04 6.139139855826420966e-01
5.301300000000000000e+04 6.139001157273038523e-01
5.301900000000000000e+04 6.138426738734449328e-01
5.302500000000000000e+04 6.137987026841437155e-01
5.303100000000000000e+04 6.137802336977086215e-01
5.303700000000000000e+04 6.137230019530732772e-01
5.304300000000000000e+04 6.136887222981943779e-01
5.304900000000000000e+04 6.136543720834723992e-01
5.305500000000000000e+04 6.136107476557096652e-01
5.306100000000000000e+04 6.135704305137212877e-01
5.306700000000000000e+04 6.135285056563006822e-01
5.307300000000000000e+04 6.134936979293854620e-01
5.307900000000000000e+04 6.134566538237291589e-01
5.308500000000000000e+04 6.134285619330249739e-01
5.309100000000000000e+04 6.133973705744653060e-01
5.309700000000000000e+04 6.133327617758780326e-01
5.400300000000000000e+04 6.077926884322372159e-01
5.400900000000000000e+04 6.077587349885864576e-01
5.401500000000000000e+04 6.077201526867859194e-01
5.402100000000000000e+04 6.076773667294714798e-01
5.402700000000000000e+04 6.076544676189641336e-01
5.403300000000000000e+04 6.076039551514242909e-01
5.403900000000000000e+04 6.075670199924593229e-01
5.404500000000000000e+04 6.075257980686441517e-01
5.405100000000000000e+04 6.074870605591938810e-01
5.405700000000000000e+04 6.074666127413739236e-01
5.406300000000000000e+04 6.074574464107127536e-01
5.406900000000000000e+04 6.074188904699130420e-01
5.407500000000000000e+04 6.073771788772741598e-01
5.408100000000000000e+04 6.073307609469987822e-01
5.408700000000000000e+04 6.072937602962533710e-01
5.409300000000000000e+04 6.072555523027710622e-01
5.409900000000000000e+04 6.072083833064727543e-01
5.500500000000000000e+04 6.018365609234048730e-01
5.501100000000000000e+04 6.017983127735249127e-01
5.501700000000000000e+04 6.017549947918462427e-01
5.502300000000000000e+04 6.017174998569073674e-01
5.502900000000000000e+04 6.016831810191114460e-01
5.503500000000000000e+04 6.016611722776470383e-01
5.504100000000000000e+04 6.016244442499141254e-01
5.504700000000000000e+04 6.015994427935209554e-01
5.505300000000000000e+04 6.015582751843795428e-01
5.505900000000000000e+04 6.015122743757069790e-01
5.506500000000000000e+04 6.014731346355473018e-01
5.507100000000000000e+04 6.014173930369032250e-01
5.507700000000000000e+04 6.013920289922387585e-01
5.508300000000000000e+04 6.013585840863782117e-01
5.508900000000000000e+04 6.013243610719776200e-01
5.509500000000000000e+04 6.012937553298239868e-01
5.600100000000000000e+04 5.960006717581738389e-01
5.600700000000000000e+04 5.959590705344515182e-01
5.601300000000000000e+04 5.959407266876463050e-01
5.601900000000000000e+04 5.959187837067904114e-01
5.602500000000000000e+04 5.958968330307363725e-01
5.603100000000000000e+04 5.958569351596212371e-01
5.603700000000000000e+04 5.958123401497623650e-01
5.604300000000000000e+04 5.957837681780038253e-01
5.604900000000000000e+04 5.957569000443416751e-01
5.605500000000000000e+04 5.957266704552675041e-01
5.606100000000000000e+04 5.956724282901518785e-01
5.606700000000000000e+04 5.956496713168715207e-01
5.607300000000000000e+04 5.956174668151046347e-01
5.607900000000000000e+04 5.955960110368876403e-01
5.608500000000000000e+04 5.955678555849074352e-01
5.609100000000000000e+04 5.955257943633482931e-01
5.609700000000000000e+04 5.954821437098340997e-01
5.700300000000000000e+04 5.903373297634499917e-01
5.700900000000000000e+04 5.903050754734308070e-01
5.701500000000000000e+04 5.902866793184137206e-01
5.702100000000000000e+04 5.902561480602439570e-01
5.702700000000000000e+04 5.902201566092579732e-01
5.703300000000000000e+04 5.902059621691441160e-01
5.703900000000000000e+04 5.901703167017651186e-01
5.704500000000000000e+04 5.901346954341897266e-01
5.705100000000000000e+04 5.900961516913034721e-01
5.705700000000000000e+04 5.900644077405031718e-01
5.706300000000000000e+04 5.900463077431916670e-01
5.706900000000000000e+04 5.900083228117292133e-01
5.707500000000000000e+04 5.899772891253668439e-01
5.708100000000000000e+04 5.899527355905473947e-01
5.708700000000000000e+04 5.899259071324338688e-01
5.709300000000000000e+04 5.899015073597222436e-01
5.709900000000000000e+04 5.898536447886238987e-01
5.800500000000000000e+04 5.846742704961209736e-01
5.801100000000000000e+04 5.846401725061598498e-01
5.801700000000000000e+04 5.846019507358990452e-01
5.802300000000000000e+04 5.845723282389835296e-01
5.802900000000000000e+04 5.845420705241964887e-01
5.803500000000000000e+04 5.844979696735420616e-01
5.804100000000000000e+04 5.844627051179471788e-01
5.804700000000000000e+04 5.844152372015257724e-01
5.805300000000000000e+04 5.843788267881555587e-01
5.805900000000000000e+04 5.843504459792357997e-01
5.806500000000000000e+04 5.843129764828729478e-01
5.807100000000000000e+04 5.842696633858013300e-01
5.807700000000000000e+04 5.842250650100049292e-01
5.808300000000000000e+04 5.841896835132642796e-01
5.808900000000000000e+04 5.841495314733612387e-01
5.809500000000000000e+04 5.841180560197424265e-01
5.900100000000000000e+04 5.792116938478513166e-01
5.900700000000000000e+04 5.791763337347158869e-01
5.901300000000000000e+04 5.791385670026906185e-01
5.901900000000000000e+04 5.791195462363638580e-01
5.902500000000000000e+04 5.790965397095700906e-01
5.903100000000000000e+04 5.790545137336986503e-01
5.903700000000000000e+04 5.790152130084439408e-01
5.904300000000000000e+04 5.789736119584771856e-01
5.904900000000000000e+04 5.789329884903031687e-01
5.905500000000000000e+04 5.789165891526480978e-01
5.906100000000000000e+04 5.788995882114380542e-01
5.906700000000000000e+04 5.788544327626855557e-01
5.907300000000000000e+04 5.788158571697017418e-01
5.907900000000000000e+04 5.787796976253808401e-01
5.908500000000000000e+04 5.787482409519336679e-01
5.909100000000000000e+04 5.787114674055479080e-01
5.909700000000000000e+04 5.786723655904995045e-01
6.000300000000000000e+04 5.740016852802818370e-01
6.000900000000000000e+04 5.739623329343137570e-01
6.001500000000000000e+04 5.739212728367321104e-01
6.002100000000000000e+04 5.738921406969641481e-01
6.002700000000000000e+04 5.738603633659828951e-01
6.003300000000000000e+04 5.738323708215146146e-01
6.003900000000000000e+04 5.737933122968260635e-01
6.004500000000000000e+04 5.737603737642775759e-01
6.005100000000000000e+04 5.737200793733586712e-01
6.005700000000000000e+04 5.736901778725760348e-01
6.006300000000000000e+04 5.736591208658829988e-01
6.006900000000000000e+04 5.736246533144383486e-01
6.007500000000000000e+04 5.735901011846641362e-01
6.008100000000000000e+04 5.735493230429213884e-01
6.008700000000000000e+04 5.735255431319805641e-01
6.009300000000000000e+04 5.734820329784127146e-01
6.009900000000000000e+04 5.734463963575050505e-01
6.100500000000000000e+04 5.686983071870579387e-01
6.101100000000000000e+04 5.686727119732146729e-01
6.101700000000000000e+04 5.686358169859836442e-01
6.102300000000000000e+04 5.686060725778210312e-01
6.102900000000000000e+04 5.685827040983374436e-01
6.103500000000000000e+04 5.685473552312547696e-01
6.104100000000000000e+04 5.685109044512480780e-01
6.104700000000000000e+04 5.684709069317588348e-01
6.105300000000000000e+04 5.684283708285915448e-01
6.105900000000000000e+04 5.684042195329164215e-01
6.106500000000000000e+04 5.683685215533166302e-01
6.107100000000000000e+04 5.683518881464506567e-01
6.107700000000000000e+04 5.683136261921833965e-01
6.108300000000000000e+04 5.682798082045292798e-01
6.108900000000000000e+04 5.682655045242317460e-01
6.109500000000000000e+04 5.682403745699126096e-01
6.200100000000000000e+04 5.636885913462510445e-01
6.200700000000000000e+04 5.636551393006726807e-01
6.201300000000000000e+04 5.636275123814135091e-01
6.201900000000000000e+04 5.636038830810096156e-01
6.202500000000000000e+04 5.635684806797602864e-01
6.203100000000000000e+04 5.635428383629403903e-01
6.203700000000000000e+04 5.635045285994758624e-01
6.204300000000000000e+04 5.634763174517376516e-01
6.204900000000000000e+04 5.634524218521630434e-01
6.205500000000000000e+04 5.634277963994487326e-01
6.206100000000000000e+04 5.634015090664581393e-01
6.206700000000000000e+04 5.633848406783852347e-01
6.207300000000000000e+04 5.633650826991193350e-01
6.207900000000000000e+04 5.633429731964036957e-01
6.208500000000000000e+04 5.633240276514001055e-01
6.209100000000000000e+04 5.632881234440769713e-01
6.209700000000000000e+04 5.632567575558056205e-01
6.300300000000000000e+04 5.588345337248104006e-01
6.300900000000000000e+04 5.588155597032411492e-01
6.301500000000000000e+04 5.587997232831224403e-01
6.302100000000000000e+04 5.587771158129363203e-01
6.302700000000000000e+04 5.587537610190970172e-01
6.303300000000000000e+04 5.587069089714247205e-01
6.303900000000000000e+04 5.586784486686888762e-01
6.304500000000000000e+04 5.586476082961555623e-01
6.305100000000000000e+04 5.586206355277978375e-01
6.305700000000000000e+04 5.585873681570072691e-01
6.306300000000000000e+04 5.585526807123126769e-01
6.306900000000000000e+04 5.585169459735361830e-01
6.307500000000000000e+04 5.585026912577563118e-01
6.308100000000000000e+04 5.584873385365605181e-01
6.308700000000000000e+04 5.584635812704912272e-01
6.309300000000000000e+04 5.584186124491608005e-01
6.309900000000000000e+04 5.583923268146562258e-01
6.400500000000000000e+04 5.539225555396036782e-01
6.401100000000000000e+04 5.538781885377694891e-01
6.401700000000000000e+04 5.538494941171734354e-01
6.402300000000000000e+04 5.538191817169473286e-01
6.402900000000000000e+04 5.537938191889490991e-01
6.403500000000000000e+04 5.537635826543220174e-01
6.404100000000000000e+04 5.537468338651457822e-01
6.404700000000000000e+04 5.537300195654679680e-01
6.405300000000000000e+04 5.537166109393021340e-01
6.405900000000000000e+04 5.536975449988205122e-01
6.406500000000000000e+04 5.536577185236953857e-01
6.407100000000000000e+04 5.536271023879555386e-01
6.407700000000000000e+04 5.535951253995782251e-01
6.408300000000000000e+04 5.535772263504452617e-01
6.408900000000000000e+04 5.535347546606386171e-01
6.409500000000000000e+04 5.534964110236864077e-01
6.500100000000000000e+04 5.492269559523975664e-01
6.500700000000000000e+04 5.492036717267960722e-01
6.501300000000000000e+04 5.491849627913483189e-01
6.501900000000000000e+04 5.491698508359663666e-01
6.502500000000000000e+04 5.491361120201176949e-01
6.503100000000000000e+04 5.491083096614666204e-01
6.503700000000000000e+04 5.490899688277601776e-01
6.504300000000000000e+04 5.490536148452698217e-01
6.504900000000000000e+04 5.490265352437475599e-01
6.505500000000000000e+04 5.490116730175569337e-01
6.506100000000000000e+04 5.489750031256515062e-01
6.506700000000000000e+04 5.489310631006659724e-01
6.507300000000000000e+04 5.488960505374844701e-01
6.507900000000000000e+04 5.488683149488287061e-01
6.508500000000000000e+04 5.488509742116982615e-01
6.509100000000000000e+04 5.488358236649963917e-01
6.509700000000000000e+04 5.488132855596139503e-01
6.600300000000000000e+04 5.444417637473222271e-01
6.600900000000000000e+04 5.444136554575285114e-01
6.601500000000000000e+04 5.443826519527306118e-01
6.602100000000000000e+04 5.443613206537450955e-01
6.602700000000000000e+04 5.443445751307539604e-01
6.603300000000000000e+04 5.443252638925690778e-01
6.603900000000000000e+04 5.442885197056837043e-01
6.604500000000000000e+04 5.442707838612677040e-01
6.605100000000000000e+04 5.442377333439003539e-01
6.605700000000000000e+04 5.442195896125461285e-01
6.606300000000000000e+04 5.441933563652420203e-01
6.606900000000000000e+04 5.441769193399799143e-01
6.607500000000000000e+04 5.441540836555022187e-01
6.608100000000000000e+04 5.441205625986490491e-01
6.608700000000000000e+04 5.441036745111198503e-01
6.609300000000000000e+04 5.440844628367716984e-01
6.609900000000000000e+04 5.440634899563088211e-01
6.700500000000000000e+04 5.401185259884629941e-01
6.701100000000000000e+04 5.400850333086300026e-01
6.701700000000000000e+04 5.400573224902032177e-01
6.702300000000000000e+04 5.400364985643437699e-01
6.702900000000000000e+04 5.400106618964085614e-01
6.703500000000000000e+04 5.399825111034778358e-01
6.704100000000000000e+04 5.399589227771788291e-01
6.704700000000000000e+04 5.399229342271061327e-01
6.705300000000000000e+04 5.398848814969339216e-01
6.705900000000000000e+04 5.398673507326005039e-01
6.706500000000000000e+04 5.398433597085761093e-01
6.707100000000000000e+04 5.398250504081291146e-01
6.707700000000000000e+04 5.398072188077729372e-01
6.708300000000000000e+04 5.397762923827444936e-01
6.708900000000000000e+04 5.397465875410742964e-01
6.709500000000000000e+04 5.397328597778409121e-01
6.800100000000000000e+04 5.358384604447508082e-01
6.800700000000000000e+04 5.357918709034736882e-01
6.801300000000000000e+04 5.357610591216512841e-01
6.801900000000000000e+04 5.357384032793932604e-01
6.802500000000000000e+04 5.357175481582209242e-01
6.803100000000000000e+04 5.356932276508926671e-01
6.803700000000000000e+04 5.356756489852112502e-01
6.804300000000000000e+04 5.356594629916756611e-01
6.804900000000000000e+04 5.356378289565590922e-01
6.805500000000000000e+04 5.356093914264008493e-01
6.806100000000000000e+04 5.355829142187925607e-01
6.806700000000000000e+04 5.355430441199839908e-01
6.807300000000000000e+04 5.355226835000067576e-01
6.807900000000000000e+04 5.354942537784299628e-01
6.808500000000000000e+04 5.354745211943841010e-01
6.809100000000000000e+04 5.354278795620300846e-01
6.809700000000000000e+04 5.354093961172755600e-01
6.900300000000000000e+04 5.317921868791107842e-01
6.900900000000000000e+04 5.317674028945582609e-01
6.901500000000000000e+04 5.317398316970340932e-01
6.902100000000000000e+04 5.317255111885823560e-01
6.902700000000000000e+04 5.316860900181079597e-01
6.903300000000000000e+04 5.316582457262597483e-01
6.903900000000000000e+04 5.316436224016916068e-01
6.904500000000000000e+04 5.316355045395788625e-01
6.905100000000000000e+04 5.315958379416945156e-01
6.905700000000000000e+04 5.315711011313160039e-01
6.906300000000000000e+04 5.315388924207558041e-01
6.906900000000000000e+04 5.315008302863142298e-01
6.907500000000000000e+04 5.314762513305759661e-01
6.908100000000000000e+04 5.314604247688573535e-01
6.908700000000000000e+04 5.314355777676135206e-01
6.909300000000000000e+04 5.314069546256148246e-01
6.909900000000000000e+04 5.313765078217798088e-01
7.000500000000000000e+04 5.276622247917084341e-01
7.001100000000000000e+04 5.276341001720203927e-01
7.001700000000000000e+04 5.276240722093679114e-01
7.002300000000000000e+04 5.276103623544098342e-01
7.002900000000000000e+04 5.275924130414798574e-01
7.003500000000000000e+04 5.275619644425129096e-01
7.004100000000000000e+04 5.275416169986223425e-01
7.004700000000000000e+04 5.275116795944397863e-01
7.005300000000000000e+04 5.274837339441460493e-01
7.005900000000000000e+04 5.274547467271399892e-01
7.006500000000000000e+04 5.274185006486673544e-01
7.007100000000000000e+04 5.273910815730293855e-01
7.007700000000000000e+04 5.273717507130750715e-01
7.008300000000000000e+04 5.273559905245609469e-01
7.008900000000000000e+04 5.273441162320076092e-01
7.009500000000000000e+04 5.273141265825733726e-01
7.100100000000000000e+04 5.236227733101567194e-01
7.100700000000000000e+04 5.236045534647361110e-01
7.101300000000000000e+04 5.235788251433336482e-01
7.101900000000000000e+04 5.235603467565115299e-01
7.102500000000000000e+04 5.235438267559709979e-01
7.103100000000000000e+04 5.235367219160536045e-01
7.103700000000000000e+04 5.235143997917764969e-01
7.104300000000000000e+04 5.234926712307780283e-01
7.104900000000000000e+04 5.234679980032910240e-01
7.105500000000000000e+04 5.234374307360735168e-01
7.106100000000000000e+04 5.234042118971126145e-01
7.106700000000000000e+04 5.233753220612276102e-01
7.107300000000000000e+04 5.233436566841294102e-01
7.107900000000000000e+04 5.233238255404637496e-01
7.108500000000000000e+04 5.233098443315183923e-01
7.109100000000000000e+04 5.232862208854845987e-01
7.109700000000000000e+04 5.232585556451762043e-01
7.200300000000000000e+04 5.196854402368920045e-01
7.200900000000000000e+04 5.196617472072647681e-01
7.201500000000000000e+04 5.196179377115343057e-01
7.202100000000000000e+04 5.195910220368658017e-01
7.202700000000000000e+04 5.195775728171688757e-01
7.203300000000000000e+04 5.195578193588434868e-01
7.203900000000000000e+04 5.195319339175219486e-01
7.204500000000000000e+04 5.194994088108002561e-01
7.205100000000000000e+04 5.194751401604182917e-01
7.205700000000000000e+04 5.194554051916063786e-01
7.206300000000000000e+04 5.194382955012588621e-01
7.206900000000000000e+04 5.194233798654765977e-01
7.207500000000000000e+04 5.194006432605964285e-01
7.208100000000000000e+04 5.193710668805189279e-01
7.208700000000000000e+04 5.193457574001061339e-01
7.209300000000000000e+04 5.193266270157242959e-01
7.209900000000000000e+04 5.192834765123617302e-01
7.300500000000000000e+04 5.156327043782635844e-01
7.301100000000000000e+04 5.156044979509335491e-01
7.301700000000000000e+04 5.155714746968316220e-01
7.302300000000000000e+04 5.155510437039163563e-01
7.302900000000000000e+04 5.155243076482407538e-01
7.303500000000000000e+04 5.154982881522197635e-01
7.304100000000000000e+04 5.154870376319502512e-01
7.304700000000000000e+04 5.154787016339450467e-01
7.305300000000000000e+04 5.154568930063153642e-01
7.305900000000000000e+04 5.154428367894424712e-01
7.306500000000000000e+04 5.154160170414608944e-01
7.307100000000000000e+04 5.153940287566673994e-01
7.307700000000000000e+04 5.153787181854843080e-01
7.308300000000000000e+04 5.153712097196515574e-01
7.308900000000000000e+04 5.153572067526051015e-01
7.309500000000000000e+04 5.153271943929462751e-01
7.400100000000000000e+04 5.118160357430681096e-01
7.400700000000000000e+04 5.117952823763451953e-01
7.401300000000000000e+04 5.117700615849343215e-01
7.401900000000000000e+04 5.117388569201409831e-01
7.402500000000000000e+04 5.117141931863236071e-01
7.403100000000000000e+04 5.116931918848910410e-01
7.403700000000000000e+04 5.116666469011166285e-01
7.404300000000000000e+04 5.116480803910189445e-01
7.404900000000000000e+04 5.116300914387046372e-01
7.405500000000000000e+04 5.116161272293628937e-01
7.406100000000000000e+04 5.116058074706414383e-01
7.406700000000000000e+04 5.115906927170255081e-01
7.407300000000000000e+04 5.115517597025973640e-01
7.407900000000000000e+04 5.115179727966373546e-01
7.408500000000000000e+04 5.114989342161208041e-01
7.409100000000000000e+04 5.114801472574290742e-01
7.409700000000000000e+04 5.114476859523895413e-01
7.500300000000000000e+04 5.080891664358752058e-01
7.500900000000000000e+04 5.080637815978160665e-01
7.501500000000000000e+04 5.080430152272970012e-01
7.502100000000000000e+04 5.080225364934543020e-01
7.502700000000000000e+04 5.079937532865523853e-01
7.503300000000000000e+04 5.079774402751981999e-01
7.503900000000000000e+04 5.079529299254007535e-01
7.504500000000000000e+04 5.079259109190711330e-01
7.505100000000000000e+04 5.078993787362129364e-01
7.505700000000000000e+04 5.078843150003500284e-01
7.506300000000000000e+04 5.078543882739210424e-01
7.506900000000000000e+04 5.078290877508655488e-01
7.507500000000000000e+04 5.078161777076768413e-01
7.508100000000000000e+04 5.077938863070106112e-01
7.508700000000000000e+04 5.077752655014808880e-01
7.509300000000000000e+04 5.077447677011495131e-01
7.509900000000000000e+04 5.077133359415377800e-01
7.600500000000000000e+04 5.044442418255405958e-01
7.601100000000000000e+04 5.044241164134050104e-01
7.601700000000000000e+04 5.044116369483914175e-01
7.602300000000000000e+04 5.043871862623798830e-01
7.602900000000000000e+04 5.043693533402222595e-01
7.603500000000000000e+04 5.043582147280547545e-01
7.604100000000000000e+04 5.043150789888006802e-01
7.604700000000000000e+04 5.042921222074735477e-01
7.605300000000000000e+04 5.042691491334528875e-01
7.605900000000000000e+04 5.042536682031905082e-01
7.606500000000000000e+04 5.042216314339419414e-01
7.607100000000000000e+04 5.041946724361063836e-01
7.607700000000000000e+04 5.041776541474628504e-01
7.608300000000000000e+04 5.041475471898186900e-01
7.608900000000000000e+04 5.041250899374787320e-01
7.609500000000000000e+04 5.040904765914717700e-01
7.700100000000000000e+04 5.007738651237412242e-01
7.700700000000000000e+04 5.007608827340901403e-01
7.701300000000000000e+04 5.007321203954666622e-01
7.701900000000000000e+04 5.007059743194407497e-01
7.702500000000000000e+04 5.006760668344207854e-01
7.703100000000000000e+04 5.006573583857645282e-01
7.703700000000000000e+04 5.006308944424857632e-01
7.704300000000000000e+04 5.006040944811700477e-01
7.704900000000000000e+04 5.005765356828043577e-01
7.705500000000000000e+04 5.005590372873407468e-01
7.706100000000000000e+04 5.005384031660181643e-01
7.706700000000000000e+04 5.005227158878551297e-01
7.707300000000000000e+04 5.005014930360427439e-01
7.707900000000000000e+04 5.004728935787522426e-01
7.708500000000000000e+04 5.004416281651342668e-01
7.709100000000000000e+04 5.004185320537215542e-01
7.709700000000000000e+04 5.004144398449986708e-01
7.800300000000000000e+04 4.971026935840875405e-01
7.800900000000000000e+04 4.970767946580836316e-01
7.801500000000000000e+04 4.970546874876116128e-01
7.802100000000000000e+04 4.970357578334347881e-01
7.802700000000000000e+04 4.970071351480199184e-01
7.803300000000000000e+04 4.969910620955779179e-01
7.803900000000000000e+04 4.969754514489254094e-01
7.804500000000000000e+04 4.969497689781057215e-01
7.805100000000000000e+04 4.969209523903084236e-01
7.805700000000000000e+04 4.968882886731993409e-01
7.806300000000000000e+04 4.968770352505862409e-01
7.806900000000000000e+04 4.968571768332546434e-01
7.807500000000000000e+04 4.968222861895533748e-01
7.808100000000000000e+04 4.967895687500351043e-01
7.808700000000000000e+04 4.967577105653434577e-01
7.809300000000000000e+04 4.967384168113242460e-01
7.809900000000000000e+04 4.967211805231567801e-01
7.900500000000000000e+04 4.935057745863485890e-01
7.901100000000000000e+04 4.934874091715707456e-01
7.901700000000000000e+04 4.934785620566092268e-01
7.902300000000000000e+04 4.934504429827567540e-01
7.902900000000000000e+04 4.934311916663141062e-01
7.903500000000000000e+04 4.934161034194974871e-01
7.904100000000000000e+04 4.934005615286714552e-01
7.904700000000000000e+04 4.933741254615735539e-01
7.905300000000000000e+04 4.933603026925717505e-01
7.905900000000000000e+04 4.933359870707347827e-01
7.906500000000000000e+04 4.933212968692736733e-01
7.907100000000000000e+04 4.932898501264131319e-01
7.907700000000000000e+04 4.932756299513562648e-01
7.908300000000000000e+04 4.932545233240867022e-01
7.908900000000000000e+04 4.932280359641183498e-01
7.909500000000000000e+04 4.932022568569448540e-01
8.000100000000000000e+04 4.900059633780968760e-01
8.000700000000000000e+04 4.899801314338628755e-01
8.001300000000000000e+04 4.899628238649864076e-01
8.001900000000000000e+04 4.899476898075620923e-01
8.002500000000000000e+04 4.899235529033364456e-01
8.003100000000000000e+04 4.898988425558292170e-01
8.003700000000000000e+04 4.898787215587994681e-01
8.004300000000000000e+04 4.898629852909861526e-01
8.004900000000000000e+04 4.898491107596029681e-01
8.005500000000000000e+04 4.898307738823354240e-01
8.006100000000000000e+04 4.898224504466178741e-01
8.006700000000000000e+04 4.898003475882396485e-01
8.007300000000000000e+04 4.897857877549549044e-01
8.007900000000000000e+04 4.897575264024341957e-01
8.008500000000000000e+04 4.897372209208898930e-01
8.009100000000000000e+04 4.897203977681057196e-01
8.009700000000000000e+04 4.897010530006370987e-01
8.100300000000000000e+04 4.866389201690202171e-01
8.100900000000000000e+04 4.866133486670142227e-01
8.101500000000000000e+04 4.865931258765097134e-01
8.102100000000000000e+04 4.865744308232815007e-01
8.102700000000000000e+04 4.865553790869956430e-01
8.103300000000000000e+04 4.865447057252789698e-01
8.103900000000000000e+04 4.865289195379816078e-01
8.104500000000000000e+04 4.865064035320253999e-01
8.105100000000000000e+04 4.864867622149369186e-01
8.105700000000000000e+04 4.864667692584849767e-01
8.106300000000000000e+04 4.864452891851450134e-01
8.106900000000000000e+04 4.864377505303720262e-01
8.107500000000000000e+04 4.864338849267591525e-01
8.108100000000000000e+04 4.864145239901966900e-01
8.108700000000000000e+04 4.863912591029668775e-01
8.109300000000000000e+04 4.863807429937053173e-01
8.109900000000000000e+04 4.863725945953001339e-01
8.200500000000000000e+04 4.833427751166160524e-01
8.201100000000000000e+04 4.833153377751605584e-01
8.201700000000000000e+04 4.832915030143148383e-01
8.202300000000000000e+04 4.832774137048010954e-01
8.202900000000000000e+04 4.832515191799527932e-01
8.203500000000000000e+04 4.832287470886545977e-01
8.204100000000000000e+04 4.832128217552687510e-01
8.204700000000000000e+04 4.831905149753469297e-01
8.205300000000000000e+04 4.831770568218272666e-01
8.205900000000000000e+04 4.831566594826488537e-01
8.206500000000000000e+04 4.831339227697744043e-01
8.207100000000000000e+04 4.831142310235714277e-01
8.207700000000000000e+04 4.830983959445293019e-01
8.208300000000000000e+04 4.830727898441755097e-01
8.208900000000000000e+04 4.830548245077159741e-01
8.209500000000000000e+04 4.830307816681384536e-01
8.300100000000000000e+04 4.801770069412999442e-01
8.300700000000000000e+04 4.801528963525358851e-01
8.301300000000000000e+04 4.801366991663596484e-01
8.301900000000000000e+04 4.801189522349225691e-01
8.302500000000000000e+04 4.800972571962105473e-01
8.303100000000000000e+04 4.800722192621529882e-01
8.303700000000000000e+04 4.800591196088824231e-01
8.304300000000000000e+04 4.800394565071628428e-01
8.304900000000000000e+04 4.800131163790267719e-01
8.305500000000000000e+04 4.799986917946811316e-01
8.306100000000000000e+04 4.799791327726120604e-01
8.306700000000000000e+04 4.799652748016826620e-01
8.307300000000000000e+04 4.799363238515932384e-01
8.307900000000000000e+04 4.799032811156040412e-01
8.308500000000000000e+04 4.798788229863495403e-01
8.309100000000000000e+04 4.798525104390607421e-01
8.309700000000000000e+04 4.798425877110397142e-01
8.400300000000000000e+04 4.768761998222132426e-01
8.400900000000000000e+04 4.768495694784716799e-01
8.401500000000000000e+04 4.768366640025194503e-01
8.402100000000000000e+04 4.768076468140550750e-01
8.402700000000000000e+04 4.767822679834716748e-01
8.403300000000000000e+04 4.767692098330709172e-01
8.403900000000000000e+04 4.767540044288715029e-01
8.404500000000000000e+04 4.767460129076591668e-01
8.405100000000000000e+04 4.767477004775160787e-01
8.405700000000000000e+04 4.767288824045863294e-01
8.406300000000000000e+04 4.767190131599675640e-01
8.406900000000000000e+04 4.766993603339269026e-01
8.407500000000000000e+04 4.766788103174273150e-01
8.408100000000000000e+04 4.766555760277464970e-01
8.408700000000000000e+04 4.766306822126897824e-01
8.409300000000000000e+04 4.766073723888649138e-01
8.409900000000000000e+04 4.765933983892948200e-01
8.500500000000000000e+04 4.737891405179518456e-01
8.501100000000000000e+04 4.737682322430859516e-01
8.501700000000000000e+04 4.737553286420395082e-01
8.502300000000000000e+04 4.737257142826605261e-01
8.502900000000000000e+04 4.736965249300127412e-01
8.503500000000000000e+04 4.736789917595026767e-01
8.504100000000000000e+04 4.736711208473117773e-01
8.504700000000000000e+04 4.736622812588395792e-01
8.505300000000000000e+04 4.736358085983135013e-01
8.505900000000000000e+04 4.736098456009565916e-01
8.506500000000000000e+04 4.736034685000711786e-01
8.507100000000000000e+04 4.735878338460569603e-01
8.507700000000000000e+04 4.735794387549930318e-01
8.508300000000000000e+04 4.735628963058634566e-01
8.508900000000000000e+04 4.735447903916114587e-01
8.509500000000000000e+04 4.735307242689071328e-01
8.600100000000000000e+04 4.707942991552578338e-01
8.600700000000000000e+04 4.707693011399639582e-01
8.601300000000000000e+04 4.707499373922769959e-01
8.601900000000000000e+04 4.707324331081058633e-01
8.602500000000000000e+04 4.707135390980515810e-01
8.603100000000000000e+04 4.706922916624343145e-01
8.603700000000000000e+04 4.706716911218354338e-01
8.604300000000000000e+04 4.706378622193868599e-01
8.604900000000000000e+04 4.706165938960761297e-01
8.605500000000000000e+04 4.705985740169630338e-01
8.606100000000000000e+04 4.705802636808302242e-01
8.606700000000000000e+04 4.705646724018329730e-01
8.607300000000000000e+04 4.705458681422152734e-01
8.607900000000000000e+04 4.705253979036473355e-01
8.608500000000000000e+04 4.705091236000447652e-01
8.609100000000000000e+04 4.704942240440389556e-01
8.609700000000000000e+04 4.704864516439322131e-01
8.700300000000000000e+04 4.678682965616409728e-01
8.700900000000000000e+04 4.678412315507874397e-01
8.701500000000000000e+04 4.678180702218556752e-01
8.702100000000000000e+04 4.677991275082446498e-01
8.702700000000000000e+04 4.677813940396432502e-01
8.703300000000000000e+04 4.677576594216724670e-01
8.703900000000000000e+04 4.677321638183882246e-01
8.704500000000000000e+04 4.677157487923920831e-01
8.705100000000000000e+04 4.676923631858453945e-01
8.705700000000000000e+04 4.676734979410456239e-01
8.706300000000000000e+04 4.676492054256137232e-01
8.706900000000000000e+04 4.676340765547777889e-01
8.707500000000000000e+04 4.676034144949878790e-01
8.708100000000000000e+04 4.675751890151284007e-01
8.708700000000000000e+04 4.675641011610526254e-01
8.709300000000000000e+04 4.675389610322350231e-01
8.709900000000000000e+04 4.675166486734075866e-01
8.800500000000000000e+04 4.648587123357742490e-01
8.801100000000000000e+04 4.648446725601161900e-01
8.801700000000000000e+04 4.648214494994666879e-01
8.802300000000000000e+04 4.648027126200190984e-01
8.802900000000000000e+04 4.647783457049969869e-01
8.803500000000000000e+04 4.647623414616055548e-01
8.804100000000000000e+04 4.647427914861806397e-01
8.804700000000000000e+04 4.647095316343891058e-01
8.805300000000000000e+04 4.646882855882213947e-01
8.805900000000000000e+04 4.646725345401774288e-01
8.806500000000000000e+04 4.646503867120489462e-01
8.807100000000000000e+04 4.646349075641594828e-01
8.807700000000000000e+04 4.646121281113305690e-01
8.808300000000000000e+04 4.645960314062303476e-01
8.808900000000000000e+04 4.645689277012668983e-01
8.809500000000000000e+04 4.645450735085223104e-01
8.900100000000000000e+04 4.619035954027799207e-01
8.900700000000000000e+04 4.618724199723437951e-01
8.901300000000000000e+04 4.618549723708337273e-01
8.901900000000000000e+04 4.618383640653122013e-01
8.902500000000000000e+04 4.618183198963905500e-01
8.903100000000000000e+04 4.617944871736392454e-01
8.903700000000000000e+04 4.617801796468971043e-01
8.904300000000000000e+04 4.617607391639999559e-01
8.904900000000000000e+04 4.617574725829743376e-01
8.905500000000000000e+04 4.617409101272462735e-01
8.906100000000000000e+04 4.617179685080735618e-01
8.906700000000000000e+04 4.616918836552439953e-01
8.907300000000000000e+04 4.616745168780413966e-01
8.907900000000000000e+04 4.616648694451627177e-01
8.908500000000000000e+04 4.616450996100271986e-01
8.909100000000000000e+04 4.616256016873506729e-01
8.909700000000000000e+04 4.616164040872035024e-01
9.000300000000000000e+04 4.591082957021595523e-01
9.000900000000000000e+04 4.590857209327605659e-01
9.001500000000000000e+04 4.590664019525640960e-01
9.002100000000000000e+04 4.590443314952541987e-01
9.002700000000000000e+04 4.590296774229796761e-01
9.003300000000000000e+04 4.590104068328390019e-01
9.003900000000000000e+04 4.589816248675820942e-01
9.004500000000000000e+04 4.589698053948052525e-01
9.005100000000000000e+04 4.589596180139832171e-01
9.005700000000000000e+04 4.589482100720593261e-01
9.006300000000000000e+04 4.589314039585893346e-01
9.006900000000000000e+04 4.589152150296753607e-01
9.007500000000000000e+04 4.589066785182686070e-01
9.008100000000000000e+04 4.588812186409715888e-01
9.008700000000000000e+04 4.588737065415965932e-01
9.009300000000000000e+04 4.588571674494518193e-01
9.009900000000000000e+04 4.588343657027527112e-01
9.100500000000000000e+04 4.562312455081564133e-01
9.101100000000000000e+04 4.562092655569016664e-01
9.101700000000000000e+04 4.562016589541503242e-01
9.102300000000000000e+04 4.561647179310801548e-01
9.102900000000000000e+04 4.561528823261322696e-01
9.103500000000000000e+04 4.561322497743763860e-01
9.104100000000000000e+04 4.561213319236446240e-01
9.104700000000000000e+04 4.561023358394951099e-01
9.105300000000000000e+04 4.560893815732913192e-01
9.105900000000000000e+04 4.560797618855638724e-01
9.106500000000000000e+04 4.560606905688114332e-01
9.107100000000000000e+04 4.560411838414590857e-01
9.107700000000000000e+04 4.560219660831646982e-01
9.108300000000000000e+04 4.560071005263189869e-01
9.108900000000000000e+04 4.559914621105651267e-01
9.109500000000000000e+04 4.559737554108859170e-01
9.200100000000000000e+04 4.534206727441621454e-01
9.200700000000000000e+04 4.533934822930348885e-01
9.201300000000000000e+04 4.533619809841482606e-01
9.201900000000000000e+04 4.533407719281664083e-01
9.202500000000000000e+04 4.533230588162107666e-01
9.203100000000000000e+04 4.533048845528283577e-01
9.203700000000000000e+04 4.532962280110892639e-01
9.204300000000000000e+04 4.532805743490523342e-01
9.204900000000000000e+04 4.532671328293020885e-01
9.205500000000000000e+04 4.532447928202341658e-01
9.206100000000000000e+04 4.532310297923463072e-01
9.206700000000000000e+04 4.532077278758817607e-01
9.207300000000000000e+04 4.531910433845365849e-01
9.207900000000000000e+04 4.531737616513079603e-01
9.208500000000000000e+04 4.531445921381083153e-01
9.209100000000000000e+04 4.531268772541324763e-01
9.209700000000000000e+04 4.531024269924653902e-01
9.300300000000000000e+04 4.505161411555110296e-01
9.300900000000000000e+04 4.504869543633927553e-01
9.301500000000000000e+04 4.504740634305721136e-01
9.302100000000000000e+04 4.504513783391390636e-01
9.302700000000000000e+04 4.504303768910741246e-01
9.303300000000000000e+04 4.504178735352147855e-01
9.303900000000000000e+04 4.504018472774093951e-01
9.304500000000000000e+04 4.503821592904268534e-01
9.305100000000000000e+04 4.503685205562428240e-01
9.305700000000000000e+04 4.503500621329395992e-01
9.306300000000000000e+04 4.503376477730274829e-01
9.306900000000000000e+04 4.503212543761424547e-01
9.307500000000000000e+04 4.503129745505620729e-01
9.308100000000000000e+04 4.503112216816421709e-01
9.308700000000000000e+04 4.502785163848163075e-01
9.309300000000000000e+04 4.502633820417920041e-01
9.309900000000000000e+04 4.502453610923128346e-01
9.400500000000000000e+04 4.477127944135831372e-01
9.401100000000000000e+04 4.476874955299311454e-01
9.401700000000000000e+04 4.476757908559972909e-01
9.402300000000000000e+04 4.476599011924570770e-01
9.402900000000000000e+04 4.476464173137462144e-01
9.403500000000000000e+04 4.476342861226306757e-01
9.404100000000000000e+04 4.476167290402651155e-01
9.404700000000000000e+04 4.476051165833100365e-01
9.405300000000000000e+04 4.475911656704134600e-01
9.405900000000000000e+04 4.475671699179865071e-01
9.406500000000000000e+04 4.475509393659673485e-01
9.407100000000000000e+04 4.475349145490706837e-01
9.407700000000000000e+04 4.475293893676298707e-01
9.408300000000000000e+04 4.475038577890918523e-01
9.408900000000000000e+04 4.474879281609362436e-01
9.409500000000000000e+04 4.474772906207361012e-01
9.500100000000000000e+04 4.450648470375407895e-01
9.500700000000000000e+04 4.450414968586987596e-01
9.501300000000000000e+04 4.450231834467839875e-01
9.501900000000000000e+04 4.450181184650771060e-01
9.502500000000000000e+04 4.449924864057389073e-01
9.503100000000000000e+04 4.449855421416841761e-01
9.503700000000000000e+04 4.449643943213471564e-01
9.504300000000000000e+04 4.449474577850094370e-01
9.504900000000000000e+04 4.449352892124498471e-01
9.505500000000000000e+04 4.449148068502181141e-01
9.506100000000000000e+04 4.449029285330501349e-01
9.506700000000000000e+04 4.448863414561941010e-01
9.507300000000000000e+04 4.448633075975450546e-01
9.507900000000000000e+04 4.448431484441355277e-01
9.508500000000000000e+04 4.448309146634303879e-01
9.509100000000000000e+04 4.448219205834172962e-01
9.509700000000000000e+04 4.448210943064776490e-01
9.600300000000000000e+04 4.424694158827265911e-01
9.600900000000000000e+04 4.424353046638045406e-01
9.601500000000000000e+04 4.424188170080046167e-01
9.602100000000000000e+04 4.424041129036487829e-01
9.602700000000000000e+04 4.423842938526083568e-01
9.603300000000000000e+04 4.423717978881496204e-01
9.603900000000000000e+04 4.423529297283468886e-01
9.604500000000000000e+04 4.423280513587011797e-01
9.605100000000000000e+04 4.423152654043406296e-01
9.605700000000000000e+04 4.423023571186230907e-01
9.606300000000000000e+04 4.422965760181885031e-01
9.606900000000000000e+04 4.422894116542440690e-01
9.607500000000000000e+04 4.422904978090852479e-01
9.608100000000000000e+04 4.422650396434604225e-01
9.608700000000000000e+04 4.422507347942912226e-01
9.609300000000000000e+04 4.422339955560146696e-01
9.609900000000000000e+04 4.422236812676638151e-01
9.700500000000000000e+04 4.398503210777652273e-01
9.701100000000000000e+04 4.398305776439812020e-01
9.701700000000000000e+04 4.398199799338456950e-01
9.702300000000000000e+04 4.398094984297203358e-01
9.702900000000000000e+04 4.397867413387227531e-01
9.703500000000000000e+04 4.397752791061987354e-01
9.704100000000000000e+04 4.397596026321586304e-01
9.704700000000000000e+04 4.397502313377642524e-01
9.705300000000000000e+04 4.397217243028557765e-01
9.705900000000000000e+04 4.396977030050253088e-01
9.706500000000000000e+04 4.396826809215360621e-01
9.707100000000000000e+04 4.396725334696940379e-01
9.707700000000000000e+04 4.396558661642292476e-01
9.708300000000000000e+04 4.396434781066381192e-01
9.708900000000000000e+04 4.396217358279422283e-01
9.709500000000000000e+04 4.396014666168520102e-01
9.800100000000000000e+04 4.373754268568671444e-01
9.800700000000000000e+04 4.373461309019833765e-01
9.801300000000000000e+04 4.373272466757850419e-01
9.801900000000000000e+04 4.373153920048150622e-01
9.802500000000000000e+04 4.373118136258531408e-01
9.803100000000000000e+04 4.372902958686256669e-01
9.803700000000000000e+04 4.372648344967244305e-01
9.804300000000000000e+04 4.372521398537800863e-01
9.804900000000000000e+04 4.372394659044682719e-01
9.805500000000000000e+04 4.372162938501616969e-01
9.806100000000000000e+04 4.372031512570875300e-01
9.806700000000000000e+04 4.371933693951867150e-01
9.807300000000000000e+04 4.371824493528552180e-01
9.807900000000000000e+04 4.371698631229647969e-01
9.808500000000000000e+04 4.371406043328004420e-01
9.809100000000000000e+04 4.371302321394754387e-01
9.809700000000000000e+04 4.371130125631124130e-01
9.900300000000000000e+04 4.347744649303864062e-01
9.900900000000000000e+04 4.347679564336215385e-01
9.901500000000000000e+04 4.347435190169244290e-01
9.902100000000000000e+04 4.347307958209646883e-01
9.902700000000000000e+04 4.347242215975915536e-01
9.903300000000000000e+04 4.347073758609260041e-01
9.903900000000000000e+04 4.346908846132429005e-01
9.904500000000000000e+04 4.346811514806907528e-01
9.905100000000000000e+04 4.346630762553267413e-01
9.905700000000000000e+04 4.346541791802927546e-01
9.906300000000000000e+04 4.346418216009202973e-01
9.906900000000000000e+04 4.346281187298688953e-01
9.907500000000000000e+04 4.346082957384259648e-01
9.908100000000000000e+04 4.345932542643471397e-01
9.908700000000000000e+04 4.345829889833935367e-01
9.909300000000000000e+04 4.345699507401424300e-01
9.909900000000000000e+04 4.345538215452685038e-01
