9.000000000000000000e+00 1.177465041031715565e+00
1.100000000000000000e+01 9.439437829452625994e-01
1.300000000000000000e+01 9.215428714854216885e-01
1.500000000000000000e+01 9.174915395490039760e-01
1.700000000000000000e+01 8.861749809280231593e-01
1.900000000000000000e+01 8.569830514515937026e-01
2.100000000000000000e+01 9.045669410418312184e-01
2.300000000000000000e+01 9.440317170319802997e-01
2.500000000000000000e+01 9.170049054846208803e-01
2.700000000000000000e+01 8.953120674168465465e-01
2.900000000000000000e+01 8.976622545708230483e-01
3.100000000000000000e+01 8.730042583011056179e-01
3.300000000000000000e+01 8.410622194164013576e-01
3.500000000000000000e+01 8.549126708734766655e-01
3.700000000000000000e+01 8.684995298384623474e-01
3.900000000000000000e+01 8.204741254113090410e-01
4.100000000000000000e+01 8.317838135425437152e-01
4.300000000000000000e+01 8.390388685239957844e-01
4.500000000000000000e+01 8.176074836525941691e-01
4.700000000000000000e+01 7.979084504854090376e-01
4.900000000000000000e+01 8.114823349182338497e-01
5.100000000000000000e+01 8.155387324397771476e-01
5.300000000000000000e+01 7.828737507845890953e-01
5.500000000000000000e+01 7.943086372941797757e-01
5.700000000000000000e+01 7.969705563747848664e-01
5.900000000000000000e+01 7.950636839235751818e-01
6.100000000000000000e+01 7.982932146917269822e-01
6.300000000000000000e+01 7.973332511249909826e-01
6.500000000000000000e+01 8.116777756629589557e-01
6.700000000000000000e+01 8.122492523055862002e-01
6.900000000000000000e+01 8.191116862136338383e-01
7.100000000000000000e+01 8.169935007934179261e-01
7.300000000000000000e+01 8.237867293188159135e-01
7.500000000000000000e+01 8.118459258878216733e-01
7.700000000000000000e+01 8.044307976464847298e-01
7.900000000000000000e+01 8.098176852625844635e-01
8.100000000000000000e+01 8.170836315328031674e-01
8.300000000000000000e+01 8.126152386519988058e-01
8.500000000000000000e+01 8.122302308387283620e-01
8.700000000000000000e+01 8.088864587484358992e-01
8.900000000000000000e+01 7.995174642555951117e-01
9.100000000000000000e+01 7.993685813094628667e-01
9.300000000000000000e+01 8.079607236918755486e-01
9.500000000000000000e+01 8.071923370790545782e-01
9.700000000000000000e+01 8.079108120318082564e-01
9.900000000000000000e+01 8.094662038483082522e-01
1.001000000000000000e+03 7.421494429924500036e-01
1.003000000000000000e+03 7.422425160126785437e-01
1.005000000000000000e+03 7.428795736338307254e-01
1.007000000000000000e+03 7.427796025365367427e-01
1.009000000000000000e+03 7.424904344266265444e-01
1.011000000000000000e+03 7.424921840835008169e-01
1.013000000000000000e+03 7.423565182018690978e-01
1.015000000000000000e+03 7.422028862355538603e-01
1.017000000000000000e+03 7.421236485230719993e-01
1.019000000000000000e+03 7.419318571168971310e-01
1.021000000000000000e+03 7.418107543756893296e-01
1.023000000000000000e+03 7.419327495278127405e-01
1.025000000000000000e+03 7.420135391959569171e-01
1.027000000000000000e+03 7.424418939821583185e-01
1.029000000000000000e+03 7.424870446279097091e-01
1.031000000000000000e+03 7.426825374314092176e-01
1.033000000000000000e+03 7.427507137162230322e-01
1.035000000000000000e+03 7.423336937870614882e-01
1.037000000000000000e+03 7.423696044536405303e-01
1.039000000000000000e+03 7.426717361472415790e-01
1.041000000000000000e+03 7.429829996011907411e-01
1.043000000000000000e+03 7.434593333759648148e-01
1.045000000000000000e+03 7.435333056389372697e-01
1.047000000000000000e+03 7.440608385128124613e-01
1.049000000000000000e+03 7.441393940838252341e-01
1.051000000000000000e+03 7.439526964334555181e-01
1.053000000000000000e+03 7.439986408635089754e-01
1.055000000000000000e+03 7.436665275208519388e-01
1.057000000000000000e+03 7.430268234487776846e-01
1.059000000000000000e+03 7.429260577567197155e-01
1.061000000000000000e+03 7.424324455768457343e-01
1.063000000000000000e+03 7.425790060523178582e-01
1.065000000000000000e+03 7.430233789710292136e-01
1.067000000000000000e+03 7.427972281962960110e-01
1.069000000000000000e+03 7.428918160889695921e-01
1.071000000000000000e+03 7.435434246312195850e-01
1.073000000000000000e+03 7.433883883976125651e-01
1.075000000000000000e+03 7.429525091262083603e-01
1.077000000000000000e+03 7.423451560893692402e-01
1.079000000000000000e+03 7.420155768693712517e-01
1.081000000000000000e+03 7.425519633179702428e-01
1.083000000000000000e+03 7.422782001374753635e-01
1.085000000000000000e+03 7.419380115043144874e-01
1.087000000000000000e+03 7.424202898729945765e-01
1.089000000000000000e+03 7.418238092443429910e-01
1.091000000000000000e+03 7.422242434467505312e-01
1.093000000000000000e+03 7.422988302886887046e-01
1.095000000000000000e+03 7.426625923055913958e-01
1.097000000000000000e+03 7.426482553373809914e-01
1.099000000000000000e+03 7.430239054287681721e-01
2.001000000000000000e+03 7.488477402491439117e-01
2.003000000000000000e+03 7.486397526531347602e-01
2.005000000000000000e+03 7.483651581821196830e-01
2.007000000000000000e+03 7.483529501620223012e-01
2.009000000000000000e+03 7.482659327350020817e-01
2.011000000000000000e+03 7.485222506989034352e-01
2.013000000000000000e+03 7.486112561976017155e-01
2.015000000000000000e+03 7.482921089680267812e-01
2.017000000000000000e+03 7.483810344140852111e-01
2.019000000000000000e+03 7.484318081069557538e-01
2.021000000000000000e+03 7.482505020091237968e-01
2.023000000000000000e+03 7.484186520175082347e-01
2.025000000000000000e+03 7.483356301650851972e-01
2.027000000000000000e+03 7.482814305056357806e-01
2.029000000000000000e+03 7.482265447266842617e-01
2.031000000000000000e+03 7.480498218014042244e-01
2.033000000000000000e+03 7.472529685356475992e-01
2.035000000000000000e+03 7.469520535739764266e-01
2.037000000000000000e+03 7.469035928509945022e-01
2.039000000000000000e+03 7.468019564545478328e-01
2.041000000000000000e+03 7.468207599609071323e-01
2.043000000000000000e+03 7.473300596056224876e-01
2.045000000000000000e+03 7.473176834657500045e-01
2.047000000000000000e+03 7.474553419175448132e-01
2.049000000000000000e+03 7.473928127992579551e-01
2.051000000000000000e+03 7.472551660262241047e-01
2.053000000000000000e+03 7.472231944450559160e-01
2.055000000000000000e+03 7.472675649561801858e-01
2.057000000000000000e+03 7.472424790769134351e-01
2.059000000000000000e+03 7.473224231703159415e-01
2.061000000000000000e+03 7.473181806412552142e-01
2.063000000000000000e+03 7.471896895538837624e-01
2.065000000000000000e+03 7.469044062594070166e-01
2.067000000000000000e+03 7.467458374105984120e-01
2.069000000000000000e+03 7.473595961881429606e-01
2.071000000000000000e+03 7.472333169048278600e-01
2.073000000000000000e+03 7.467140857052230185e-01
2.075000000000000000e+03 7.463228497136431550e-01
2.077000000000000000e+03 7.464001663969981326e-01
2.079000000000000000e+03 7.465647914984469002e-01
2.081000000000000000e+03 7.466015377740575776e-01
2.083000000000000000e+03 7.468369820144404869e-01
2.085000000000000000e+03 7.468997929916141310e-01
2.087000000000000000e+03 7.470003810659482379e-01
2.089000000000000000e+03 7.470661685897321824e-01
2.091000000000000000e+03 7.474246972616240825e-01
2.093000000000000000e+03 7.474243552850935446e-01
2.095000000000000000e+03 7.476055020201035628e-01
2.097000000000000000e+03 7.475197151546352226e-01
2.099000000000000000e+03 7.477701424901471716e-01
3.001000000000000000e+03 7.481982855205051575e-01
3.003000000000000000e+03 7.482235521211442197e-01
3.005000000000000000e+03 7.482927279561989442e-01
3.007000000000000000e+03 7.483495735558608475e-01
3.009000000000000000e+03 7.485539561070277959e-01
3.011000000000000000e+03 7.485645322081756481e-01
3.013000000000000000e+03 7.484869350707488156e-01
3.015000000000000000e+03 7.485761474221930278e-01
3.017000000000000000e+03 7.484571024186574828e-01
3.019000000000000000e+03 7.486113511499276063e-01
3.021000000000000000e+03 7.487751472005462761e-01
3.023000000000000000e+03 7.489795845829416709e-01
3.025000000000000000e+03 7.488102748005154297e-01
3.027000000000000000e+03 7.487011378252224070e-01
3.029000000000000000e+03 7.484813694202081535e-01
3.031000000000000000e+03 7.483868317260264913e-01
3.033000000000000000e+03 7.486688988522167687e-01
3.035000000000000000e+03 7.489255420856124612e-01
3.037000000000000000e+03 7.489569385219853048e-01
3.039000000000000000e+03 7.489218909078760866e-01
3.041000000000000000e+03 7.484337932105924462e-01
3.043000000000000000e+03 7.484269324882359964e-01
3.045000000000000000e+03 7.484400982161319993e-01
3.047000000000000000e+03 7.484392855590351612e-01
3.049000000000000000e+03 7.484229603642655881e-01
3.051000000000000000e+03 7.483732500045822134e-01
3.053000000000000000e+03 7.480486209089209915e-01
3.055000000000000000e+03 7.479907735650950240e-01
3.057000000000000000e+03 7.478869336983984262e-01
3.059000000000000000e+03 7.478617483136672517e-01
3.061000000000000000e+03 7.477308174485134407e-01
3.063000000000000000e+03 7.476966692238442569e-01
3.065000000000000000e+03 7.476872544996819858e-01
3.067000000000000000e+03 7.476420628998607931e-01
3.069000000000000000e+03 7.479002859054404428e-01
3.071000000000000000e+03 7.479610578644720897e-01
3.073000000000000000e+03 7.478918066435934486e-01
3.075000000000000000e+03 7.478261191953722298e-01
3.077000000000000000e+03 7.476044337063766365e-01
3.079000000000000000e+03 7.475566227238596984e-01
3.081000000000000000e+03 7.475054425907288191e-01
3.083000000000000000e+03 7.476916529341390838e-01
3.085000000000000000e+03 7.479907044707029273e-01
3.087000000000000000e+03 7.479241157032292531e-01
3.089000000000000000e+03 7.481650122601426478e-01
3.091000000000000000e+03 7.481655766695722853e-01
3.093000000000000000e+03 7.483448545825196474e-01
3.095000000000000000e+03 7.480614650734728199e-01
3.097000000000000000e+03 7.479804089008998957e-01
3.099000000000000000e+03 7.478802119534903037e-01
4.001000000000000000e+03 7.456081498082319792e-01
4.003000000000000000e+03 7.454893946004099714e-01
4.005000000000000000e+03 7.454802955305322998e-01
4.007000000000000000e+03 7.454259934304259261e-01
4.009000000000000000e+03 7.453572594805097928e-01
4.011000000000000000e+03 7.453548295212666375e-01
4.013000000000000000e+03 7.454841623728191147e-01
4.015000000000000000e+03 7.455458194808572969e-01
4.017000000000000000e+03 7.456449349932190440e-01
4.019000000000000000e+03 7.456078220826214409e-01
4.021000000000000000e+03 7.456427566658848649e-01
4.023000000000000000e+03 7.455967270660067703e-01
4.025000000000000000e+03 7.456624509630784825e-01
4.027000000000000000e+03 7.456532427048904177e-01
4.029000000000000000e+03 7.455033188757709262e-01
4.031000000000000000e+03 7.454726799065216625e-01
4.033000000000000000e+03 7.453536367347725067e-01
4.035000000000000000e+03 7.454445201115420527e-01
4.037000000000000000e+03 7.455577121154209896e-01
4.039000000000000000e+03 7.455420558443077717e-01
4.041000000000000000e+03 7.456665361339119835e-01
4.043000000000000000e+03 7.457435121827981073e-01
4.045000000000000000e+03 7.455976110240928323e-01
4.047000000000000000e+03 7.455212390389082122e-01
4.049000000000000000e+03 7.455047653154766030e-01
4.051000000000000000e+03 7.456680121699660324e-01
4.053000000000000000e+03 7.456372273817802876e-01
4.055000000000000000e+03 7.454275964561200007e-01
4.057000000000000000e+03 7.453897357264616108e-01
4.059000000000000000e+03 7.453395680538276169e-01
4.061000000000000000e+03 7.452788840965791639e-01
4.063000000000000000e+03 7.452494041314446926e-01
4.065000000000000000e+03 7.452457069269078360e-01
4.067000000000000000e+03 7.452143204238543817e-01
4.069000000000000000e+03 7.453407033668479897e-01
4.071000000000000000e+03 7.454139915828458252e-01
4.073000000000000000e+03 7.455279094412231577e-01
4.075000000000000000e+03 7.454401384487274740e-01
4.077000000000000000e+03 7.454300167691336743e-01
4.079000000000000000e+03 7.454660283307478208e-01
4.081000000000000000e+03 7.453865623026023624e-01
4.083000000000000000e+03 7.454191790114229610e-01
4.085000000000000000e+03 7.453544147090720440e-01
4.087000000000000000e+03 7.453629350120047903e-01
4.089000000000000000e+03 7.453802171884551520e-01
4.091000000000000000e+03 7.454085982778646535e-01
4.093000000000000000e+03 7.455574603189641936e-01
4.095000000000000000e+03 7.455988597219537217e-01
4.097000000000000000e+03 7.455415279629937775e-01
4.099000000000000000e+03 7.454837427955192108e-01
5.001000000000000000e+03 7.469159494210522166e-01
5.003000000000000000e+03 7.469877136992399969e-01
5.005000000000000000e+03 7.469898935867882450e-01
5.007000000000000000e+03 7.469908600320420700e-01
5.009000000000000000e+03 7.469673632921581818e-01
5.011000000000000000e+03 7.468142988813037952e-01
5.013000000000000000e+03 7.467943476416319948e-01
5.015000000000000000e+03 7.468863975003108280e-01
5.017000000000000000e+03 7.468478843467363237e-01
5.019000000000000000e+03 7.469459689253012957e-01
5.021000000000000000e+03 7.469226603156986499e-01
5.023000000000000000e+03 7.467335741612696198e-01
5.025000000000000000e+03 7.467479190779300335e-01
5.027000000000000000e+03 7.467150028942639572e-01
5.029000000000000000e+03 7.467476534179062764e-01
5.031000000000000000e+03 7.467360052181257757e-01
5.033000000000000000e+03 7.464408395724785317e-01
5.035000000000000000e+03 7.464397223655091507e-01
5.037000000000000000e+03 7.465380089664958030e-01
5.039000000000000000e+03 7.466362839119058403e-01
5.041000000000000000e+03 7.468301170212330309e-01
5.043000000000000000e+03 7.468719341764381570e-01
5.045000000000000000e+03 7.468513518318946609e-01
5.047000000000000000e+03 7.468894626107953627e-01
5.049000000000000000e+03 7.468486751162963788e-01
5.051000000000000000e+03 7.468644208623004266e-01
5.053000000000000000e+03 7.469092844003911713e-01
5.055000000000000000e+03 7.469734303480709547e-01
5.057000000000000000e+03 7.469993750166880053e-01
5.059000000000000000e+03 7.470326012462551457e-01
5.061000000000000000e+03 7.470115129985626101e-01
5.063000000000000000e+03 7.470838107798246641e-01
5.065000000000000000e+03 7.472518104556757912e-01
5.067000000000000000e+03 7.472912881708095867e-01
5.069000000000000000e+03 7.471873814844524064e-01
5.071000000000000000e+03 7.470927508644564785e-01
5.073000000000000000e+03 7.470588552044842290e-01
5.075000000000000000e+03 7.470377745092217081e-01
5.077000000000000000e+03 7.471223998070869454e-01
5.079000000000000000e+03 7.472005193226924913e-01
5.081000000000000000e+03 7.472769255165786495e-01
5.083000000000000000e+03 7.473103710251233212e-01
5.085000000000000000e+03 7.473057042401773931e-01
5.087000000000000000e+03 7.472481765544801702e-01
5.089000000000000000e+03 7.472694579429912665e-01
5.091000000000000000e+03 7.473264005011646116e-01
5.093000000000000000e+03 7.473527968088162776e-01
5.095000000000000000e+03 7.474269816985522619e-01
5.097000000000000000e+03 7.474575260318625514e-01
5.099000000000000000e+03 7.474480709977221471e-01
6.001000000000000000e+03 7.478073652507946090e-01
6.003000000000000000e+03 7.478527847308809040e-01
6.005000000000000000e+03 7.478715016965404860e-01
6.007000000000000000e+03 7.479293921916451149e-01
6.009000000000000000e+03 7.479198286287889186e-01
6.011000000000000000e+03 7.479422985660785228e-01
6.013000000000000000e+03 7.478674221821174362e-01
6.015000000000000000e+03 7.478825054804443262e-01
6.017000000000000000e+03 7.478402267937758197e-01
6.019000000000000000e+03 7.478556191429417410e-01
6.021000000000000000e+03 7.478095790895191719e-01
6.023000000000000000e+03 7.478774991933566652e-01
6.025000000000000000e+03 7.479562385029442373e-01
6.027000000000000000e+03 7.479837868613514740e-01
6.029000000000000000e+03 7.480457985298787360e-01
6.031000000000000000e+03 7.480497304124270608e-01
6.033000000000000000e+03 7.479990559337961198e-01
6.035000000000000000e+03 7.480100928409618710e-01
6.037000000000000000e+03 7.479925027442907437e-01
6.039000000000000000e+03 7.479700083538767252e-01
6.041000000000000000e+03 7.480234589499714648e-01
6.043000000000000000e+03 7.480970295258300151e-01
6.045000000000000000e+03 7.481700838147188337e-01
6.047000000000000000e+03 7.481719541084392855e-01
6.049000000000000000e+03 7.480806360096305951e-01
6.051000000000000000e+03 7.480523548937305645e-01
6.053000000000000000e+03 7.480047958940132524e-01
6.055000000000000000e+03 7.479581993674977447e-01
6.057000000000000000e+03 7.479748917191766377e-01
6.059000000000000000e+03 7.478872043897573096e-01
6.061000000000000000e+03 7.478805044254998036e-01
6.063000000000000000e+03 7.479005036131849415e-01
6.065000000000000000e+03 7.479432366989081649e-01
6.067000000000000000e+03 7.479731438635448537e-01
6.069000000000000000e+03 7.479754636861808414e-01
6.071000000000000000e+03 7.480165861798324656e-01
6.073000000000000000e+03 7.480584329849545577e-01
6.075000000000000000e+03 7.481093364817896774e-01
6.077000000000000000e+03 7.481040238977052503e-01
6.079000000000000000e+03 7.480946711746849775e-01
6.081000000000000000e+03 7.480543301924871269e-01
6.083000000000000000e+03 7.480252500321065146e-01
6.085000000000000000e+03 7.479899869618671371e-01
6.087000000000000000e+03 7.480667077105868090e-01
6.089000000000000000e+03 7.480879017133073017e-01
6.091000000000000000e+03 7.480407887300731806e-01
6.093000000000000000e+03 7.480439930236009172e-01
6.095000000000000000e+03 7.479914126733510082e-01
6.097000000000000000e+03 7.478747773362304230e-01
6.099000000000000000e+03 7.478238937515785389e-01
7.001000000000000000e+03 7.482514914288526109e-01
7.003000000000000000e+03 7.482546767414774980e-01
7.005000000000000000e+03 7.482946789762410233e-01
7.007000000000000000e+03 7.482942027074990232e-01
7.009000000000000000e+03 7.483107970343358950e-01
7.011000000000000000e+03 7.483425699215695559e-01
7.013000000000000000e+03 7.484164485979767356e-01
7.015000000000000000e+03 7.484076602691829283e-01
7.017000000000000000e+03 7.483564491318480671e-01
7.019000000000000000e+03 7.483368904231948449e-01
7.021000000000000000e+03 7.483255344437764744e-01
7.023000000000000000e+03 7.483435817990486960e-01
7.025000000000000000e+03 7.483873647259027262e-01
7.027000000000000000e+03 7.483995488568158105e-01
7.029000000000000000e+03 7.483411477511771048e-01
7.031000000000000000e+03 7.483350840262010806e-01
7.033000000000000000e+03 7.483610089575079005e-01
7.035000000000000000e+03 7.483636947552708696e-01
7.037000000000000000e+03 7.483580976492660852e-01
7.039000000000000000e+03 7.483783640798858938e-01
7.041000000000000000e+03 7.483881749322218724e-01
7.043000000000000000e+03 7.484140723267147521e-01
7.045000000000000000e+03 7.483988529238692067e-01
7.047000000000000000e+03 7.483759461761273490e-01
7.049000000000000000e+03 7.484005903365698043e-01
7.051000000000000000e+03 7.484790768077733691e-01
7.053000000000000000e+03 7.485120063309926852e-01
7.055000000000000000e+03 7.485304253283111553e-01
7.057000000000000000e+03 7.485702143942487563e-01
7.059000000000000000e+03 7.486134853232415676e-01
7.061000000000000000e+03 7.486116234702357985e-01
7.063000000000000000e+03 7.485636538065865153e-01
7.065000000000000000e+03 7.485439970992688874e-01
7.067000000000000000e+03 7.485227336596077530e-01
7.069000000000000000e+03 7.484785109773175460e-01
7.071000000000000000e+03 7.483043955228579902e-01
7.073000000000000000e+03 7.483021433229355424e-01
7.075000000000000000e+03 7.482879503749100270e-01
7.077000000000000000e+03 7.481770019706945885e-01
7.079000000000000000e+03 7.481010946889667945e-01
7.081000000000000000e+03 7.481313823900741511e-01
7.083000000000000000e+03 7.480595139623134049e-01
7.085000000000000000e+03 7.480245897807746847e-01
7.087000000000000000e+03 7.479638523580924847e-01
7.089000000000000000e+03 7.479528448931659357e-01
7.091000000000000000e+03 7.479267255118140501e-01
7.093000000000000000e+03 7.479474638028911215e-01
7.095000000000000000e+03 7.479173809391453931e-01
7.097000000000000000e+03 7.479754584636764125e-01
7.099000000000000000e+03 7.480005506293671003e-01
8.001000000000000000e+03 7.477550495727536273e-01
8.003000000000000000e+03 7.477348560792740351e-01
8.005000000000000000e+03 7.477045669546558138e-01
8.007000000000000000e+03 7.476802643450177754e-01
8.009000000000000000e+03 7.476884485274724046e-01
8.011000000000000000e+03 7.476843351652064928e-01
8.013000000000000000e+03 7.477095561571707183e-01
8.015000000000000000e+03 7.477783442754377674e-01
8.017000000000000000e+03 7.478363819049660410e-01
8.019000000000000000e+03 7.478946366328649287e-01
8.021000000000000000e+03 7.479276943753940810e-01
8.023000000000000000e+03 7.479808054067276224e-01
8.025000000000000000e+03 7.480624281554147936e-01
8.027000000000000000e+03 7.480210826608004737e-01
8.029000000000000000e+03 7.480233675738482413e-01
8.031000000000000000e+03 7.479292438505844576e-01
8.033000000000000000e+03 7.479231421127104928e-01
8.035000000000000000e+03 7.479395787149205610e-01
8.037000000000000000e+03 7.479679026245239504e-01
8.039000000000000000e+03 7.480263786759268063e-01
8.041000000000000000e+03 7.480633771249216579e-01
8.043000000000000000e+03 7.480763981463954826e-01
8.045000000000000000e+03 7.480101090021905597e-01
8.047000000000000000e+03 7.480033818504496779e-01
8.049000000000000000e+03 7.480637919976473871e-01
8.051000000000000000e+03 7.480427035651242562e-01
8.053000000000000000e+03 7.480318472522369255e-01
8.055000000000000000e+03 7.480419047965225499e-01
8.057000000000000000e+03 7.481038782163476064e-01
8.059000000000000000e+03 7.481468525717207552e-01
8.061000000000000000e+03 7.482092859072246860e-01
8.063000000000000000e+03 7.482613541154200520e-01
8.065000000000000000e+03 7.482595894016023097e-01
8.067000000000000000e+03 7.482062180087180048e-01
8.069000000000000000e+03 7.482405862613985548e-01
8.071000000000000000e+03 7.482047302603141992e-01
8.073000000000000000e+03 7.481819295160329064e-01
8.075000000000000000e+03 7.481653009848910907e-01
8.077000000000000000e+03 7.481174828141741173e-01
8.079000000000000000e+03 7.480413850660978525e-01
8.081000000000000000e+03 7.480230230241676770e-01
8.083000000000000000e+03 7.479739327260906956e-01
8.085000000000000000e+03 7.479023773552156973e-01
8.087000000000000000e+03 7.478054835929791588e-01
8.089000000000000000e+03 7.477725244725336173e-01
8.091000000000000000e+03 7.477395363389769400e-01
8.093000000000000000e+03 7.477402522457923251e-01
8.095000000000000000e+03 7.477244772558604424e-01
8.097000000000000000e+03 7.477109871287335174e-01
8.099000000000000000e+03 7.476927450282048193e-01
9.001000000000000000e+03 7.501935858435887505e-01
9.003000000000000000e+03 7.501606308652019051e-01
9.005000000000000000e+03 7.501591334067042594e-01
9.007000000000000000e+03 7.501446068725526883e-01
9.009000000000000000e+03 7.501594782663099092e-01
9.011000000000000000e+03 7.501667248518137932e-01
9.013000000000000000e+03 7.501512760288326920e-01
9.015000000000000000e+03 7.501274063303002837e-01
9.017000000000000000e+03 7.501357148532239449e-01
9.019000000000000000e+03 7.501075075348615506e-01
9.021000000000000000e+03 7.501446539205591790e-01
9.023000000000000000e+03 7.502130589483121392e-01
9.025000000000000000e+03 7.502700234250763156e-01
9.027000000000000000e+03 7.502962289230226123e-01
9.029000000000000000e+03 7.502843060256690899e-01
9.031000000000000000e+03 7.503020676668716860e-01
9.033000000000000000e+03 7.502927484827760507e-01
9.035000000000000000e+03 7.503504428621756706e-01
9.037000000000000000e+03 7.503989847124968859e-01
9.039000000000000000e+03 7.504130886594706507e-01
9.041000000000000000e+03 7.503877681623145612e-01
9.043000000000000000e+03 7.504010146195794206e-01
9.045000000000000000e+03 7.504261447839325472e-01
9.047000000000000000e+03 7.504059910005376199e-01
9.049000000000000000e+03 7.503494439300510965e-01
9.051000000000000000e+03 7.502223367611020599e-01
9.053000000000000000e+03 7.502220792469588284e-01
9.055000000000000000e+03 7.502407312919362470e-01
9.057000000000000000e+03 7.502410147337238433e-01
9.059000000000000000e+03 7.502391401248701408e-01
9.061000000000000000e+03 7.501992101830387005e-01
9.063000000000000000e+03 7.501991635457879726e-01
9.065000000000000000e+03 7.502203976412877839e-01
9.067000000000000000e+03 7.501939308413521079e-01
9.069000000000000000e+03 7.502000780653341749e-01
9.071000000000000000e+03 7.502199462848404554e-01
9.073000000000000000e+03 7.502103382132462306e-01
9.075000000000000000e+03 7.502261319698961817e-01
9.077000000000000000e+03 7.501681322276418928e-01
9.079000000000000000e+03 7.501965746091159293e-01
9.081000000000000000e+03 7.501947728898328283e-01
9.083000000000000000e+03 7.501587920781657148e-01
9.085000000000000000e+03 7.501157378770895168e-01
9.087000000000000000e+03 7.500889630676901287e-01
9.089000000000000000e+03 7.500957328231143695e-01
9.091000000000000000e+03 7.500908816952731595e-01
9.093000000000000000e+03 7.500688709615803695e-01
9.095000000000000000e+03 7.500493783772066436e-01
9.097000000000000000e+03 7.500482948955077278e-01
9.099000000000000000e+03 7.500952475124913477e-01
