9.000000000000000000e+02 6.463757046345509849e+00
1.800000000000000000e+03 4.687090724001722997e+00
2.700000000000000000e+03 3.879924142169741685e+00
3.600000000000000000e+03 3.389656496930459006e+00
4.500000000000000000e+03 3.049318425427444801e+00
5.400000000000000000e+03 2.798503699130965749e+00
6.300000000000000000e+03 2.600985634301315574e+00
7.200000000000000000e+03 2.443548532595681611e+00
8.100000000000000000e+03 2.313708607592791289e+00
9.000000000000000000e+03 2.202524286471935433e+00
9.900000000000000000e+03 2.104543857268909690e+00
1.080000000000000000e+04 2.018352419360571304e+00
1.170000000000000000e+04 1.942171113114670833e+00
1.260000000000000000e+04 1.874650381044597802e+00
1.350000000000000000e+04 1.814218048333917199e+00
1.440000000000000000e+04 1.759608087271754329e+00
1.530000000000000000e+04 1.708792265347311989e+00
1.620000000000000000e+04 1.662961781735814437e+00
1.710000000000000000e+04 1.620829999680258870e+00
1.800000000000000000e+04 1.581379900649768189e+00
1.890000000000000000e+04 1.545070171840652096e+00
1.980000000000000000e+04 1.510607083673565221e+00
2.070000000000000000e+04 1.478215754853020814e+00
2.160000000000000000e+04 1.448841002262651223e+00
2.250000000000000000e+04 1.420708193174264222e+00
2.340000000000000000e+04 1.394747643182016050e+00
2.430000000000000000e+04 1.369054981799121773e+00
2.520000000000000000e+04 1.345787123896577953e+00
2.610000000000000000e+04 1.322965647412123857e+00
2.700000000000000000e+04 1.301975177937096273e+00
2.790000000000000000e+04 1.282107222534020652e+00
2.880000000000000000e+04 1.262929633898905113e+00
2.970000000000000000e+04 1.244470739038060270e+00
3.060000000000000000e+04 1.226877248477211690e+00
3.150000000000000000e+04 1.209377360977009985e+00
3.240000000000000000e+04 1.193231471088236129e+00
3.330000000000000000e+04 1.177606707570676647e+00
3.420000000000000000e+04 1.162760945246903210e+00
3.510000000000000000e+04 1.148097086701828751e+00
3.600000000000000000e+04 1.134060697034842136e+00
3.690000000000000000e+04 1.120461870348521849e+00
3.780000000000000000e+04 1.107458746627823620e+00
3.870000000000000000e+04 1.094945141292009927e+00
3.960000000000000000e+04 1.082773200476621067e+00
4.050000000000000000e+04 1.070610865582491744e+00
4.140000000000000000e+04 1.059432486509229054e+00
4.230000000000000000e+04 1.048475593284899254e+00
4.320000000000000000e+04 1.037815309190544433e+00
4.410000000000000000e+04 1.027364568817408674e+00
4.500000000000000000e+04 1.017413683882070652e+00
4.590000000000000000e+04 1.007526188247151122e+00
4.680000000000000000e+04 9.979213876399837257e-01
4.770000000000000000e+04 9.887550847157756673e-01
4.860000000000000000e+04 9.800039725993937578e-01
4.950000000000000000e+04 9.712440317899468933e-01
5.040000000000000000e+04 9.626438592972148545e-01
5.130000000000000000e+04 9.543052978954743581e-01
5.220000000000000000e+04 9.464303685413324452e-01
5.310000000000000000e+04 9.385468099441713896e-01
5.400000000000000000e+04 9.308359935884704672e-01
5.490000000000000000e+04 9.235151553564797666e-01
5.580000000000000000e+04 9.157910976103116329e-01
5.670000000000000000e+04 9.088909020685296269e-01
5.760000000000000000e+04 9.019722716271998397e-01
