16	34.35749095060517
20	24.586770895902614
24	20.268364620405393
28	17.69338476669992
32	15.93326708624702
36	14.631126218233323
40	13.616317483709448
44	12.797024765717735
48	12.116106939253967
52	11.538841608475401
56	11.041053163341463
60	10.605816926445154
64	10.220872349551279
68	9.877044793461428
72	9.567661426564968
76	9.287725300450719
80	9.031673069785866
84	8.79685952769908
88	8.580466795769818
92	8.38020918813569
96	8.194108894482492
1000	2.632161252330513
1004	2.627246917641532
1008	2.6240721005654986
1012	2.616869034622872
1016	2.6118932912895336
1020	2.6092337299741875
1024	2.6024322559244615
1028	2.5997261743005566
1032	2.5929555038735783
1036	2.588775691866958
1040	2.5858007666292018
1044	2.5798049149431375
1048	2.5766447621978723
1052	2.572663121181706
1056	2.565218654781841
1060	2.5625994559284635
1064	2.556110797804778
1068	2.5535518583271894
1072	2.547151761298603
1076	2.543199738757909
1080	2.5403861075121776
1084	2.5339106533636726
1088	2.531415137927451
1092	2.525186516193068
1096	2.522723409158089
2000	1.9037339162572153
2004	1.901968617612924
2008	1.8993149018272872
2012	1.8980678594008071
2016	1.8965289852373195
2020	1.8948568907343928
2024	1.893135667185435
2028	1.8913990212917506
2032	1.8896599593938708
2036	1.8870543098263415
2040	1.8858314625583799
2044	1.883545089038699
2048	1.882361473798305
2052	1.8808741910030493
2056	1.8792499513167142
2060	1.8767337399053057
2064	1.8755356496630258
2068	1.8732907069693643
2072	1.8721268017944201
2076	1.8706648578997818
2080	1.8690678039296593
2084	1.8674208439349247
2088	1.8657576361845936
2092	1.8632583343039657
2096	1.8620830714110816
3000	1.5746899055694463
3004	1.573708578013742
3008	1.5727290723495333
3012	1.571751566146332
3016	1.5707757792199928
3020	1.5698017567981495
3024	1.5688297338957007
3028	1.56785970498738
3032	1.5668915692206384
3036	1.5659252913456427
3040	1.5649607459792036
3044	1.5639980435910066
3048	1.5630373404088347
3052	1.5620784163023267
3056	1.5611213989741624
3060	1.560166310849087
3064	1.559212873644388
3068	1.558261393557475
3072	1.5573115674440736
3076	1.556363607016742
3080	1.5554174520439807
3084	1.554473037886451
3088	1.5535304981716955
3092	1.5525898018924904
3096	1.55165087763849
4000	1.376352828670163
4004	1.375709184188329
4008	1.3750664114778308
4012	1.3744245619753568
4016	1.373783711903927
4020	1.373143803576461
4024	1.3725048862926579
4028	1.371866952855576
4032	1.3712297974696572
4036	1.3705935687924204
4040	1.3699583639833677
4044	1.3693240938806586
4048	1.3686906864127222
4052	1.3680581488093322
4056	1.3674265800992784
4060	1.366795899223178
4064	1.3661661813653703
4068	1.365537460773382
4072	1.364909520469697
4076	1.364282576020496
4080	1.3636565220831507
4084	1.3630312708515653
4088	1.362406906890395
4092	1.3617835151595123
4096	1.3611609707715167
5000	1.2398585997713174
5004	1.239394583862715
5008	1.2389310897187795
5012	1.238468118780995
5016	1.2380056446559236
5020	1.2375437279132853
5024	1.2370823555624646
5028	1.2366215666648257
5032	1.2361613117124486
5036	1.2357016385330835
5040	1.2352425045072188
5044	1.234783887802656
5048	1.234325779505227
5052	1.2338681311682
5056	1.233410973609481
5060	1.2329544603782412
5064	1.2324984798989584
5068	1.2320430564191283
5072	1.2315881543765885
5076	1.2311337660186625
5080	1.2306799110657582
5084	1.2302265336288738
5088	1.2297736990720791
5092	1.229321394652473
5096	1.228869550078997
6000	1.138416789596812
6004	1.1380615971471297
6008	1.1377067347047565
6012	1.1373522163050156
6016	1.1369980224698415
6020	1.136644151685196
6024	1.1362906748207946
6028	1.135937528958669
6032	1.1355847356402942
6036	1.135232279416797
6040	1.1348801699277369
6044	1.1345284148336523
6048	1.1341770065244208
6052	1.1338259373293271
6056	1.1334752352532358
6060	1.1331248212495382
6064	1.1327747697759105
6068	1.1324250258190887
6072	1.1320756567515078
6076	1.131726614358862
6080	1.1313778841352273
6084	1.1310294864101849
6088	1.1306814252948283
6092	1.130333727946513
6096	1.1299863705297486
7000	1.0591273004718815
7004	1.0588439430823073
7008	1.0585608072537713
7012	1.058277931218589
7016	1.0579952685972245
7020	1.057712835705924
7024	1.0574306400100004
7028	1.0571486763410116
7032	1.0568669688804033
7036	1.0565854670012067
7040	1.0563042207133424
7044	1.0560232023237437
7048	1.0557424202767882
7052	1.055461879481776
7056	1.0551815856564177
7060	1.0549015293783974
7064	1.0546216663455175
7068	1.054342056024359
7072	1.0540626838052731
7076	1.053783514714298
7080	1.0535045775495901
7084	1.0532258915279094
7088	1.0529474275130677
7092	1.052669175329975
7096	1.0523911592934592
8000	0.9949012798339396
8004	0.9946682964242428
8008	0.9944354667267111
8012	0.9942028144390058
8016	0.9939703265687875
8020	0.9937380140246558
8024	0.9935058649559029
8028	0.9932738924641392
8032	0.9930420825719883
8036	0.9928104290312969
8040	0.9925789584737014
8044	0.9923476610457941
8048	0.9921165368591136
8052	0.9918855711968025
8056	0.9916547787543242
8060	0.9914241517215657
8064	0.9911936913217376
8068	0.9909633923903932
8072	0.9907332716608607
8076	0.9905033245055761
8080	0.9902735440360408
8084	0.9900439198831722
8088	0.9898144641183768
8092	0.9895851605343045
8096	0.9893560245751449
9000	0.9414745757615088
9004	0.9412785191750297
9008	0.9410825995935128
9012	0.9408868123406808
9016	0.9406911403893319
9020	0.940495594124771
9024	0.9403001722375752
9028	0.9401048810536259
9032	0.9399097171753106
9036	0.9397146682949575
9040	0.939519752635229
9044	0.939324959703292
9048	0.939130292214513
9052	0.9389357422689018
9056	0.9387413253675911
9060	0.9385470500373851
9064	0.9383528916664281
9068	0.938158865247616
9072	0.9379649625155722
9076	0.9377711880063166
9080	0.9375775414812497
9084	0.9373840200232479
9088	0.9371906281471918
9092	0.9369973474382727
9096	0.936804195535587
