16	34.355577719456065
17	34.46850453466917
18	34.574574873069636
19	29.596393083095094
20	24.587079092421014
21	22.183267770836736
22	20.824557662303746
23	20.526398820773885
24	20.268687399794757
25	18.839056775401517
26	18.146642221976265
27	18.04325090007324
28	17.692868913673337
29	16.710585539565045
30	16.193596435172466
31	16.151958739577402
32	15.932932488098714
33	15.178924939280929
34	15.160642270592172
35	14.948440897013295
36	14.630610090515116
37	14.041938586492192
38	13.80420315124244
39	13.74634845434393
40	13.61625877501533
41	13.134611058769297
42	13.092975242112086
43	13.002867012553036
44	12.796975485966634
45	12.390976690105298
46	12.363350551160568
47	12.276872604739824
48	12.116155028245608
49	11.775254179430341
50	11.755902958019384
51	11.66182110795441
52	11.538918577011277
53	11.248737118655603
54	11.22924379459892
55	11.147876055792551
56	11.040989294522378
57	10.789038814823513
58	10.774578778041501
59	10.691520323182889
60	10.605690401592891
61	10.381289863922468
62	10.370300096863119
63	10.29439995471916
64	10.220833214722878
65	10.020051004533377
66	10.003504045347213
67	9.937819205676215
68	9.877080277292393
69	9.697409776914325
70	9.683300335316929
71	9.62675204550298
72	9.568775930588606
73	9.40531339040285
74	9.39409803316639
75	9.344624181325752
76	9.287227002674195
77	9.14005413897646
78	9.128549429071708
79	9.080343488801073
80	9.031292000490861
81	8.89569782588486
82	8.886401788897672
83	8.888088285556488
84	8.797296603092331
85	8.672688377530744
86	8.674153039608898
87	8.62064258718596
88	8.622613487608662
89	8.46559460381163
90	8.467215128409602
91	8.418159721696743
92	8.419966647898274
93	8.27381222338225
94	8.27530915105301
95	8.231206751725216
96	8.232870555997946
97	8.095190005404632
98	8.0965836162412
99	8.056366443357202
1000	2.6324163564229512
1001	2.628370363870003
1002	2.6282825633653184
1003	2.627650018976238
1004	2.6267498445038675
1005	2.626421441779578
1006	2.6232257104027354
1007	2.6231706097111926
1008	2.622549661373501
1009	2.618588549443098
1010	2.618505866593752
1011	2.6178819255517007
1012	2.616995433044643
1013	2.6166674408200925
1014	2.613829190798018
1015	2.613552060366594
1016	2.612880042745759
1017	2.6089264182464147
1018	2.6088401156924728
1019	2.608226888976252
1020	2.6073506652643705
1021	2.607026591681945
1022	2.604222696788201
1023	2.603944441574201
1024	2.6032845373257376
1025	2.5993743207340616
1026	2.5992891345188402
1027	2.598687169036932
1028	2.597820448373999
1029	2.5974964644522553
1030	2.594394747543659
1031	2.5943415006518173
1032	2.5937558386208557
1033	2.5899224882944796
1034	2.58984138121509
1035	2.589252279898294
1036	2.5884001264027265
1037	2.5880759191090394
1038	2.5850059753539054
1039	2.5849539112678794
1040	2.5843747448383816
1041	2.5805900689357317
1042	2.58051026674488
1043	2.5799230662957795
1044	2.579081196770448
1045	2.5787617553053543
1046	2.5760463980991113
1047	2.5757758899147016
1048	2.5751432791265962
1049	2.571806717022606
1050	2.5714142547569274
1051	2.570755952152236
1052	2.569887828741222
1053	2.5695604735812747
1054	2.5665598114265467
1055	2.566509397347833
1056	2.565942909270638
1057	2.5622388290796794
1058	2.5621610969169026
1059	2.561590828298836
1060	2.560763018685838
1061	2.5604472550580244
1062	2.557789343331474
1063	2.557527842268764
1064	2.5569143162830623
1065	2.5536472914798427
1066	2.5532653776795886
1067	2.55262578919852
1068	2.5517718965449463
1069	2.551448380571329
1070	2.5485143082785986
1071	2.548466079832209
1072	2.5479166647082843
1073	2.544291550247148
1074	2.544215723814961
1075	2.543657981556341
1076	2.542844167066563
1077	2.542536465747594
1078	2.5396416299755087
1079	2.53959465388097
1080	2.5390469350945315
1081	2.535465618387715
1082	2.5353908661318725
1083	2.534834662221913
1084	2.5340318533921526
1085	2.5337288463600096
1086	2.531159553160583
1087	2.5309098180004277
1088	2.530311835999853
1089	2.527148628148131
1090	2.526782827185517
1091	2.5261597171054855
1092	2.52533121757397
1093	2.52502082003985
1094	2.5224765655561083
1095	2.5222289956949044
1096	2.521641683074544
1097	2.5185079466504012
1098	2.518144689666739
1099	2.517532224710271
2000	1.9027733869227572
2001	1.9014963084681604
2002	1.9013385783567438
2003	1.9010821055966534
2004	1.9007478584704525
2005	1.9006236473776448
2006	1.8995899526741944
2007	1.899480971745879
2008	1.8992382425316214
2009	1.8979597324198423
2010	1.8977984347926014
2011	1.897542069436701
2012	1.8972101732197955
2013	1.8970868004588517
2014	1.8960593793583607
2015	1.8959508454185634
2016	1.8957084289183208
2017	1.8944381651839102
2018	1.8942782411819081
2019	1.8940225148543892
2020	1.8936933999082148
2021	1.8935710490039388
2022	1.8925496598824059
2023	1.892441777128941
2024	1.8922008730257331
2025	1.890937592043408
2026	1.89077849178421
2027	1.8905242690847508
2028	1.8901966843572025
2029	1.8900751311473094
2030	1.8890599134826573
2031	1.888952961039235
2032	1.8887126363164632
2033	1.8874575274469447
2034	1.8872986197802502
2035	1.8870456524487755
2036	1.8867207231523024
2037	1.8865999189474167
2038	1.885589676333481
2039	1.8854822483553844
2040	1.885243872088615
2041	1.8839969026048946
2042	1.8838391672456911
2043	1.8835876156018894
2044	1.8832652629142508
2045	1.883144436580502
2046	1.8821401273489657
2047	1.882032888774058
2048	1.8817958197934992
2049	1.880556545104828
2050	1.880399008439841
2051	1.880149679393603
2052	1.8798289125606304
2053	1.8797086825397091
2054	1.8787102929744317
2055	1.8786039346031644
2056	1.878368055842092
2057	1.877135567392863
2058	1.8769788491498929
2059	1.8767308058151044
2060	1.8764116732810638
2061	1.8762923270034455
2062	1.875299954042461
2063	1.8751936485328828
2064	1.874960090351177
2065	1.873734444852376
2066	1.8735777159858253
2067	1.8733317246633583
2068	1.873014346816598
2069	1.8728957556307564
2070	1.871909104275058
2071	1.8718025227404493
2072	1.8715709903055338
2073	1.8703523151430061
2074	1.8701959409470534
2075	1.8699512836391585
2076	1.8696361749967547
2077	1.8695182917944173
2078	1.8685373838817112
2079	1.868431850525079
2080	1.868200838853622
2081	1.8669891470092477
2082	1.8668339691262392
2083	1.8665898809103783
2084	1.8662766394942152
2085	1.866159602110134
2086	1.8651845317313374
2087	1.8650800412448847
2088	1.8648505144147718
2089	1.8636453547526723
2090	1.8634902879091815
2091	1.8632483216623834
2092	1.8629365766850858
2093	1.8628200908157413
2094	1.8618506701507764
2095	1.8617464005080038
2096	1.861517908636109
2097	1.8603199101245382
2098	1.8601660659738848
2099	1.8599254939347432
3000	1.5741500738313405
3001	1.5734436715671194
3002	1.5733518418525712
3003	1.573211193411267
3004	1.5730289818907686
3005	1.5729585794184335
3006	1.572386744286058
3007	1.5723239373410718
3008	1.5721912017244124
3009	1.571487413044136
3010	1.571396063954201
3011	1.5712559813410243
3012	1.571074370499772
3013	1.5710043255725155
3014	1.5704347391590847
3015	1.5703722153910764
3016	1.5702396831789942
3017	1.569538773336559
3018	1.5694478156235703
3019	1.569308240788851
3020	1.5691272532157066
3021	1.569057609134324
3022	1.5684899411231985
3023	1.5684274819028092
3024	1.5682956828410963
3025	1.567597511150554
3026	1.5675070210151631
3027	1.5673683483425473
3028	1.5671880893095391
3029	1.5671184795671473
3030	1.5665529994384548
3031	1.566490823969422
3032	1.5663595221970206
3033	1.5656639099798635
3034	1.5655739085402072
3035	1.5654354472910272
3036	1.5652560140118699
3037	1.5651867166827165
3038	1.5646231573286273
3039	1.5645612988132394
3040	1.5644304827617286
3041	1.5637378341152652
3042	1.5636479230588052
3043	1.563510260177263
3044	1.563331838412311
3045	1.5632625680263827
3046	1.562701173717592
3047	1.5626392656022112
3048	1.5625092030938232
3049	1.5618190858061807
3050	1.5617296285429578
3051	1.5615925159854354
3052	1.5614146355925567
3053	1.561345721864662
3054	1.5607862008152336
3055	1.5607244396779962
3056	1.560594789670354
3057	1.559907562825337
3058	1.559818580212298
3059	1.559681994990526
3060	1.5595049867882627
3061	1.5594361240682648
3062	1.558878833309218
3063	1.5588171810282867
3064	1.5586880093964686
3065	1.5580035582425116
3066	1.5579146881218984
3067	1.5577785772123944
3068	1.5576023997225152
3069	1.5575338296419639
3070	1.556978769338173
3071	1.5569175285160972
3072	1.5567885489457478
3073	1.5561067761308425
3074	1.5560183887846426
3075	1.5558824799442674
3076	1.5557071690397397
3077	1.5556390107819975
3078	1.5550860485415254
3079	1.5550250078378323
3080	1.554896412866427
3081	1.554217240769807
3082	1.5541292258150627
3083	1.553994127222903
3084	1.5538190705087276
3085	1.5537511794621182
3086	1.5532004232015346
3087	1.553139698867914
3088	1.5530115846385986
3089	1.5523348131120902
3090	1.5522472750773435
3091	1.5521124051286306
3092	1.5519383073164443
3093	1.5518707986849416
3094	1.5513217786705766
3095	1.5512611672192151
3096	1.551133423674294
3097	1.5504595356098143
3098	1.550372430762938
3099	1.5502380603330699
4000	1.3759956574151175
4001	1.3755365215730933
4002	1.3754770301354027
4003	1.3753816821931675
4004	1.37526598050157
4005	1.3752187147876935
4006	1.374842100723923
4007	1.3748007154234232
4008	1.3747101746919892
4009	1.3742524980769049
4010	1.3741932178471161
4011	1.3740981751296488
4012	1.3739829203448677
4013	1.3739357026123924
4014	1.3735600460932402
4015	1.3735187889053322
4016	1.3734285084781415
4017	1.3729722607547785
4018	1.3729132050669106
4019	1.3728184472770633
4020	1.3727036435700344
4021	1.3726564530860519
4022	1.3722817460087582
4023	1.3722406484828147
4024	1.3721507926819794
4025	1.371695835157344
4026	1.3716369981546195
4027	1.3715425151797913
4028	1.3714279470853905
4029	1.3713809086733841
4030	1.3710073382969452
4031	1.3709664295514217
4032	1.3708768493704124
4033	1.370423121420807
4034	1.3703644667701214
4035	1.3702702578945352
4036	1.3701559894609219
4037	1.370109084517893
4038	1.369736636761198
4039	1.3696957318607412
4040	1.369606352478273
4041	1.3691541194196246
4042	1.3690955076072417
4043	1.3690017190739074
4044	1.3688877668834263
4045	1.368841016694816
4046	1.3684696560356642
4047	1.3684288766246524
4048	1.3683399472470867
4049	1.3678887811112614
4050	1.3678303669897458
4051	1.3677368590101968
4052	1.367623128002872
4053	1.367576527829238
4054	1.3672062900817665
4055	1.3671655508214986
4056	1.3670768286264554
4057	1.3666270687404096
4058	1.366568722573047
4059	1.3664754580762797
4060	1.366362159845631
4061	1.3663157487937154
4062	1.365946601482309
4063	1.365905998923034
4064	1.3658174012741062
4065	1.365369014723306
4066	1.365310884555318
4067	1.3652176943744507
4068	1.3651048317610026
4069	1.365058553267339
4070	1.36469051264873
4071	1.3646500727518946
4072	1.364561727493437
4073	1.3641145868554485
4074	1.364056588369318
4075	1.3639636790222724
4076	1.3638510772390118
4077	1.363804967915248
4078	1.363438039786715
4079	1.363397763292099
4080	1.3633096872771404
4081	1.3628637747949621
4082	1.3628059877202614
4083	1.3627133519567507
4084	1.3626009759746172
4085	1.3625549999373323
4086	1.3621890022917906
4087	1.3621488872599834
4088	1.3620610674847042
4089	1.361616542808959
4090	1.361558974753727
4091	1.3614665926153717
4092	1.3613546566622485
4093	1.3613086655946849
4094	1.3609437225634107
4095	1.3609037887013744
4096	1.3608160769687447
4097	1.3603728779534416
4098	1.3603154856241906
4099	1.360223209564165
5000	1.2395993613092218
5001	1.2392699929102664
5002	1.2392268046230588
5003	1.2391566582401066
5004	1.239074604737299
5005	1.239040428608595
5006	1.238768964545351
5007	1.2387388818840062
5008	1.2386723582590735
5009	1.238343835359734
5010	1.2383006979936508
5011	1.2382307093116542
5012	1.2381489137496644
5013	1.2381148400600577
5014	1.2378440200921434
5015	1.2378140031983254
5016	1.2377476272910548
5017	1.2374198498396711
5018	1.2373768229215065
5019	1.237307101498367
5020	1.2372254135896998
5021	1.237191444815856
5022	1.2369212507314824
5023	1.2368912870335382
5024	1.236825076583784
5025	1.2364980201673026
5026	1.236455134078912
5027	1.23638548789496
5028	1.2363040283963451
5029	1.2362701410264818
5030	1.2360006004309643
5031	1.2359707592455436
5032	1.2359046252593986
5033	1.2355783968984992
5034	1.2355356128190904
5035	1.2354661237642657
5036	1.2353848033099357
5037	1.2353509842972488
5038	1.2350819956039836
5039	1.2350522530522325
5040	1.234986377270342
5041	1.2346608711677907
5042	1.2346182112811164
5043	1.2345489525686175
5044	1.234467782272112
5045	1.234433969658908
5046	1.234165622246755
5047	1.2341359696850454
5048	1.2340702434898914
5049	1.233745444804009
5050	1.233702904788909
5051	1.23363373202354
5052	1.233552781424263
5053	1.2335190674163887
5054	1.233251374215208
5055	1.2332218381517395
5056	1.233156253224383
5057	1.2328321471448485
5058	1.2327897174792155
5059	1.2327207981174522
5060	1.2326400527734003
5061	1.2326063455748044
5062	1.2323391711965608
5063	1.2323096757509986
5064	1.2322443459939567
5065	1.231921010466674
5066	1.2318786890106976
5067	1.231810025453286
5068	1.231729337524647
5069	1.2316957062099947
5070	1.2314291603097596
5071	1.2313997366382088
5072	1.231334559670327
5073	1.2310119498303105
5074	1.2309697395141432
5075	1.2309012355324378
5076	1.230820702597321
5077	1.230787168118011
5078	1.23052124996987
5079	1.2304919136687373
5080	1.23042689278184
5081	1.2301049643614423
5082	1.2300628807713467
5083	1.2299944547875041
5084	1.229914118206838
5085	1.2298806902780195
5086	1.2296154215506685
5087	1.229586092737492
5088	1.2295212177453274
5089	1.2292000951226545
5090	1.2291580340531911
5091	1.2290897506275473
5092	1.2290096790724059
5093	1.2289763242541818
5094	1.2287116857597893
5095	1.2286824759504027
5096	1.2286176748902562
5097	1.2282973330711513
5098	1.2282553835649992
5099	1.2281872552345277
6000	1.1382187054636683
6001	1.1379661634406457
6002	1.1379334154848757
6003	1.1378801127028924
6004	1.137816733404753
6005	1.1377903663742277
6006	1.1375823800529103
6007	1.1375595648597687
6008	1.1375089937371134
6009	1.1372569756130058
6010	1.1372242424889818
6011	1.1371710351238846
6012	1.1371078297927313
6013	1.1370815329417276
6014	1.1368739601535767
6015	1.1368511889995716
6016	1.1368006640825865
6017	1.1365491640302672
6018	1.1365165116338545
6019	1.1364633444391623
6020	1.1364002752937248
6021	1.1363740460633454
6022	1.1361668377553464
6023	1.136144118245825
6024	1.1360936757442786
6025	1.135842700276854
6026	1.135810146538164
6027	1.1357571481543256
6028	1.1356942738898201
6029	1.135668016026895
6030	1.1354611297029429
6031	1.1354384228079795
6032	1.1353880689010687
6033	1.1351376273755247
6034	1.1351051729646944
6035	1.135052224589213
6036	1.1349894784101702
6037	1.1349632866704213
6038	1.1347568215486858
6039	1.1347341796827584
6040	1.1346838686008172
6041	1.1344339280504878
6042	1.1344015395924123
6043	1.134348633770186
6044	1.134286041556257
6045	1.1342599201879937
6046	1.1340538792208052
6047	1.1340313037881922
6048	1.1339810960037067
6049	1.133731614061676
6050	1.1336992857775128
6051	1.1336465428548017
6052	1.1335839848505869
6053	1.1335579189485547
6054	1.1333522979312596
6055	1.1333297694472075
6056	1.1332797247514206
6057	1.1330306533945262
6058	1.1329983913640747
6059	1.1329457523424817
6060	1.1328832820106571
6061	1.1328572721471353
6062	1.132652070122281
6063	1.1326296159702105
6064	1.1325796155424617
6065	1.1323310400435316
6066	1.1322988582910227
6067	1.1322463279258228
6068	1.132183941530704
6069	1.132157989684912
6070	1.1319532029071633
6071	1.131930821103292
6072	1.1318809873868756
6073	1.1316327980422978
6074	1.1316006864963133
6075	1.1315482565884036
6076	1.1314859387184752
6077	1.1314600465084899
6078	1.1312556762273254
6079	1.1312333555973981
6080	1.131183567011996
6081	1.130935880612661
6082	1.130903841180518
6083	1.1308515170940072
6084	1.1307893148620298
6085	1.130763474983294
6086	1.1305595051759905
6087	1.1305372428310165
6088	1.1304875536451255
6089	1.130240333275382
6090	1.1302083043582902
6091	1.1301560722759232
6092	1.1300940512418494
6093	1.1300682845016652
6094	1.129864633835745
6095	1.1298423206670631
6096	1.1297927559273884
6097	1.1295460626535818
6098	1.1295141402136464
6099	1.1294620747519857
7000	1.0589683950987574
7001	1.0587672693083638
7002	1.0587413571905613
7003	1.0586985287585975
7004	1.058648253162651
7005	1.0586272127787075
7006	1.0584611483918926
7007	1.0584429350149804
7008	1.058402194367912
7009	1.0582013853850427
7010	1.0581755213842592
7011	1.0581328071112872
7012	1.0580825512957188
7013	1.0580615435066907
7014	1.0578957685110852
7015	1.0578775637176925
7016	1.0578369317088714
7017	1.0576364355943502
7018	1.0576105820945765
7019	1.0575679370099336
7020	1.0575177840139187
7021	1.0574968168397005
7022	1.0573313302343372
7023	1.0573131743764443
7024	1.057272574360429
7025	1.0570724220111507
7026	1.0570466283961903
7027	1.0570040426794467
7028	1.056954002835741
7029	1.056933042334446
7030	1.0567677940933107
7031	1.056749668007688
7032	1.0567091306347542
7033	1.0565093531873881
7034	1.0564836052946687
7035	1.0564410994689664
7036	1.056391130163607
7037	1.0563702018073162
7038	1.056205239695844
7039	1.0561871621435275
7040	1.0561467298322555
7041	1.0559472300560448
7042	1.0559215180168406
7043	1.055879115472451
7044	1.0558292146545813
7045	1.0558082904261994
7046	1.0556435274652256
7047	1.0556254733625026
7048	1.0555851542860417
7049	1.0553860177657368
7050	1.0553603623121353
7051	1.0553180323175981
7052	1.0552682341926691
7053	1.0552473215233664
7054	1.0550828407769868
7055	1.0550648180325397
7056	1.055024567616983
7057	1.0548257500354372
7058	1.0548001373394318
7059	1.0547579245222023
7060	1.0547081576868387
7061	1.054687278245119
7062	1.054523083029641
7063	1.0545051099311327
7064	1.054464934945839
7065	1.0542664188256723
7066	1.0542408522206963
7067	1.0541986672123578
7068	1.0541489957106294
7069	1.0541281616839642
7070	1.0539642540839405
7071	1.053946323573855
7072	1.053906217609412
7073	1.0537080246185484
7074	1.0536825001068348
7075	1.0536404133381108
7076	1.0535907722630733
7077	1.0535699698843766
7078	1.0534063479069535
7079	1.0533884578607546
7080	1.053348462097163
7081	1.053150547216797
7082	1.0531250617694279
7083	1.0530830929849195
7084	1.0530334783295963
7085	1.0530127089487673
7086	1.0528493697805095
7087	1.052831531695163
7088	1.0527916054933253
7089	1.0525939909211812
7090	1.0525685562551719
7091	1.052526656166577
7092	1.0524771025754003
7093	1.0524563663865232
7094	1.052293309962606
7095	1.0522755231369383
7096	1.0522356675592641
7097	1.0520383594141136
7098	1.0520129630811221
7099	1.0519711280230581
8000	0.9947712105321176
8001	0.9946054138740684
8002	0.9945839466007784
8003	0.9945491425893282
8004	0.9945072712053813
8005	0.9944899812711039
8006	0.9943536321901412
8007	0.9943386554642222
8008	0.994305606247693
8009	0.9941400218672357
8010	0.9941185494127034
8011	0.9940838248570774
8012	0.9940420109045378
8013	0.9940247500302121
8014	0.99388860971207
8015	0.9938736285922163
8016	0.9938406305877029
8017	0.9936753024144994
8018	0.9936538700139241
8019	0.9936191674319916
8020	0.9935774338380344
8021	0.9935602131055985
8022	0.9934242774196241
8023	0.9934093197326038
8024	0.9933763660487146
8025	0.9932112664667714
8026	0.993189869800398
8027	0.9931552186321105
8028	0.9931135301849318
8029	0.9930963387047775
8030	0.9929606119397365
8031	0.9929456796137331
8032	0.9929127458881821
8033	0.9927479019799865
8034	0.9927265397829195
8035	0.9926919103841867
8036	0.9926503036504153
8037	0.9926331501349364
8038	0.9924976274692443
8039	0.9924827172711589
8040	0.9924498320789031
8041	0.9922852236777748
8042	0.9922638995463129
8043	0.9922293546735983
8044	0.9921877662176776
8045	0.9921706366588418
8046	0.9920353186229488
8047	0.9920204377408427
8048	0.9919876024330723
8049	0.991823214603536
8050	0.9918019270333253
8051	0.9917674042898019
8052	0.9917258928149407
8053	0.9917087990082507
8054	0.9915736832186105
8055	0.9915588300660199
8056	0.991526044331744
8057	0.9913618864038745
8058	0.9913406346959533
8059	0.9913061944008222
8060	0.9912646995917574
8061	0.9912476293021872
8062	0.991112717631924
8063	0.9910978994006466
8064	0.9910651664542249
8065	0.9909012268801515
8066	0.9908800103129799
8067	0.9908455894687365
8068	0.9908041627791447
8069	0.9907871255493106
8070	0.9906524196216677
8071	0.9906376316944326
8072	0.9906049176591251
8073	0.9904412255656279
8074	0.990420051268814
8075	0.9903856534438356
8076	0.990344292578615
8077	0.9903272876400064
8078	0.9901927888057898
8079	0.9901780373450684
8080	0.990145366801807
8081	0.989981907859587
8082	0.9899607665809533
8083	0.9899264391816012
8084	0.9898851106133378
8085	0.9898681329171755
8086	0.9897338332818119
8087	0.9897190966202135
8088	0.9896865040810887
8089	0.9895232482407273
8090	0.9895021302256373
8091	0.9894678860212451
8092	0.9894265823248181
8093	0.9894096316585088
8094	0.9892755353523324
8095	0.9892608291913264
8096	0.9892282869186693
8097	0.9890652514498441
8098	0.9890441745014026
8099	0.989009951583764
9000	0.9413654387223431
9001	0.9412256048808298
9002	0.9412076330918646
9003	0.9411785627888463
9004	0.9411429625811492
9005	0.94112842097551
9006	0.9410137187493182
9007	0.941001210679336
9008	0.9409736044478212
9009	0.9408339507208909
9010	0.9408160020436362
9011	0.9407869825537714
9012	0.9407514247790252
9013	0.9407368861665524
9014	0.9406223388558159
9015	0.9406098470637019
9016	0.9405822737640945
9017	0.9404427939898243
9018	0.9404248704892859
9019	0.9403958687889191
9020	0.9403603711053312
9021	0.940345862405914
9022	0.9402314692330864
9023	0.9402189941047512
9024	0.9401914546623451
9025	0.9400521584500008
9026	0.940034233605958
9027	0.940005287010381
9028	0.9399698349816958
9029	0.9399553441086499
9030	0.9398411066386836
9031	0.93982862708621
9032	0.9398011480883173
9033	0.9396620320223286
9034	0.9396441305917433
9035	0.9396152201940238
9036	0.9395798066634806
9037	0.9395653349476905
9038	0.9394512514112545
9039	0.9394387940638405
9040	0.9394113294249467
9041	0.939272399796266
9042	0.9392545265928371
9043	0.9392256338297875
9044	0.9391902755157124
9045	0.939175829255354
9046	0.9390619015465445
9047	0.9390494509473251
9048	0.9390220213924856
9049	0.9388832840298629
9050	0.9388654184492093
9051	0.9388365578491382
9052	0.9388012521720279
9053	0.9387868266406465
9054	0.9386730535538517
9055	0.9386606273472651
9056	0.9386332143075513
9057	0.9384946637372555
9058	0.9384768259958514
9059	0.9384479817314209
9060	0.9384127357543037
9061	0.9383983379940923
9062	0.9382847159850025
9063	0.9382723090722616
9064	0.9382449054554947
9065	0.9381065414391974
9066	0.9380887374000406
9067	0.9380599100214269
9068	0.9380247127508103
9069	0.9380103395397286
9070	0.9378968736072879
9071	0.9378844686398211
9072	0.9378570932688146
9073	0.9377189256426597
9074	0.9377011274641247
9075	0.9376723279365251
9076	0.937637196934983
9077	0.9376228515961382
9078	0.9375095367518926
9079	0.9374971414787152
9080	0.9374697794910669
9081	0.9373318067278213
9082	0.9373140327660421
9083	0.937285275021507
9084	0.9372501888715399
9085	0.9372358697968424
9086	0.9371227042632184
9087	0.9371103260182121
9088	0.9370830182440346
9089	0.9369451967119529
9090	0.9369274502551266
9091	0.9368987528742947
9092	0.9368636817182736
9093	0.9368493803132496
9094	0.9367363656764973
9095	0.9367240144381852
9096	0.9366967445176162
9097	0.9365590857984558
9098	0.9365413690910793
9099	0.9365126854722838
