16	34.355577719456065
20	24.587195508266824
24	19.32556892988536
28	16.12038225624533
32	14.151966699929604
36	13.519081301794905
40	12.43164488581959
44	11.683418958506286
48	11.169423942327146
52	10.593319110736228
56	10.260083508412656
60	9.998555220259945
64	9.627629239318324
68	9.172234044075807
72	8.828329815688331
76	8.58873089442441
80	8.346707022490136
84	8.133525085425687
88	7.909137447671255
92	7.732409462108011
96	7.574695144034447
1000	2.441472992520845
1004	2.439598843729024
1008	2.4332593774564426
1012	2.4295418304822456
1016	2.423268143929707
1020	2.421211664445072
1024	2.4153575706332377
1028	2.410145333378744
1032	2.408557580573162
1036	2.4022926373447393
1040	2.398711418295742
1044	2.3935266502346586
1048	2.390004907397422
1052	2.3852721980064437
1056	2.380787796118357
1060	2.3760092621725497
1064	2.3723002927543657
1068	2.3704106771103506
1072	2.3639174478181304
1076	2.360462482836188
1080	2.3552207339302518
1084	2.3552196600030895
1088	2.3502612361410278
1092	2.342913968004524
1096	2.3412855253166054
2000	1.772300390341676
2004	1.7709327267854271
2008	1.7695439459069515
2012	1.7663569042147933
2016	1.7661170876345882
2020	1.7643187575498522
2024	1.7612544099101672
2028	1.7598569065889733
2032	1.7586583489141787
2036	1.7581283033867108
2040	1.7563675398169827
2044	1.75470108426987
2048	1.7525113508107117
2052	1.7511324378531992
2056	1.7499249142162456
2060	1.748999240598771
2064	1.7469215654802748
2068	1.7448353823110871
2072	1.7432724958080386
2076	1.7419652707070676
2080	1.7388026377746078
2084	1.738034049428092
2088	1.7366092922564613
2092	1.7332959375214274
2096	1.7324720897629855
3000	1.4608463568036791
3004	1.460070827772812
3008	1.4593213077793799
3012	1.4580811505763314
3016	1.4569072872846405
3020	1.4558500256632874
3024	1.4550316789087598
3028	1.4538006585431966
3032	1.4526022415230244
3036	1.4519730279553822
3040	1.4515194977661512
3044	1.4507987206968675
3048	1.4498209081681193
3052	1.4486465349853381
3056	1.447949583345685
3060	1.4471793457384605
3064	1.4463236795825773
3068	1.4456271180204232
3072	1.4447654375581411
3076	1.443677168786965
3080	1.4428469604485101
3084	1.4420172044151827
3088	1.4403965648930763
3092	1.4393365531028028
3096	1.4387350855413963
4000	1.2784473873568523
4004	1.2777117991055527
4008	1.2769964188416516
4012	1.2764430317421995
4016	1.2758886336124138
4020	1.2754013842477527
4024	1.2749293682084553
4028	1.2742103440730042
4032	1.2737330575659696
4036	1.2731697008273186
4040	1.272624440307336
4044	1.2720730576973855
4048	1.2716965702912688
4052	1.2713604969743075
4056	1.270486231807455
4060	1.2700307734514755
4064	1.2690609807413087
4068	1.2687947949842064
4072	1.26826823344682
4076	1.267538636625247
4080	1.2669782229866464
4084	1.2664442061538097
4088	1.2657245123931662
4092	1.2651833899059988
4096	1.2646852019343036
5000	1.1501500576707147
5004	1.1496774750228202
5008	1.1491146738132914
5012	1.1488121825380069
5016	1.1484401862912932
5020	1.1482652828278725
5024	1.147818273135246
5028	1.1473852710790848
5032	1.1467784685638145
5036	1.1465446645981652
5040	1.1462016162452857
5044	1.1458163159911006
5048	1.1454311338969283
5052	1.1450767063566913
5056	1.1446054649913013
5060	1.143996228082329
5064	1.143790485311094
5068	1.1434597058059268
5072	1.1432019421301975
5076	1.142791095217235
5080	1.1423646169436537
5084	1.1419334220317654
5088	1.141338817630558
5092	1.1409476399729543
5096	1.1405784452965029
6000	1.0572288469325324
6004	1.0568811849212543
6008	1.0566093099406126
6012	1.0562934522828256
6016	1.0558319498709343
6020	1.0552985319344899
6024	1.0548767125491976
6028	1.0546244764160957
6032	1.0543725284837384
6036	1.0540822643376209
6040	1.0537889024381135
6044	1.0532209988147347
6048	1.0530064622005015
6052	1.0525581514193434
6056	1.0522923527763068
6060	1.0518625865518514
6064	1.0514674721963881
6068	1.0510599739461899
6072	1.0508004786683713
6076	1.0504905447468884
6080	1.0501952224643967
6084	1.0500236823995768
6088	1.0495863653782376
6092	1.0492704485064255
6096	1.0491133908713348
7000	0.9822149300161626
7004	0.9819435887094302
7008	0.9816788165101756
7012	0.9813376188616683
7016	0.9810927794805113
7020	0.9805274501709519
7024	0.9802164789959048
7028	0.9799545332303
7032	0.9797363792310917
7036	0.9794258279662296
7040	0.9791800398571769
7044	0.9790538016552512
7048	0.9788058608775705
7052	0.9785394277606209
7056	0.9782709196397978
7060	0.9779472334693168
7064	0.9777165445862044
7068	0.9774614748224953
7072	0.9772047738257066
7076	0.9769899550861265
7080	0.9766374685915573
7084	0.9764260184766621
7088	0.9761300950890837
7092	0.9758885197650674
7096	0.975583657388718
8000	0.9223294861849498
8004	0.9222077821370491
8008	0.9219848205351715
8012	0.9218146547757826
8016	0.9216263276249317
8020	0.9214078993876529
8024	0.921118256942308
8028	0.9209564587460801
8032	0.920767438430685
8036	0.9204850374961964
8040	0.9202786135939318
8044	0.920108348933768
8048	0.9199718613324332
8052	0.9197828751476629
8056	0.9195111635142412
8060	0.9192908013192005
8064	0.9191071620730082
8068	0.9189074913035049
8072	0.9187036193683953
8076	0.9183883805328219
8080	0.9181978513899762
8084	0.9178537394561914
8088	0.917588827148192
8092	0.9173992079266242
8096	0.9172110688466861
9000	0.872951416502727
9004	0.8727000382447483
9008	0.8725438268239629
9012	0.8722984529666
9016	0.8721504763139558
9020	0.8720072001703838
9024	0.871832462475822
9028	0.8715879521162766
9032	0.871286624507007
9036	0.8712372156856887
9040	0.8710997931260509
9044	0.8709366793987543
9048	0.8707670181261731
9052	0.8705693861807526
9056	0.8704076157326259
9060	0.870243754144014
9064	0.8700809630867479
9068	0.8699321506382347
9072	0.8697743982234836
9076	0.8696059920410126
9080	0.8693647807858449
9084	0.8692051241011276
9088	0.8690446247754013
9092	0.8688096987610319
9096	0.8686291008815663
10000	0.8309586963133395
10004	0.8308003118965559
10008	0.8306744593846715
10012	0.8305476255104627
10016	0.8303973293218807
10020	0.830175147845817
10024	0.8299967057839059
10028	0.8297801643363365
10032	0.8296706260664215
10036	0.8294721213861789
10040	0.8293265175915623
10044	0.8292476091814334
10048	0.8290418009748743
10052	0.8288541287563735
10056	0.8286523609484564
10060	0.8284692595695913
10064	0.828427234462146
10068	0.8283089411709073
10072	0.8281558583324657
10076	0.8279790046744893
10080	0.8278569594363145
10084	0.8277150822233721
10088	0.8275681089634566
10092	0.8274455094417248
10096	0.8273012199767535
11000	0.7942138939511514
11004	0.7941033417541707
11008	0.7939330474737569
11012	0.7938234689951746
11016	0.7937025108015976
11020	0.7935807219961499
11024	0.7934681942562445
11028	0.7933343507796011
11032	0.793205994907495
11036	0.793082086207392
11040	0.7930031392277428
11044	0.7928036345989344
11048	0.792667639274043
11052	0.792601235047212
11056	0.7924959675978873
11060	0.7923784207053299
11064	0.7922200378930477
11068	0.7920194495045616
11072	0.7919639531647789
11076	0.7918309389130891
11080	0.7916975976247849
11084	0.7915747952783287
11088	0.7914954279296627
11092	0.7912700632005152
11096	0.7911448996284087
12000	0.7624940159149476
12004	0.7623909812666774
12008	0.7622805509717985
12012	0.7621565571800928
12016	0.7620160075685234
12020	0.7618901587462685
12024	0.7617406178957564
12028	0.7615934761237912
12032	0.7614862297378988
12036	0.7613836274292385
12040	0.7612618920589509
12044	0.7611460317336454
12048	0.7610592491269301
12052	0.7609369619081692
12056	0.7608554956593085
12060	0.7607383660316005
12064	0.7606273457227608
12068	0.7605069069749684
12072	0.7603875810109275
12076	0.7602809056484967
12080	0.7601818813491119
12084	0.760051348450907
12088	0.759979909272783
12092	0.759860434188798
12096	0.7596958887636949
13000	0.7346794327693655
13004	0.7345835320092267
13008	0.734500178845368
13012	0.7344076184304824
13016	0.7342998251407575
13020	0.7341505148690786
13024	0.7340523288999101
13028	0.7339522347494736
13032	0.7338244687749818
13036	0.7337207543213244
13040	0.7336376359055901
13044	0.7335352982374579
13048	0.7334182288365749
13052	0.733318736987759
13056	0.7332114540285626
13060	0.7331104472061796
13064	0.73298068206969
13068	0.732884268709932
13072	0.7327488243989486
13076	0.7326523767365134
13080	0.7326100476971495
13084	0.7324700906725055
13088	0.7323257308106728
13092	0.7322253030730503
13096	0.732143909291664
14000	0.7095817402441356
14004	0.709468689403336
14008	0.7093540910844427
14012	0.7092787497782305
14016	0.7091999279006915
14020	0.7091240533050791
14024	0.7090028073324692
14028	0.7089259618854906
14032	0.7088309878065482
14036	0.7087055782577925
14040	0.7086175924762994
14044	0.708494102054928
14048	0.7084149954988341
14052	0.7083323591687267
14056	0.7082361740436174
14060	0.7081151252143092
14064	0.708041886395312
14068	0.7079465923334278
14072	0.7078532878968091
14076	0.707722796849614
14080	0.707662606771917
14084	0.7075546649158075
14088	0.7074813627047258
14092	0.7074025108656632
14096	0.7072732432795827
15000	0.6872444930450887
15004	0.687168198336312
15008	0.6870942207316197
15012	0.6870055269307151
15016	0.6869233570398552
15020	0.6868331371880303
15024	0.6867136260073905
15028	0.6866052156564024
15032	0.6865326197203792
15036	0.6864521687119709
15040	0.6863706294439678
15044	0.6862514923980134
15048	0.6861761673646609
15052	0.6860905048927983
15056	0.6859712324597824
15060	0.6858613259354551
15064	0.6857468445901467
15068	0.6856854160080481
15072	0.6856191499788413
15076	0.6854920266247237
15080	0.6854283772764775
15084	0.6853449774352245
15088	0.6852662873291204
15092	0.6851925798400846
15096	0.6851103340336291
16000	0.6668619260017352
16004	0.6667849074920225
16008	0.6667262527545257
16012	0.6666315695932483
16016	0.6664838903053782
16020	0.6663979014322543
16024	0.6663029264378004
16028	0.6662467826230489
16032	0.6661854867298174
16036	0.6661051674911986
16040	0.6660295105549858
16044	0.6659614861687215
16048	0.6658643592844293
16052	0.6657859256956051
16056	0.6656922186927217
16060	0.665588833742992
16064	0.6654930243002166
16068	0.6654310806566652
16072	0.6653330564478099
16076	0.6652642133032067
16080	0.6651873924874552
16084	0.6650605520705861
16088	0.665029668922402
16092	0.6649723311185298
16096	0.664924971517534
17000	0.6481362591010993
17004	0.6480689536155408
17008	0.647999256870321
17012	0.6479439099590858
17016	0.6478749666997392
17020	0.6478237195398151
17024	0.6477513410780928
17028	0.6476555558143173
17032	0.6476228671622821
17036	0.6475622649994464
17040	0.6475071383159068
17044	0.6474060938460848
17048	0.6473430046698088
17052	0.647284812444149
17056	0.6472109362578555
17060	0.6471071787484388
17064	0.6470458502446161
17068	0.646977220878842
17072	0.6469438465355837
17076	0.6468734304931312
17080	0.646802160430139
17084	0.6467052390299721
17088	0.646635455429071
17092	0.6465700338620768
17096	0.646509747216693
18000	0.6312931259037791
18004	0.6312221495131287
18008	0.6311840269518665
18012	0.6310849349698826
18016	0.6310510147871895
18020	0.6309947779523923
18024	0.6309227736017644
18028	0.6308380902827144
18032	0.630771175431474
18036	0.6307193044401922
18040	0.6306463062026264
18044	0.630551654794153
18048	0.6304645565913911
18052	0.6304151250399752
18056	0.6303595835295268
18060	0.6302764048365703
18064	0.6302232717868692
18068	0.6301634714378033
18072	0.630072722514837
18076	0.6300108398430537
18080	0.6299494747494272
18084	0.6299200324658096
18088	0.6298595786379622
18092	0.6297736597909702
18096	0.6297124890474122
19000	0.6158152127348435
19004	0.6157559992165953
19008	0.6157041225533355
19012	0.6156659037217793
19016	0.6156074685122435
19020	0.6155727790294425
19024	0.61551700042328
19028	0.6154585774239241
19032	0.6154010247939576
19036	0.6153512100304681
19040	0.615298784460738
19044	0.6152499432911451
19048	0.6151925030033305
19052	0.6151135535449326
19056	0.6150538664875631
19060	0.6149782423367927
19064	0.6149313048398464
19068	0.6148581728169773
19072	0.6148077701649661
19076	0.6147496974107558
19080	0.6146930749107715
19084	0.6146372670738227
19088	0.6145886611882241
19092	0.6145057638763496
19096	0.614452307688361
20000	0.6013604656952711
20004	0.6013113279808169
20008	0.6012391175396901
20012	0.6011910144699351
20016	0.6011190419935688
20020	0.6010569503477985
20024	0.6010070859558145
20028	0.6009394759247071
20032	0.6008868572811203
20036	0.600819406923657
20040	0.6007503727689691
20044	0.6006814652783039
20048	0.600631234430016
20052	0.6005539990727855
20056	0.6005021655302683
20060	0.6004746130551872
20064	0.6004006235717629
20068	0.6003487965846306
20072	0.6002987777897137
20076	0.6002414016234954
20080	0.6001692615100662
20084	0.6001392531772574
20088	0.6000831040135703
20092	0.6000245442841332
20096	0.5999698303509766
21000	0.587618878177329
21004	0.5875690308893868
21008	0.5875009584668422
21012	0.5874319948571118
21016	0.587387020546013
21020	0.5873211365396269
21024	0.587255304185041
21028	0.5871858287460925
21032	0.5871427314668076
21036	0.5870702431097543
21040	0.5870246883872086
21044	0.5869824225173292
21048	0.5869335446814792
21052	0.5868856802058988
21056	0.5868340599352444
21060	0.5867602840907511
21064	0.5867114231249251
21068	0.5866696585731659
21072	0.5866259563808964
21076	0.5865961553873213
21080	0.5865518714298184
21084	0.5865008288386475
21088	0.5864270797188795
21092	0.5863836314594346
21096	0.5863117106736351
22000	0.5750886252146921
22004	0.5750255908933721
22008	0.5749833017798438
22012	0.5749635998914175
22016	0.574921038093221
22020	0.5748529149882757
22024	0.5748138267020722
22028	0.5747715146757069
22032	0.5747181013778471
22036	0.5746475355615455
22040	0.5745810477563376
22044	0.5745429702909961
22048	0.574480815440771
22052	0.5744418469236634
22056	0.5743992995876488
22060	0.5743221514880861
22064	0.5742625770995253
22068	0.5742262447140767
22072	0.5741671962989141
22076	0.5741273116267951
22080	0.574063200001333
22084	0.5740203765047478
22088	0.573961156108378
22092	0.5739167611770604
22096	0.5738925033224485
23000	0.5632327016718195
23004	0.5631843179811971
23008	0.5631415601886185
23012	0.5630835481315559
23016	0.5630441521914147
23020	0.56300330203334
23024	0.5629616526400081
23028	0.5628995214319621
23032	0.5628558713772049
23036	0.5628142882325493
23040	0.5627748836951199
23044	0.5627333918946178
23048	0.5627160018479764
23052	0.5626698297579884
23056	0.5626105696921035
23060	0.5625828580622074
23064	0.5625447988442898
23068	0.562492158833416
23072	0.5624256440947608
23076	0.562369171490898
23080	0.5623365089703594
23084	0.5622920136744987
23088	0.5622537330105948
23092	0.5621732874024679
23096	0.5621309282161104
24000	0.552171039445249
24004	0.5521123387879001
24008	0.5520901496110104
24012	0.5520529539947234
24016	0.5520078736710383
24020	0.5519642769443092
24024	0.5519234733844747
24028	0.5518620027004304
24032	0.5518249479485062
24036	0.5517887769795706
24040	0.5517520116081478
24044	0.5517055123189121
24048	0.5516447358393306
24052	0.5516071915825294
24056	0.551571970553637
24060	0.5515116623840555
24064	0.5514706028744585
24068	0.5514493747330951
24072	0.5514130050323376
24076	0.5513465330036058
24080	0.5513080711055904
24084	0.5512520264368135
24088	0.5512301188714592
24092	0.5511743121251667
24096	0.5511499400864945
25000	0.5416717916902039
25004	0.5416435833017157
25008	0.5415874945849706
25012	0.5415672312274136
25016	0.5415161593254407
25020	0.5414797526678004
25024	0.5414456504538221
25028	0.5414163629860638
25032	0.5413587553311907
25036	0.5413054821847285
25040	0.541253179521493
25044	0.5412228085363484
25048	0.5411828171927444
25052	0.5411457585701962
25056	0.541109118820688
25060	0.5410672248142827
25064	0.5410312899994081
25068	0.5409697571886267
25072	0.5409348066578099
25076	0.5409019396713985
25080	0.5408633100094093
25084	0.5408317633605995
25088	0.5407919053215049
25092	0.540752440793967
25096	0.5407058236948128
26000	0.531838446358269
26004	0.5318048371497688
26008	0.5317764464899315
26012	0.5317417238627122
26016	0.5317086346306823
26020	0.5316736804061128
26024	0.5316357383722803
26028	0.5316007769893101
26032	0.5315477836871281
26036	0.531516720874537
26040	0.5314597838584678
26044	0.5314281480265657
26048	0.5314072593676735
26052	0.5313444806442571
26056	0.5313091490605
26060	0.531261047600228
26064	0.5312136869302269
26068	0.5311788857996602
26072	0.5311426161055699
26076	0.5311092216620001
26080	0.5310698605303439
26084	0.53103241198209
26088	0.5309661103323355
26092	0.5309227419772613
26096	0.5308892218825498
27000	0.5225189097946652
27004	0.5224671612401952
27008	0.5224248170187769
27012	0.5223957644848962
27016	0.5223651057116878
27020	0.5223176888691676
27024	0.5222821643740887
27028	0.5222395867614313
27032	0.5222025104368686
27036	0.5221525037231114
27040	0.5221218919691577
27044	0.5220890108157437
27048	0.52205365646999
27052	0.522023479307157
27056	0.5219918350093822
27060	0.5219565142608706
27064	0.5219220456331504
27068	0.5218896357399538
27072	0.5218505255467403
27076	0.521815471644052
27080	0.5217865383000464
27084	0.521754138526672
27088	0.5217000991158502
27092	0.5216548641199654
27096	0.5216206183497543
28000	0.5137450187088932
28004	0.513707090227121
28008	0.5136789494626335
28012	0.5136333113567897
28016	0.5136042203986464
28020	0.5135737723405573
28024	0.5135450004118356
28028	0.5135143514944014
28032	0.513478903361829
28036	0.513437388768613
28040	0.5134026273547501
28044	0.5133851539714362
28048	0.513360019762501
28052	0.5133252587114465
28056	0.5132926486010945
28060	0.5132446522962952
28064	0.513212744243889
28068	0.5131666582420158
28072	0.5131349957255229
28076	0.5131021733454846
28080	0.5130569181832705
28084	0.5130084959215648
28088	0.5129771147651079
28092	0.5129302776363369
28096	0.5129005223458472
29000	0.5054716512112556
29004	0.5054579591591466
29008	0.5054266560677874
29012	0.5053719275970665
29016	0.5053321375208855
29020	0.5053068277670558
29024	0.5052786476061422
29028	0.5052328617033384
29032	0.5052046807314046
29036	0.505175621314496
29040	0.5051429080692926
29044	0.5051116951302639
29048	0.5050682312901142
29052	0.5050441575400151
29056	0.5050124070810174
29060	0.5049949239833018
29064	0.50496454866758
29068	0.5049234948110888
29072	0.5048931093362663
29076	0.5048654489124376
29080	0.5048384966016517
29084	0.5047859411352313
29088	0.5047433685917371
29092	0.5047171192548343
29096	0.5046863220302171
30000	0.4973867492845798
30004	0.4973613914734947
30008	0.4973414736965873
30012	0.4973127452792496
30016	0.4972842091863765
30020	0.4972644088339846
30024	0.4972355029743256
30028	0.49720760649506923
30032	0.4971902424268184
30036	0.49715957711208447
30040	0.4971268803414799
30044	0.49709489261709683
30048	0.4970517736207536
30052	0.49702146416420256
30056	0.4969991436996539
30060	0.4969559964018875
30064	0.4969195972592855
30068	0.49689221814513784
30072	0.4968579105707658
30076	0.4968236172565623
30080	0.4967938274296446
30084	0.4967661646329611
30088	0.49674937065439617
30092	0.4967204668692218
30096	0.4966920264161696
31000	0.48985770764773084
31004	0.4898299442826408
31008	0.4897917078250791
31012	0.4897677244077685
31016	0.4897428290803385
31020	0.48971693642650416
31024	0.4896905277413137
31028	0.4896470099599486
31032	0.48962405432892764
31036	0.4895999460996925
31040	0.4895726326040075
31044	0.48953184414743434
31048	0.4895075616496669
31052	0.4894796971820421
31056	0.48945624940676424
31060	0.4894249262531416
31064	0.48938784472200436
31068	0.48933625348401244
31072	0.4893150050599937
31076	0.48928201698687346
31080	0.48925508016331754
31084	0.4892284501841926
31088	0.48920419007068117
31092	0.48916032941155896
31096	0.4891406604677979
32000	0.48260917824229255
32004	0.4825838216106373
32008	0.4825557482560261
32012	0.48252046313627694
32016	0.48249757862480713
32020	0.48247213294903357
32024	0.48243095829781635
32028	0.48239721035407346
32032	0.4823830325136711
32036	0.4823588625107669
32040	0.48233019558230317
32044	0.4822916044269707
32048	0.48226669540311584
32052	0.4822289538246485
32056	0.4821953772354104
32060	0.4821728340272231
32064	0.4821473544005319
32068	0.48212287751606797
32072	0.48209482490676225
32076	0.4820666576796655
32080	0.4820429699609585
32084	0.48201347041581055
32088	0.4819890222261194
32092	0.4819454910258383
32096	0.4819203048534253
33000	0.4757365516619789
33004	0.47569820522826434
33008	0.47567793308892736
33012	0.4756436367031742
33016	0.4756320667256453
33020	0.4756084731417154
33024	0.47558268248250646
33028	0.4755531349075368
33032	0.4755382523297964
33036	0.47550126196151177
33040	0.4754743764389522
33044	0.475438787207626
33048	0.4754071123949899
33052	0.4753858422351911
33056	0.47536346302917876
33060	0.4753246847520334
33064	0.4753125424344977
33068	0.4752991372204489
33072	0.47527238255676796
33076	0.4752422440248232
33080	0.4752142309792553
33084	0.47517854310716645
33088	0.47515776047256364
33092	0.47513570111624737
33096	0.47511064709675765
34000	0.469129764426093
34004	0.46910507929136447
34008	0.46908220811677204
34012	0.46904895152177106
34016	0.4690243407841761
34020	0.4689998035072387
34024	0.4689847458478664
34028	0.4689494559388092
34032	0.4689229931053389
34036	0.46889036902153935
34040	0.46886559931629623
34044	0.46883076546471525
34048	0.4688098073460525
34052	0.46878764741730294
34056	0.4687530896275056
34060	0.46872744243838915
34064	0.46869410797568856
34068	0.46867051664346904
34072	0.46864934028030447
34076	0.46862650756934654
34080	0.46859955344624726
34084	0.46857590294382834
34088	0.46855181487469344
34092	0.4685357117720039
34096	0.4685076167033069
35000	0.46275797175026345
35004	0.4627369084712716
35008	0.46270432919153826
35012	0.4626812609120661
35016	0.46266234427205855
35020	0.4626383904540976
35024	0.462604969273535
35028	0.46258564258337054
35032	0.46256537169331713
35036	0.4625383966808343
35040	0.46250939480641784
35044	0.46248632890354235
35048	0.46246377509410364
35052	0.46244161176789356
35056	0.462416195697672
35060	0.46239336355855754
35064	0.4623513371053991
35068	0.46231932005503795
35072	0.46230237996537316
35076	0.46226905109482197
35080	0.4622474467201103
35084	0.4622347337519659
35088	0.4622125792354925
35092	0.4621960092397148
35096	0.4621808292001517
36000	0.45671080904743144
36004	0.4566877409325536
36008	0.4566552429703832
36012	0.45663328574449213
36016	0.45660964388347924
36020	0.4565903610282622
36024	0.4565604689193945
36028	0.4565386343779161
36032	0.45650554626758955
36036	0.45647828235919263
36040	0.4564577527740872
36044	0.4564357954468665
36048	0.45641356062922944
36052	0.45638245704076263
36056	0.4563652796262052
36060	0.45634422610171543
36064	0.45632441759523434
36068	0.4563030572067581
36072	0.4562791920789093
36076	0.4562585402584636
36080	0.4562402790440587
36084	0.4562172241485043
36088	0.4561829958584709
36092	0.4561602784746226
36096	0.456139256538997
37000	0.4509632985093863
37004	0.4509408204021832
37008	0.45092306856447983
37012	0.4508929600643914
37016	0.4508656626659402
37020	0.45085006814699513
37024	0.4508089160084814
37028	0.4507826666952781
37032	0.45076256543070725
37036	0.4507448606078257
37040	0.4507121232334561
37044	0.4506849403622666
37048	0.4506641068307693
37052	0.450643501097151
37056	0.45062157020906013
37060	0.450601071554102
37064	0.4505869922238186
37068	0.4505682158514701
37072	0.45053857629090066
37076	0.4505266164780515
37080	0.45050553593758114
37084	0.4504909949560931
37088	0.45046804432175436
37092	0.4504349920649582
37096	0.45041517085523064
38000	0.44526708658977054
38004	0.44524441786498326
38008	0.44522560925211985
38012	0.4452047413711546
38016	0.44518794532615713
38020	0.4451730070797013
38024	0.44514265654228713
38028	0.44513264766962646
38032	0.44511241428330206
38036	0.44509104397227395
38040	0.4450766991914943
38044	0.445052928584025
38048	0.4450304183827616
38052	0.44501160680178975
38056	0.44498481579899485
38060	0.4449659107313946
38064	0.444942965006178
38068	0.4449146454743578
38072	0.4448844327647432
38076	0.4448746330439701
38080	0.4448462382131857
38084	0.44482862811640267
38088	0.44481492802862843
38092	0.4447927252730648
38096	0.4447742314326917
39000	0.43994295502766656
39004	0.43991952067194395
39008	0.43990351617145595
39012	0.4398842797741922
39016	0.4398620340466648
39020	0.4398428458255883
39024	0.43982193178613205
39028	0.43979122337384613
39032	0.4397744617806094
39036	0.4397520991065573
39040	0.4397308675483016
39044	0.4396989964110616
39048	0.43967612097848785
39052	0.4396565124621903
39056	0.43964531794242223
39060	0.43962747125441215
39064	0.43960756151786096
39068	0.43958040523257225
39072	0.43956359835442305
39076	0.439544313784447
39080	0.43951882194634173
39084	0.43950037459386504
39088	0.4394801477564374
39092	0.43946003499312547
39096	0.4394416749261749
40000	0.43470206501900677
40004	0.43468434811613843
40008	0.4346470895525689
40012	0.4346293222533568
40016	0.4346098997873211
40020	0.43458429103221374
40024	0.4345649951225572
40028	0.4345387732706989
40032	0.4345107073310055
40036	0.4344924527035323
40040	0.4344818046255896
40044	0.43445223337034045
40048	0.43443452062759436
40052	0.43441394265969935
40056	0.4343956927638999
40060	0.43437530234968746
40064	0.4343571421015464
40068	0.43433531757243204
40072	0.43431746270813143
40076	0.434296051970267
40080	0.4342773960716564
40084	0.4342584248448207
40088	0.4342399952001841
40092	0.4342181271877008
40096	0.4342077840162992
41000	0.42968492620531906
41004	0.4296741822370138
41008	0.4296561794581928
41012	0.4296287722587546
41016	0.4296153497103723
41020	0.4295979156401577
41024	0.4295797670176036
41028	0.4295529670728362
41032	0.4295345253824956
41036	0.4295254162384683
41040	0.42950734556072634
41044	0.42949540064210456
41048	0.4294682493853441
41052	0.4294478902972072
41056	0.4294281657040364
41060	0.42940245317804204
41064	0.4293804320584864
41068	0.42935508416535906
41072	0.4293409981387166
41076	0.42932451883398826
41080	0.42931407223243157
41084	0.4292958148841508
41088	0.42926744532111005
41092	0.4292487704234398
41096	0.4292267839152677
42000	0.4248277653706207
42004	0.4248087825946891
42008	0.4247857649064861
42012	0.4247664450782973
42016	0.42474533538622405
42020	0.42471968124803916
42024	0.42469911645727576
42028	0.42468068447698726
42032	0.4246595815802501
42036	0.424633791431563
42040	0.42461771185142805
42044	0.42460124868352556
42048	0.42458253892822384
42052	0.42456420264018657
42056	0.42454705547157623
42060	0.42452919056935534
42064	0.4245128638954605
42068	0.42449589187837833
42072	0.42446935320752877
42076	0.42445287899239226
42080	0.42442786158269774
42084	0.42441842606630775
42088	0.42440182945416227
42092	0.4243819265888449
42096	0.4243654235661225
43000	0.4201672915029613
43004	0.4201474204679225
43008	0.42012437585534945
43012	0.42011023952386606
43016	0.42009427239220587
43020	0.4200713525867581
43024	0.42004579279769994
43028	0.42002891772062556
43032	0.42001568976195824
43036	0.4199972254701412
43040	0.41997343574711676
43044	0.4199416123109576
43048	0.41992561224023195
43052	0.41991922107624147
43056	0.4199018942351733
43060	0.41988473107133606
43064	0.41985771026541396
43068	0.41984285698305457
43072	0.41981630327654407
43076	0.4198011741140637
43080	0.41978523493071496
43084	0.41976700063876526
43088	0.4197431129931195
43092	0.41972959094696605
43096	0.41971415877593365
44000	0.4155281347059112
44004	0.41550374633226683
44008	0.4154866949418716
44012	0.41546423930928467
44016	0.41544880995891287
44020	0.41542467945923
44024	0.4154129886462177
44028	0.4153973447560322
44032	0.41538152722170407
44036	0.4153642727496123
44040	0.4153419832836569
44044	0.41532700856873483
44048	0.41530291951029197
44052	0.4152864612119025
44056	0.41526208519992114
44060	0.41524777232133436
44064	0.41523319129503444
44068	0.41521713801317595
44072	0.41519511641646223
44076	0.4151657244782865
44080	0.4151508509578994
44084	0.415130115877552
44088	0.4151209522526629
44092	0.41510413485503195
44096	0.41508519361850804
45000	0.4110790360447234
45004	0.41106470756202174
45008	0.41105081679923683
45012	0.4110366265562222
45016	0.41102122228263305
45020	0.41099527038197103
45024	0.41097372710538904
45028	0.4109574785487853
45032	0.4109414703269627
45036	0.4109246132567519
45040	0.41090851524360983
45044	0.41089437064349155
45048	0.4108768318105418
45052	0.41086175997461294
45056	0.41084406979011523
45060	0.4108231075914712
45064	0.41080230394633377
45068	0.41078735139101186
45072	0.4107666542208275
45076	0.41075026891788124
45080	0.4107351429884729
45084	0.4107195143132887
45088	0.4107002595811411
45092	0.41068618431884896
45096	0.41066996907951836
46000	0.40685995807319575
46004	0.40685201179917874
46008	0.40683819372107655
46012	0.40682258003933436
46016	0.40679915641847364
46020	0.40678402165308225
46024	0.4067535765830539
46028	0.40673984571408206
46032	0.40672443867903674
46036	0.4067041595090988
46040	0.4066830215763706
46044	0.40667477582452216
46048	0.4066459341192743
46052	0.40663051409999174
46056	0.4066180708493441
46060	0.4066006967481235
46064	0.4065729133828442
46068	0.40655227645422687
46072	0.4065304214235723
46076	0.4065159956064619
46080	0.4065029642388147
46084	0.40648011990385613
46088	0.4064650500426459
46092	0.40645637936900547
46096	0.4064394963236988
47000	0.4027837447683511
47004	0.40276994787541476
47008	0.4027551894344652
47012	0.4027346320359555
47016	0.40271453444765926
47020	0.40270044328354415
47024	0.40268887958152666
47028	0.40267573227452647
47032	0.4026608810323107
47036	0.40264574198799674
47040	0.4026293878517655
47044	0.40261452898828987
47048	0.4025989955778677
47052	0.40256888634628596
47056	0.4025550770692834
47060	0.40254203381947873
47064	0.4025289172677704
47068	0.4025199332814675
47072	0.40250228373700203
47076	0.40247915187236893
47080	0.402458234192135
47084	0.4024313335444052
47088	0.4024187901155458
47092	0.4023970162862254
47096	0.4023848097517595
48000	0.3988074248626452
48004	0.3987864891381734
48008	0.39877189639885136
48012	0.3987611740877446
48016	0.3987423604085789
48020	0.39872827634832
48024	0.39871676985722293
48028	0.3986895060681164
48032	0.39866838234380664
48036	0.3986556747094623
48040	0.3986416457113049
48044	0.39862627270778606
48048	0.3986140613120681
48052	0.3986001169269624
48056	0.3985813271162315
48060	0.39856851398231785
48064	0.3985524542057328
48068	0.3985450045318113
48072	0.39852917449269776
48076	0.39851319929282214
48080	0.3984979831060842
48084	0.39848302065418784
48088	0.3984609624693929
48092	0.398447676719758
48096	0.39843449642730633
49000	0.39493255057128973
49004	0.3949185479162023
49008	0.3949117070159851
49012	0.3949000551364088
49016	0.3948844423653701
49020	0.39486879020824395
49024	0.39484946979289237
49028	0.3948344534245434
49032	0.39482060931952234
49036	0.3948051707740894
49040	0.394791179366603
49044	0.3947778230776662
49048	0.39476132332153036
49052	0.3947461427430805
49056	0.39473174415983703
49060	0.39472252958348064
49064	0.3947080516744472
49068	0.39469489230231547
49072	0.3946681438591786
49076	0.3946479882006373
49080	0.3946296958938391
49084	0.39461192467924366
49088	0.394600285101983
49092	0.3945850817557899
49096	0.3945722222387076
50000	0.39117505411850373
50004	0.3911561221197237
50008	0.39114457690840476
50012	0.39112974785698396
50016	0.3911178353280651
50020	0.39109761468408566
50024	0.3910908360201826
50028	0.39107370518934115
50032	0.39105941446629844
50036	0.39104698528746673
50040	0.3910267457948986
50044	0.3910073974171575
50048	0.39099430864627616
50052	0.3909829406490162
50056	0.39096736487424755
50060	0.3909550990641968
50064	0.39094121177201036
50068	0.390926932903221
50072	0.39090123100194796
50076	0.39087655835274804
50080	0.3908669526235715
50084	0.39084993828963
50088	0.3908234095684393
50092	0.3908069310905471
50096	0.39079621368823725
51000	0.3875597352719444
51004	0.38754080767331733
51008	0.38753085301231693
51012	0.38751698343194585
51016	0.387504925405493
51020	0.3874918406502048
51024	0.38747684675499405
51028	0.3874638013809779
51032	0.3874431732009631
51036	0.38743015728049524
51040	0.38741772709933464
51044	0.38739271751611604
51048	0.3873814242773992
51052	0.3873679154176355
51056	0.38735582331437346
51060	0.3873426314925592
51064	0.38732684511939475
51068	0.38730666031197813
51072	0.38729487787969763
51076	0.3872841828755591
51080	0.38727193169462915
51084	0.38725804227728733
51088	0.3872477450720515
51092	0.38723484012899534
51096	0.3872178597285374
52000	0.38402794074071633
52004	0.38401507022258574
52008	0.38400144944625625
52012	0.38398888157389743
52016	0.38397395324445016
52020	0.38396017840737384
52024	0.3839424386639918
52028	0.3839309638208772
52032	0.3839189798619289
52036	0.3839049254199862
52040	0.3838931423309184
52044	0.3838734313009837
52048	0.38386122109478826
52052	0.3838423094900125
52056	0.38382972717936603
52060	0.38382237898377336
52064	0.3838097482397491
52068	0.3837949654040047
52072	0.38378173993769904
52076	0.3837740762489319
52080	0.3837560868123333
52084	0.38373755272603494
52088	0.3837184824426505
52092	0.3837059387129762
52096	0.3836948626479393
53000	0.3806039555007781
53004	0.3805923762073815
53008	0.3805675326953448
53012	0.38055630873002966
53016	0.3805387468717556
53020	0.38053278804220536
53024	0.3805159187053455
53028	0.38049270190352313
53032	0.3804756901637725
53036	0.3804661270805305
53040	0.38045336514809014
53044	0.38043067968917477
53048	0.3804209158726053
53052	0.380408019838822
53056	0.380396241245329
53060	0.38037690643725086
53064	0.3803651098751273
53068	0.3803542618755469
53072	0.38033676475085887
53076	0.3803246965278917
53080	0.38031290395187467
53084	0.3803012549896341
53088	0.3802892419455437
53092	0.38027462710801063
53096	0.38026111299910226
54000	0.3772550933342327
54004	0.37724357942284725
54008	0.3772315321090185
54012	0.3772143501789904
54016	0.3772021327656816
54020	0.3771915609090273
54024	0.3771791144408141
54028	0.37716400605345735
54032	0.37714769244493307
54036	0.3771369924177037
54040	0.37712427289259365
54044	0.37710232457697423
54048	0.3770924910448943
54052	0.37708073504073325
54056	0.3770645961460186
54060	0.37704822620363254
54064	0.3770371171577094
54068	0.3770253279108018
54072	0.3770145371614475
54076	0.37700254405438094
54080	0.37698429489167884
54084	0.3769716023890368
54088	0.37695953499539536
54092	0.3769359274058339
54096	0.3769248147234361
55000	0.3740042374957593
55004	0.3739914782877569
55008	0.3739807498345509
55012	0.37396770563222415
55016	0.37395666332333777
55020	0.37394377968981196
55024	0.3739326395875944
55028	0.37391651333274
55032	0.37390377068061587
55036	0.3738925184928923
55040	0.37388031265855903
55044	0.37386766204539335
55048	0.37385669521439424
55052	0.3738430978360343
55056	0.37383101781549777
55060	0.373819383655134
55064	0.37380705028015093
55068	0.3737900033382504
55072	0.3737775790790894
55076	0.37375498605794144
55080	0.37374962248620935
55084	0.3737398001952772
55088	0.37372693917173616
55092	0.37370939892197486
55096	0.3736956534943221
56000	0.3708406327626701
56004	0.37082462863766774
56008	0.3708132069228762
56012	0.37080784710371395
56016	0.37080038577476526
56020	0.37078437548224197
56024	0.370777887144925
56028	0.37076711330634904
56032	0.3707535958100001
56036	0.37074041041484307
56040	0.3707278776568985
56044	0.37071637134353175
56048	0.3707061289050868
56052	0.3706931693422857
56056	0.37068550172224146
56060	0.37067747431942477
56064	0.37066051753722595
56068	0.370647406553982
56072	0.37063591110289806
56076	0.3706244314311449
56080	0.3706135580055516
56084	0.3705952772284964
56088	0.3705786613842226
56092	0.37056895283080116
56096	0.3705627353538916
