16	34.355577719456065
17	34.46850453466917
18	29.51099904549281
19	27.903847224717133
20	24.587697831202618
21	23.144156930770713
22	21.18230690577043
23	21.02001808172303
24	20.26616546308217
25	20.219097644852077
26	19.466787114037125
27	18.01607348965706
28	17.690578406910117
29	17.689684667799096
30	17.060073109593308
31	16.09825983327778
32	15.929374713587052
33	15.938693836933972
34	15.469481041976673
35	14.775910765049053
36	14.631006606589168
37	14.063029049180654
38	14.068114467299775
39	13.755213873426479
40	13.616488666262345
41	13.143165353848065
42	13.148241364032167
43	12.90757892928669
44	12.796749214651365
45	12.409735265661414
46	12.413237664719388
47	12.227642528450964
48	12.116036108215024
49	11.79104270489197
50	11.794546703961583
51	11.64581094666988
52	11.53944803992231
53	11.255382723099915
54	11.259393025618182
55	11.130849984105824
56	11.041385408576858
57	10.795465352976615
58	10.781670004529776
59	10.678358432612082
60	10.607659041416863
61	10.390160323410193
62	10.379858895368542
63	10.282793141750098
64	10.221072799757858
65	10.021407870705266
66	10.013438651236193
67	9.92958418742945
68	9.877291567900958
69	9.696920701840057
70	9.689766220209762
71	9.617275880269188
72	9.567833550879051
73	9.40263606021367
74	9.397367325014729
75	9.335790919302587
76	9.287283519398478
77	9.135971052194538
78	9.13575742334197
79	9.135590245355237
80	9.031281081514347
81	8.893331307547722
82	8.890184806392869
83	8.892301744952663
84	8.797339463441649
85	8.670864355458596
86	8.672467826416892
87	8.672654798137586
88	8.58049930391308
89	8.464168363035302
90	8.465703789591503
91	8.466141960774463
92	8.380148616265942
93	8.2693759977864
94	8.271155716204785
95	8.271820814817051
96	8.194060999044481
97	8.091853553061348
98	8.09321411812754
99	8.060850046198256
1000	2.6316681658059458
1001	2.6313288745818397
1002	2.628082849659002
1003	2.6280201690951963
1004	2.6274200122992837
1005	2.623424806138466
1006	2.6233350769211956
1007	2.6227317123600358
1008	2.621852592297726
1009	2.6215187021524264
1010	2.6186634413809506
1011	2.618360191557154
1012	2.6177014801655485
1013	2.613712496201214
1014	2.613620177028931
1015	2.613023327767885
1016	2.6121524743016846
1017	2.6118240775924253
1018	2.608654566406834
1019	2.6085923407725176
1020	2.608005112350498
1021	2.6041020069678154
1022	2.6040144874709865
1023	2.603425695073571
1024	2.602563670241113
1025	2.6022395661415287
1026	2.5994520546007585
1027	2.5991579105021767
1028	2.5985152859924154
1029	2.594615159655841
1030	2.5945248443177595
1031	2.593945806148988
1032	2.593086787811571
1033	2.5927651018416817
1034	2.5896755086184147
1035	2.5896164224894243
1036	2.5890476041548207
1037	2.5852249417784465
1038	2.5851389754883085
1039	2.584562720110849
1040	2.5837168517598927
1041	2.583399995706662
1042	2.580345730625832
1043	2.5802868656525746
1044	2.579719015482521
1045	2.5759435861030404
1046	2.57585920138921
1047	2.575284630402284
1048	2.574449902952233
1049	2.5741378667517174
1050	2.571121271829087
1051	2.5710638358391833
1052	2.5704979195953976
1053	2.5667636160392444
1054	2.5666794006307123
1055	2.5661109076681616
1056	2.5652885401169283
1057	2.564980604882428
1058	2.561991732313489
1059	2.5619340818087717
1060	2.5613788219155067
1061	2.557685787867894
1062	2.5576018554577296
1063	2.557039358890097
1064	2.5562305034732127
1065	2.5559255653479553
1066	2.5529730609089443
1067	2.552916862986939
1068	2.5523620569494505
1069	2.5487122826025157
1070	2.5486292877044074
1071	2.5480682925139293
1072	2.5472705786957444
1073	2.5469710354827786
1074	2.5440511531866155
1075	2.543994820149487
1076	2.543442453847084
1077	2.5398337315933963
1078	2.5397514339423184
1079	2.539196494221379
1080	2.538409812317801
1081	2.538113743510305
1082	2.535224669720088
1083	2.5351689482629745
1084	2.534621393456809
1085	2.5310552415611953
1086	2.5309745352617474
1087	2.530421516474282
1088	2.529647297170391
1089	2.5293571474844105
1090	2.5268140310810754
1091	2.5265387015919423
1092	2.5259350782781005
1093	2.5228094800132213
1094	2.522419229142685
1095	2.5217948636123255
1096	2.52099492923117
1097	2.5206975660269264
1098	2.51786264074322
1099	2.5178057425291165
2000	1.9025240611888603
2001	1.9024046447574394
2002	1.9013683254616236
2003	1.9012534110000088
2004	1.900996349116261
2005	1.8997246733625202
2006	1.8995642675230833
2007	1.8992977811434277
2008	1.8989759700191902
2009	1.8988573486705043
2010	1.8978273768697813
2011	1.8977134226098005
2012	1.8974589613071682
2013	1.8960174501874414
2014	1.8959833249719302
2015	1.8957517760198241
2016	1.8954429621294633
2017	1.8953284487208886
2018	1.8943052109025285
2019	1.8941928064582683
2020	1.8939398528154354
2021	1.892682384552562
2022	1.892524250292023
2023	1.8922607899135566
2024	1.8919426261577887
2025	1.8918247837151858
2026	1.8908062249314699
2027	1.890693944261126
2028	1.8904422431784345
2029	1.8891918102227276
2030	1.8890341970975242
2031	1.888773021419086
2032	1.8884562737754418
2033	1.8883394670431926
2034	1.8873258608326458
2035	1.887213513529772
2036	1.8869639682484736
2037	1.8857209668631596
2038	1.8855648206428572
2039	1.8853061214971154
2040	1.8849909989283038
2041	1.8848741873929546
2042	1.8838663789062549
2043	1.8837546442999549
2044	1.8835074496863802
2045	1.8822706387433925
2046	1.882115324697931
2047	1.881859000804544
2048	1.881544553877047
2049	1.8814284249598243
2050	1.8804266372890908
2051	1.8803159629082802
2052	1.8800700752171466
2053	1.878839833206252
2054	1.878685703322657
2055	1.8784309944053499
2056	1.8781182644496535
2057	1.8780030726333465
2058	1.8770069237248894
2059	1.8768966379072567
2060	1.8766530838574706
2061	1.8754291334407354
2062	1.8752759049452883
2063	1.8750235146303664
2064	1.874711526683836
2065	1.874596833174933
2066	1.8736064628620106
2067	1.8734969072628997
2068	1.8732556098723951
2069	1.8720374589252113
2070	1.8718850737292536
2071	1.8716341052231624
2072	1.871323749065061
2073	1.8712099734076109
2074	1.87022531375374
2075	1.8701164480598265
2076	1.869875545091115
2077	1.8686646074886242
2078	1.868513552665187
2079	1.8682632751301844
2080	1.8679547861595862
2081	1.867841882133473
2082	1.866863032382135
2083	1.8667549968956738
2084	1.866514692839852
2085	1.8653108372431342
2086	1.8651608175470615
2087	1.8649111885878193
2088	1.8646047304664994
2089	1.864492644945137
2090	1.8635195913814941
2091	1.8634125681425944
2092	1.863173782565084
2093	1.8619761062870295
2094	1.8618268938621507
2095	1.8615787186741555
2096	1.8612737650112403
2097	1.8611622982090994
2098	1.860194936094039
2099	1.8600887148926577
3000	1.574007970366733
3001	1.573940297580124
3002	1.573368224978954
3003	1.5733001855074216
3004	1.5731642743395269
3005	1.572462992890544
3006	1.5723691119270624
3007	1.5722271015567175
3008	1.5720495053612207
3009	1.571982105672063
3010	1.5714123265585473
3011	1.5713447312278301
3012	1.5712093924375403
3013	1.5705106199516212
3014	1.570417172341306
3015	1.570275722786815
3016	1.5700985615337375
3017	1.5700314359463279
3018	1.5694639741577383
3019	1.5693967616163074
3020	1.5692620056766229
3021	1.5685658188471583
3022	1.5684727623205887
3023	1.5683318418777497
3024	1.5681551926364696
3025	1.5680883486467585
3026	1.5675231891473604
3027	1.567456413334086
3028	1.5673221454587059
3029	1.5666284743496814
3030	1.5665357917726914
3031	1.566395310742948
3032	1.5662192212882138
3033	1.5661527242565054
3034	1.5655898825929788
3035	1.5655234109744707
3036	1.5653897211460612
3037	1.5646985994132188
3038	1.5646063331016533
3039	1.5644667754473194
3040	1.5642912740421167
3041	1.5642247380259917
3042	1.5636637576458177
3043	1.5635976660249489
3044	1.5634645083186545
3045	1.5627762143813
3046	1.5626843828995671
3047	1.5625450251139337
3048	1.5623703002906608
3049	1.5623040855624717
3050	1.5617453740430052
3051	1.5616793629337644
3052	1.5615467116763335
3053	1.5608613118210144
3054	1.5607695913001227
3055	1.5606310392407798
3056	1.5604569010751552
3057	1.5603909238498712
3058	1.5598343774624575
3059	1.5597686951230199
3060	1.5596368962749805
3061	1.5589537045516944
3062	1.5588624049671775
3063	1.5587243891648135
3064	1.5585507940535699
3065	1.5584851354927294
3066	1.5579307556291986
3067	1.5578653877188184
3068	1.557734049685486
3069	1.557053288461174
3070	1.5569624592674
3071	1.5568249943129953
3072	1.5566519880486722
3073	1.556586681257136
3074	1.5560344149868501
3075	1.5559689512455086
3076	1.5558379940192482
3077	1.5551601044451038
3078	1.5550694595590573
3079	1.5549324935453024
3080	1.5547602833890926
3081	1.5546952594705834
3082	1.5541451898341343
3083	1.5540801308584016
3084	1.5539497176420192
3085	1.5532741982707896
3086	1.5531839745298148
3087	1.5530474795760547
3088	1.552875729160425
3089	1.5528110104554556
3090	1.5522631371902622
3091	1.5521980576099739
3092	1.5520680736684966
3093	1.5513953790588269
3094	1.551305201183931
3095	1.551169198122304
3096	1.5509983922882065
3097	1.5509339923650685
3098	1.550388238844934
3099	1.5503234946403421
4000	1.3759078706288848
4001	1.3758618202526014
4002	1.3754852201043117
4003	1.3754423797845172
4004	1.3753529805069915
4005	1.3748930968234807
4006	1.3748332009928548
4007	1.3747394728089841
4008	1.3746226724661286
4009	1.3745768369717113
4010	1.3742014202681356
4011	1.3741586855993304
4012	1.3740695571462544
4013	1.3736109986759377
4014	1.3735512751873853
4015	1.3734578406137703
4016	1.3733413206507183
4017	1.373295661422572
4018	1.372921397229732
4019	1.3728788117810693
4020	1.3727897739239423
4021	1.3723326640556328
4022	1.3722731199342164
4023	1.37217994281102
4024	1.372063745456411
4025	1.372018266862065
4026	1.371644947240926
4027	1.3716024508705396
4028	1.3715137765408576
4029	1.3710580173694333
4030	1.3709984890566884
4031	1.370905710309761
4032	1.3707901024179636
4033	1.3707446421189582
4034	1.370372406894012
4035	1.3703298356666822
4036	1.370241384335291
4037	1.3697870935890428
4038	1.3697277684269626
4039	1.369635264251089
4040	1.3695199103423248
4041	1.3694746055718048
4042	1.3691035094592245
4043	1.3690611200936584
4044	1.3689729500002623
4045	1.368519878176842
4046	1.3684607874736656
4047	1.3683685473349338
4048	1.3682535686205055
4049	1.3682082724127467
4050	1.3678381192684643
4051	1.3677958958261234
4052	1.3677079821382128
4053	1.3672563381540983
4054	1.3671973052922497
4055	1.3671053223643745
4056	1.3669907892919886
4057	1.3669456646372358
4058	1.3665765978621813
4059	1.3665343780247596
4060	1.3664467033394239
4061	1.3659964795588628
4062	1.3659375177242186
4063	1.365845776659812
4064	1.365731631607534
4065	1.3656866397998226
4066	1.3653186861553002
4067	1.3652764872700522
4068	1.3651890538712552
4069	1.364740211390238
4070	1.3646814391316133
4071	1.3645898051908973
4072	1.364476072561162
4073	1.3644312362536626
4074	1.3640643920734066
4075	1.3640224035497144
4076	1.3639350429080963
4077	1.3634875627506367
4078	1.3634289767632044
4079	1.3633374307404091
4080	1.3632241133069412
4081	1.3631794454388604
4082	1.3628135463303996
4083	1.3627716874854021
4084	1.3626845920048127
4085	1.3622385319547554
4086	1.3621800255114933
4087	1.362088872063423
4088	1.3619760220010948
4089	1.3619313180438946
4090	1.3615664762253634
4091	1.3615246511263086
4092	1.3614379613144156
4093	1.3609931691478003
4094	1.3609348025793673
4095	1.3608440585997759
4096	1.3607313400476475
4097	1.3606867392376094
4098	1.3603229731089652
4099	1.3602813428113276
5000	1.239537270075728
5001	1.2395038584963145
5002	1.2392329074313617
5003	1.2392021527924397
5004	1.239137514618435
5005	1.2388064621734731
5006	1.2387626017873195
5007	1.238694480385196
5008	1.2386104261082693
5009	1.2385771157600276
5010	1.238306839430536
5011	1.2382760762495875
5012	1.2382115716513804
5013	1.237881370189862
5014	1.2378375418287946
5015	1.237769573386024
5016	1.237685830439681
5017	1.2376526424240004
5018	1.2373829937800134
5019	1.2373522826744128
5020	1.2372878245268981
5021	1.2369584254542296
5022	1.2369147349445038
5023	1.2368468409611013
5024	1.2367633445271597
5025	1.236730269864179
5026	1.2364612650554947
5027	1.2364306307947164
5028	1.2363662223209042
5029	1.2360376403281332
5030	1.2359940804125364
5031	1.2359262241894167
5032	1.2358429577846282
5033	1.2358099969980476
5034	1.235541662801497
5035	1.235511109253045
5036	1.235446847209202
5037	1.235119020011132
5038	1.2350755728461886
5039	1.2350079888012133
5040	1.2349248155267516
5041	1.2348919438842632
5042	1.2346242376459968
5043	1.2345937731000753
5044	1.2345296618894723
5045	1.2342025829575527
5046	1.2341592520790177
5047	1.2340918218439383
5048	1.2340088244676517
5049	1.2339760322308408
5050	1.233708951132291
5051	1.2336785702702875
5052	1.233614593712272
5053	1.2332882160262941
5054	1.2332450281475575
5055	1.2331776683993867
5056	1.2330948767758192
5057	1.2330621802007697
5058	1.23279575140501
5059	1.2327654933526642
5060	1.2327015856352097
5061	1.2323759749672116
5062	1.2323329235909333
5063	1.2322657192914281
5064	1.2321831540921813
5065	1.232150463982366
5066	1.23188447524122
5067	1.2318542999398274
5068	1.2317906318666612
5069	1.2314658304412254
5070	1.2314229259129228
5071	1.2313559686825448
5072	1.2312736638992052
5073	1.2312409077905389
5074	1.2309754277079636
5075	1.2309452080650285
5076	1.2308817238306908
5077	1.2305577813707345
5078	1.2305149222696212
5079	1.2304481181190265
5080	1.230366088917445
5081	1.2303334328631899
5082	1.2300685751012546
5083	1.230038445659178
5084	1.229975028627346
5085	1.2296518720316123
5086	1.229609138518687
5087	1.2295423907096297
5088	1.2294605655316622
5089	1.2294279932972185
5090	1.2291637785307343
5091	1.2291337491833958
5092	1.2290703929250513
5093	1.2287480079250837
5094	1.228705402721385
5095	1.2286388060071904
5096	1.2285572211188447
5097	1.2285246651428494
5098	1.2282609800319795
5099	1.2282310277034871
6000	1.1381705972493172
6001	1.1381447061895806
6002	1.1379369876577519
6003	1.1379134056141171
6004	1.1378633537104663
6005	1.1376108383879908
6006	1.1375773380147887
6007	1.1375246246967752
6008	1.137461002167045
6009	1.1374351743986064
6010	1.1372278051800255
6011	1.137204258599883
6012	1.1371543639705703
6013	1.1369023486495735
6014	1.136868864063561
6015	1.1368163032332146
6016	1.1367528559781064
6017	1.1367270253625275
6018	1.1365200699098417
6019	1.1364964867231178
6020	1.1364467284575315
6021	1.136195252965957
6022	1.136161713519123
6023	1.136109291803646
6024	1.1360460185758776
6025	1.1360202397130061
6026	1.1358137045833405
6027	1.135790128370994
6028	1.1357404750931455
6029	1.1354895106807397
6030	1.1354560660772055
6031	1.1354036896845847
6032	1.1353405629338642
6033	1.1353148507374828
6034	1.1351087237046147
6035	1.1350852095597603
6036	1.1350355888817703
6037	1.1347851395193045
6038	1.1347517818754727
6039	1.1346995082738398
6040	1.1346364711006311
6041	1.1346108245347208
6042	1.1344051073632564
6043	1.1343815882675317
6044	1.134332119013901
6045	1.1340821445777918
6046	1.1340487914464532
6047	1.1339966713896428
6048	1.1339337454397156
6049	1.133908147947689
6050	1.1337028455621474
6051	1.133679386963289
6052	1.1336300187492272
6053	1.133380497268801
6054	1.133347216185419
6055	1.1332951376648304
6056	1.1332323574856047
6057	1.1332068269617794
6058	1.1330019440733012
6059	1.1329785537881936
6060	1.1329292083132434
6061	1.1326802050186198
6062	1.132646998347803
6063	1.1325950121983244
6064	1.1325323216445833
6065	1.1325068539009338
6066	1.1323023915530888
6067	1.1322790663118314
6068	1.1322298207995232
6069	1.1319812686215494
6070	1.1319481310605193
6071	1.1318962459408224
6072	1.1318336486040723
6073	1.1318082444057
6074	1.1316041976289313
6075	1.1315809334242575
6076	1.1315317962748603
6077	1.1312837037378145
6078	1.131250646840381
6079	1.1311987974351987
6080	1.1311363389404414
6081	1.1311109856721755
6082	1.1309073498617792
6083	1.1308841620598884
6084	1.1308350680036676
6085	1.1305874777749685
6086	1.1305544432252583
6087	1.1305026899928903
6088	1.1304403810792467
6089	1.1304150806248718
6090	1.1302118507101029
6091	1.130188684103919
6092	1.1301396662632572
6093	1.1298925781631608
6094	1.1298596321390053
6095	1.1298079762247992
6096	1.1297458464247747
6097	1.1297205569731212
6098	1.1295176443932493
6099	1.129494501861911
7000	1.0589298793517052
7001	1.058909562669387
7002	1.0587444190795015
7003	1.0587255465399643
7004	1.0586852512692402
7005	1.0584838702085362
7006	1.0584569125466046
7007	1.058414413801265
7008	1.0583636808622403
7009	1.0583434075189775
7010	1.0581785567845041
7011	1.0581597389809012
7012	1.0581195219201727
7013	1.057918451416272
7014	1.057891547876333
7015	1.0578491242583339
7016	1.0577984493328816
7017	1.0577782109905902
7018	1.0576136477525102
7019	1.0575948423926935
7020	1.0575546807412963
7021	1.0573539806886625
7022	1.0573270381130868
7023	1.0572847087427504
7024	1.057234164573851
7025	1.0572139573674622
7026	1.0570496788174046
7027	1.0570308795685066
7028	1.056990781153443
7029	1.0567904496333969
7030	1.0567635529302442
7031	1.0567212469868277
7032	1.056670807060176
7033	1.0566506400382845
7034	1.0564866502703434
7035	1.056467855643251
7036	1.056427826698163
7037	1.056227851977083
7038	1.0562009740984695
7039	1.0561587330487017
7040	1.0561083912599687
7041	1.0560882623264858
7042	1.0559245571714824
7043	1.0559058149341378
7044	1.0558658189000223
7045	1.0556661854647607
7046	1.0556393696209638
7047	1.0555971625415395
7048	1.0555469139699691
7049	1.0555268267114446
7050	1.0553634046268603
7051	1.0553447170777275
7052	1.05530475234329
7053	1.0551054627538718
7054	1.0550786533532244
7055	1.0550365103305561
7056	1.0549863751584998
7057	1.0549663326741212
7058	1.0548031897704608
7059	1.0547844522715197
7060	1.054744578952026
7061	1.0545456587259174
7062	1.0545188699239638
7063	1.0544768389678751
7064	1.054426772449934
7065	1.0544067613387207
7066	1.0542438978209114
7067	1.0542252106648018
7068	1.054185409955442
7069	1.0539867881930576
7070	1.053960049863679
7071	1.0539180490863087
7072	1.0538680846905641
7073	1.0538481235146444
7074	1.0536854935606708
7075	1.0536668280969763
7076	1.0536270873300446
7077	1.0534288356901458
7078	1.0534021222928331
7079	1.0533602296288742
7080	1.0533103757493976
7081	1.0532904121818407
7082	1.0531280549658457
7083	1.0531093927113218
7084	1.0530697460404368
7085	1.0528718137489739
7086	1.0528451493901083
7087	1.05280336694214
7088	1.0527535491770457
7089	1.052733625211153
7090	1.0525715427175002
7091	1.0525529062442707
7092	1.052513372646563
7093	1.0523157132254564
7094	1.0522890911795622
7095	1.0522474223807672
7096	1.0521976393614016
7097	1.0521777529751402
7098	1.052015943453436
7099	1.051997337909085
8000	0.9947390703951609
8001	0.9947222058223701
8002	0.994586364217714
8003	0.9945707412992144
8004	0.994537906255117
8005	0.9943722825009457
8006	0.9943499463976226
8007	0.9943152802564983
8008	0.9942734744235519
8009	0.99425664106776
8010	0.9941210058912011
8011	0.9941054075260916
8012	0.9940726126098143
8013	0.9939072294060451
8014	0.9938849307050073
8015	0.9938503473808562
8016	0.9938085797789572
8017	0.9937917795616317
8018	0.9936563402150178
8019	0.9936407501967721
8020	0.9936079981468225
8021	0.9934428506451954
8022	0.9934205568418765
8023	0.9933860195762184
8024	0.9933443350829801
8025	0.9933275685434549
8026	0.9931923375730181
8027	0.9931767493694438
8028	0.9931440665397911
8029	0.9929791518076602
8030	0.9929569030047363
8031	0.9929224134273412
8032	0.9928807874967776
8033	0.9928640563732122
8034	0.9927290220517055
8035	0.9927134464207614
8036	0.9926808105827836
8037	0.9925161274962422
8038	0.9924939163360436
8039	0.9924594846441056
8040	0.9924179052151162
8041	0.9924012041351431
8042	0.9922663720183871
8043	0.9922508287990075
8044	0.9922182125397857
8045	0.9920537729775404
8046	0.9920316032423181
8047	0.9919972223434205
8048	0.9919557225966604
8049	0.9919390308361873
8050	0.9918043662419603
8051	0.9917888403668382
8052	0.9917562681790998
8053	0.9915920993205883
8054	0.9915699411289972
8055	0.9915356068740997
8056	0.9914941914080224
8057	0.9914775236022537
8058	0.9913430630738614
8059	0.9913275424679561
8060	0.9912950075864927
8061	0.9911311033451522
8062	0.9911089868014281
8063	0.9910746739257054
8064	0.9910333371584601
8065	0.9910167007054838
8066	0.9908824397293875
8067	0.9908669180729524
8068	0.9908344219465862
8069	0.9906707741650839
8070	0.9906486673360959
8071	0.9906143993120432
8072	0.9905731466488491
8073	0.9905565439710557
8074	0.9904224827354572
8075	0.9904069500238541
8076	0.9903745011739835
8077	0.9902111176018389
8078	0.9901890204706874
8079	0.9901547978752463
8080	0.9901136353256597
8081	0.9900970662769395
8082	0.9899631978894365
8083	0.9899476565804104
8084	0.9899152373326773
8085	0.9897521172153996
8086	0.9897300234054721
8087	0.9896958665388779
8088	0.9896547652407521
8089	0.9896382266738493
8090	0.9895045633988193
8091	0.9894890421789153
8092	0.9894566715595876
8093	0.9892937801024164
8094	0.9892717224139853
8095	0.989237589520446
8096	0.9891965606505018
8097	0.9891800551870658
8098	0.9890465966772956
8099	0.9890311093448012
9000	0.9413380348384623
9001	0.9413238533793606
9002	0.9412095822350666
9003	0.9411963554284302
9004	0.9411686034235209
9005	0.9410294095692209
9006	0.9410105633995407
9007	0.9409813044671229
9008	0.940946235286888
9009	0.9409320689601759
9010	0.9408179508557002
9011	0.9408047525134717
9012	0.9407770576449479
9013	0.9406380145444388
9014	0.9406191901577761
9015	0.9405899895939411
9016	0.9405549415465617
9017	0.9405407992352988
9018	0.9404268325425713
9019	0.9404136474317253
9020	0.9403859878225225
9021	0.9402471150093921
9022	0.940228327214673
9023	0.9401991453754752
9024	0.940164150723684
9025	0.9401500288755449
9026	0.9400362164434508
9027	0.9400230585720775
9028	0.9399954379227542
9029	0.939856740712691
9030	0.9398379550222
9031	0.9398088232708133
9032	0.9397738720155437
9033	0.9397597708691594
9034	0.9396461092469912
9035	0.939632948253875
9036	0.9396053578187873
9037	0.9394668521937948
9038	0.9394480989822886
9039	0.9394189892786167
9040	0.9393840990637345
9041	0.9393700279372446
9042	0.9392565132801858
9043	0.9392433675020238
9044	0.9392157859869448
9045	0.9390774728052314
9046	0.9390587547106599
9047	0.9390296856874816
9048	0.9389948301686828
9049	0.9389807774651939
9050	0.9388674161331987
9051	0.9388542971117189
9052	0.9388267477515755
9053	0.9386886052502541
9054	0.9386699153778797
9055	0.9386408613899866
9056	0.9386060634723286
9057	0.9385920397089573
9058	0.9384788047226826
9059	0.9384656955083712
9060	0.9384381818917551
9061	0.9383002329515004
9062	0.9382815771282089
9063	0.9382525861679496
9064	0.9382178249742246
9065	0.9382038006117825
9066	0.9380907146418207
9067	0.9380776324432074
9068	0.9380501581632619
9069	0.9379123725393295
9070	0.9378937490956138
9071	0.9378647737908499
9072	0.9378300639531552
9073	0.9378160638928392
9074	0.9377031269328997
9075	0.9376900672606228
9076	0.9376626072563439
9077	0.9375250129139299
9078	0.9375063993636976
9079	0.9374774604605549
9080	0.9374428064647351
9081	0.937428825945432
9082	0.9373160401561496
9083	0.9373029866900437
9084	0.9372755550920062
9085	0.9371381466524684
9086	0.9371195637040157
9087	0.9370906393907763
9088	0.9370560393778031
9089	0.9370420837397568
9090	0.9369294508260539
9091	0.9369163993859466
9092	0.9368890060198347
9093	0.9367517884365679
9094	0.9367332144811877
9095	0.9367043236297712
9096	0.9366697759507545
9097	0.936655839426054
9098	0.9365433579645797
9099	0.9365303354941856
