16	34.355577719456065
20	22.99458464142637
24	19.826365870079957
28	16.744298161734342
32	14.5554798302893
36	13.138023844417965
40	12.35156216488939
44	11.562432029496136
48	11.04080841721761
52	10.664113773264322
56	10.200303443498385
60	9.712240570657285
64	9.381428049910856
68	9.21070834629491
72	8.923016588813878
76	8.720600786316819
80	8.41630576175142
84	8.17282733659064
88	7.974651103497601
92	7.797532700058735
96	7.627937866663787
1000	2.44770581354738
1004	2.442398257081282
1008	2.440387625862522
1012	2.43322206641378
1016	2.4284802564660812
1020	2.4216523790856175
1024	2.4175838575331454
1028	2.417109457206303
1032	2.408937118890313
1036	2.40874828503663
1040	2.4056746989770934
1044	2.397688639876308
1048	2.3931110901703274
1052	2.3915644818360584
1056	2.385178130891459
1060	2.385010874577313
1064	2.377256989270555
1068	2.372471280925857
1072	2.369282308153565
1076	2.3659885798309843
1080	2.3641749935711305
1084	2.3590331283984725
1088	2.3537286271296205
1092	2.3508261071969536
1096	2.345820512903811
2000	1.764968602347274
2004	1.7619926672384727
2008	1.7598622152796475
2012	1.7588353704939046
2016	1.7584468929159278
2020	1.7571838412807286
2024	1.7556475445441106
2028	1.7539360590998072
2032	1.7524850950542663
2036	1.74958079113761
2040	1.7487242017488933
2044	1.7474829286204179
2048	1.7444975445435704
2052	1.743170053741786
2056	1.7406492229677877
2060	1.739905184883762
2064	1.7372880508812214
2068	1.7365281293256147
2072	1.7347101716407143
2076	1.7335051608066039
2080	1.732079895893762
2084	1.730583559310685
2088	1.7292449107816383
2092	1.7264015225186902
2096	1.7254930576888667
3000	1.460901575682903
3004	1.4596435964246104
3008	1.4592628659579447
3012	1.458485972785782
3016	1.4572383479289324
3020	1.456500944148963
3024	1.4558290210075961
3028	1.455166411286201
3032	1.454670054052959
3036	1.4537198418444044
3040	1.4527308716397191
3044	1.4518553091077995
3048	1.450679814421739
3052	1.4498172969727814
3056	1.4489764659239057
3060	1.4481042037866365
3064	1.446919786552812
3068	1.4460723188281834
3072	1.445653530569368
3076	1.4448539835605765
3080	1.4437966593745222
3084	1.442763118571086
3088	1.441541881984226
3092	1.4409225319029557
3096	1.4401503963073152
4000	1.2783078730112292
4004	1.2775775472589797
4008	1.2770223236102298
4012	1.276480812913862
4016	1.2759557694708992
4020	1.275598051224212
4024	1.2750548566724835
4028	1.2744541113843921
4032	1.2741925577178743
4036	1.2736023216054992
4040	1.2729858207751992
4044	1.2724898734241057
4048	1.2718769186201728
4052	1.2712825763743838
4056	1.2704407832328564
4060	1.2699713842531475
4064	1.2694283571633274
4068	1.2687162251721265
4072	1.268158602757862
4076	1.2675993678511435
4080	1.2671250175374416
4084	1.2665014704785906
4088	1.2662131813391457
4092	1.2656453505533058
4096	1.2651411982754692
5000	1.1516492576430775
5004	1.1512713578363576
5008	1.1508584199224619
5012	1.1504421357457513
5016	1.1500368594821504
5020	1.1496532134449833
5024	1.1493021685499911
5028	1.148891155408764
5032	1.1485173010695533
5036	1.1481459617286127
5040	1.1477158162736485
5044	1.147174706214915
5048	1.1467951534897056
5052	1.1464236130869891
5056	1.1458937189474636
5060	1.1456774565487435
5064	1.1452796818009405
5068	1.1448924628102206
5072	1.14445271575249
5076	1.14411278049988
5080	1.1435156257380794
5084	1.142931757280422
5088	1.1423933414759597
5092	1.1420385919433818
5096	1.141684039252649
6000	1.0588825965871407
6004	1.0585887816806743
6008	1.0582468460381294
6012	1.057940780017293
6016	1.0576215153478254
6020	1.0572968944795684
6024	1.056960022190854
6028	1.0568158744564622
6032	1.056503732008752
6036	1.056069486433887
6040	1.0557451202303536
6044	1.0554516750687517
6048	1.0551426322874355
6052	1.0546895704920722
6056	1.0543802871264503
6060	1.0540552751586987
6064	1.0537425792588293
6068	1.0534607107969365
6072	1.0529911852321954
6076	1.0525415756752015
6080	1.0522895717193692
6084	1.0519466645168096
6088	1.051639081821118
6092	1.0513880452946185
6096	1.0511148925454712
7000	0.9859958327438164
7004	0.9857504500403329
7008	0.9855906679752832
7012	0.9853477696102368
7016	0.9849731846897338
7020	0.9847183927668078
7024	0.9844794116239153
7028	0.9842512542538366
7032	0.9839794899304741
7036	0.983759211866929
7040	0.9833877718504742
7044	0.9832460360437865
7048	0.9829886715454533
7052	0.9826293827197381
7056	0.9823190637425079
7060	0.9820875891755608
7064	0.9817349175756501
7068	0.9815122729287271
7072	0.9812633034093428
7076	0.9809219504880502
7080	0.9805997915334032
7084	0.9803960210877429
7088	0.980148543509459
7092	0.9799218389002877
7096	0.9796470780348789
8000	0.9263730272616704
8004	0.9260770509913621
8008	0.9258601735986169
8012	0.925511882599412
8016	0.9253222323919559
8020	0.9251357208329849
8024	0.9248550648441713
8028	0.924553943601762
8032	0.9243585755203516
8036	0.9241731026425584
8040	0.9240672815209559
8044	0.9237915225878273
8048	0.923574227067284
8052	0.9233907995975641
8056	0.9232749081890721
8060	0.9230807537426364
8064	0.9229511136309336
8068	0.9227269268063263
8072	0.9224121716006324
8076	0.9222056486201395
8080	0.921933235479707
8084	0.9216780480206199
8088	0.9214825785781968
8092	0.9212094950681842
8096	0.9210162190221647
9000	0.8765584498421513
9004	0.8763909372523147
9008	0.8761162484550213
9012	0.8759181158700626
9016	0.8757340657043455
9020	0.8755645795000087
9024	0.8753366056834455
9028	0.8750264372075933
9032	0.8748834795423899
9036	0.8746435401409263
9040	0.874482447971701
9044	0.8743140998791545
9048	0.8740688615234729
9052	0.8738460943928821
9056	0.8736815353605158
9060	0.8735207384220431
9064	0.8732755557071532
9068	0.8730209157914661
9072	0.8727883368458882
9076	0.8724828255885659
9080	0.872414218182014
9084	0.8722688428485368
9088	0.872076437965164
9092	0.8719064047777638
9096	0.8717234960067537
10000	0.8339032040620205
10004	0.8337489615298823
10008	0.833610549842076
10012	0.8334016214860345
10016	0.8331863821047198
10020	0.8330473866393515
10024	0.8329144140757454
10028	0.8327101498046914
10032	0.8325680784747269
10036	0.8323937555062522
10040	0.8322347885434067
10044	0.8321631957379079
10048	0.8320170859943237
10052	0.831885683224449
10056	0.831735465391632
10060	0.8315148453451982
10064	0.8314349679867425
10068	0.8312324767404047
10072	0.8311442816515746
10076	0.830929780653296
10080	0.8308140155743629
10084	0.8306801298111854
10088	0.8304733114199812
10092	0.8303413476840904
10096	0.8301832591437859
11000	0.7973943081349464
11004	0.7972504590491034
11008	0.7970790244412358
11012	0.796962004887011
11016	0.7968283489592645
11020	0.7966899495412281
11024	0.7965749507243385
11028	0.7965003804481121
11032	0.796315942044401
11036	0.7961336414615705
11040	0.7960135097390741
11044	0.7958881972358394
11048	0.7957664338710644
11052	0.795627333162708
11056	0.795489156475718
11060	0.7954159796449409
11064	0.7952368322938739
11068	0.7950683716999407
11072	0.7949349562545618
11076	0.7948415735957659
11080	0.7947203906239053
11084	0.7946438102934494
11088	0.7945002508335353
11092	0.7943943808485718
11096	0.7942166510664479
12000	0.7650043014150163
12004	0.7648819684487609
12008	0.7647823950398789
12012	0.7645872572067942
12016	0.7644349740162228
12020	0.7643950268534336
12024	0.7642535142399602
12028	0.7641919488689806
12032	0.7640498827349931
12036	0.763959424300853
12040	0.7638590034131514
12044	0.7637617241322991
12048	0.763638467437618
12052	0.7635418455795877
12056	0.7634312125605138
12060	0.763375140290421
12064	0.7632625543060481
12068	0.763157252705073
12072	0.7630605852128567
12076	0.7629687454729943
12080	0.7628115480033333
12084	0.7627149954551795
12088	0.7626013251382053
12092	0.7624843467204083
12096	0.7623667701363241
13000	0.737050683498994
13004	0.7369746659614815
13008	0.7368752388033415
13012	0.736756219888683
13016	0.7366559913601927
13020	0.7365533270995404
13024	0.7364138669997162
13028	0.7362673200530523
13032	0.7361390772949146
13036	0.7360427927408668
13040	0.7359453381730272
13044	0.7358591132023937
13048	0.7356684418950383
13052	0.7355944032181849
13056	0.7354905761595536
13060	0.7354067643395186
13064	0.7353031061330095
13068	0.7351976576266921
13072	0.7350459348985061
13076	0.7349523281114023
13080	0.7348541634841887
13084	0.7347077907720054
13088	0.7346095461627711
13092	0.73451515512588
13096	0.7344218570089704
14000	0.7119974398012188
14004	0.7119040476477216
14008	0.7118028572634305
14012	0.711704855793198
14016	0.7116118592352563
14020	0.7114908204504609
14024	0.7114086078418445
14028	0.7112746618740817
14032	0.7111899635656491
14036	0.7110715667045768
14040	0.710978424355234
14044	0.7108040788783976
14048	0.7107742563289832
14052	0.7107026194958583
14056	0.710562946989121
14060	0.7104843060369197
14064	0.7103878288378027
14068	0.7102539278890379
14072	0.710128379877446
14076	0.7100661013428655
14080	0.7099862397982286
14084	0.7099071022334535
14088	0.7098291633225127
14092	0.709741088747025
14096	0.7096487613924205
15000	0.689295949789499
15004	0.6891685606309577
15008	0.6891082685903167
15012	0.6890274063835147
15016	0.688979448979905
15020	0.6889317194154321
15024	0.6888345584359956
15028	0.6887497290546651
15032	0.6886670390126373
15036	0.6885593192784052
15040	0.6884706929744606
15044	0.6884024482951578
15048	0.6882837297310513
15052	0.6882164889972198
15056	0.6881405240565557
15060	0.6880555629692799
15064	0.6879850217908405
15068	0.6878963487015182
15072	0.6878098016680472
15076	0.6877320412592454
15080	0.6876217987298316
15084	0.6875361459809355
15088	0.6874866817456358
15092	0.6874036828516958
15096	0.6873294798145535
16000	0.6689140318741078
16004	0.6688333691946506
16008	0.668761492137089
16012	0.6686900363679675
16016	0.6686042414049116
16020	0.6685256541661604
16024	0.6684624706297653
16028	0.6684005343631854
16032	0.6682973808020467
16036	0.6682363741083728
16040	0.6681993797362098
16044	0.6681295125385818
16048	0.6680520965780177
16052	0.6679768260019383
16056	0.6678959122611379
16060	0.6678195080131801
16064	0.6677616210766586
16068	0.667681742896451
16072	0.6675441846371679
16076	0.6674127478763179
16080	0.6673634568744942
16084	0.6672650836976146
16088	0.6671626726179887
16092	0.6670640014190867
16096	0.6669667294804837
17000	0.6500742849967036
17004	0.6500313340233701
17008	0.6499695231670819
17012	0.6499003200492066
17016	0.6498014546593467
17020	0.6497401075449027
17024	0.6496230938712597
17028	0.6495627467538807
17032	0.6495081203414772
17036	0.6494048369943073
17040	0.6493194633213566
17044	0.6492239160448712
17048	0.6491036487379156
17052	0.6490474310767389
17056	0.6489797991357877
17060	0.6489444607028725
17064	0.6488721189787796
17068	0.6488058375699401
17072	0.6487386281520577
17076	0.64867387849264
17080	0.64860663785936
17084	0.6485381808747885
17088	0.6484641953743491
17092	0.6484244139329309
17096	0.6483464671632377
18000	0.6325948559579877
18004	0.6325090983122132
18008	0.632452894657757
18012	0.6323985207400318
18016	0.6323128630513186
18020	0.6322788392976997
18024	0.6322178596051529
18028	0.6321482236467502
18032	0.63203942035543
18036	0.6320093525145376
18040	0.6319580199091099
18044	0.6318955623756661
18048	0.6318223038891164
18052	0.6317682383964842
18056	0.6316802800872314
18060	0.6316208668005157
18064	0.631531179542836
18068	0.6314806960362533
18072	0.6313949766954834
18076	0.6313072695964519
18080	0.6312586347940425
18084	0.6312250993289492
18088	0.6311697245757786
18092	0.6311037963369057
18096	0.6310480857671097
19000	0.6168185288553902
19004	0.6167603842093667
19008	0.6167070357252658
19012	0.616622709017089
19016	0.6165489352769895
19020	0.6164883495459883
19024	0.6164389034906477
19028	0.6163760453384679
19032	0.6163163990228715
19036	0.6162591684673977
19040	0.6162028705074489
19044	0.6161448488059558
19048	0.616094410264735
19052	0.6160390638065034
19056	0.6159771298429451
19060	0.6158978052574708
19064	0.6158217510614317
19068	0.61576722907343
19072	0.6157102864092674
19076	0.6156612555766454
19080	0.6156066792422865
19084	0.6155457072277761
19088	0.615488850452983
19092	0.6154275123481763
19096	0.6153428743088223
20000	0.6021276005082961
20004	0.6020765592930211
20008	0.6020458244905593
20012	0.6019859338540383
20016	0.6019077372156212
20020	0.6018523983955544
20024	0.6018063373355296
20028	0.6017257281703798
20032	0.6016957327970065
20036	0.6016393172762005
20040	0.6015653635764671
20044	0.6014905784519204
20048	0.601443918201185
20052	0.6013892679083161
20056	0.6013369361836687
20060	0.6012833090188232
20064	0.6012285705615501
20068	0.6011736913426575
20072	0.6011127101041671
20076	0.6010409875465292
20080	0.6009662343564384
20084	0.6009240488434664
20088	0.6008649034730524
20092	0.6008246760835956
20096	0.6007250613855086
21000	0.588587236589023
21004	0.5885374968231512
21008	0.5884858408493736
21012	0.5884361246209373
21016	0.5883848140913437
21020	0.5883164232675804
21024	0.5882649737848102
21028	0.5882167302538877
21032	0.5881629108304189
21036	0.5881132090294212
21040	0.5880700930407674
21044	0.5880125493888007
21048	0.5879594486527588
21052	0.5879068033760264
21056	0.5878620848612921
21060	0.5877936853932788
21064	0.5877046020553538
21068	0.5876416142757261
21072	0.5876075136421504
21076	0.5875649512161876
21080	0.5875185289502989
21084	0.5874710201489293
21088	0.5874185190087968
21092	0.587367056140299
21096	0.5873396705230822
22000	0.5758946287996745
22004	0.5758673209447105
22008	0.5758228540350938
22012	0.5757831496086361
22016	0.5757157862071156
22020	0.5756761828447117
22024	0.5756391589263721
22028	0.5755760101779119
22032	0.5755181622194163
22036	0.5754599999495982
22040	0.5754375830373757
22044	0.5753897304524551
22048	0.5753259490128757
22052	0.5752873001520746
22056	0.5752207222136803
22060	0.5751854184412382
22064	0.5751212394919274
22068	0.5750743829734275
22072	0.5749932260720141
22076	0.5749492065614648
22080	0.5749019735655829
22084	0.5748384979355305
22088	0.5747747947820592
22092	0.5747336554872007
22096	0.574686932012533
23000	0.5640908227271029
23004	0.564046013839768
23008	0.5640005027454162
23012	0.5639546833388644
23016	0.5639064510676206
23020	0.5638594311215581
23024	0.5638203429134787
23028	0.5637801613713798
23032	0.5637495245608983
23036	0.5637016385171247
23040	0.5636544948737008
23044	0.5636101925024741
23048	0.5635626945215666
23052	0.5635182938628804
23056	0.5634941269224978
23060	0.5634307176311655
23064	0.5633673426889021
23068	0.5633219041292836
23072	0.5633011237272654
23076	0.5632547354288233
23080	0.5631909976247553
23084	0.5631453668250042
23088	0.5631054511215265
23092	0.5630669855264139
23096	0.5630277123125893
24000	0.5529444247916713
24004	0.552907159513544
24008	0.552847182832719
24012	0.5528119904691977
24016	0.5527704518347125
24020	0.5527165810449546
24024	0.5526784885605887
24028	0.5526423629389743
24032	0.5526006697024042
24036	0.5525485481727508
24040	0.5525050480973381
24044	0.5524491644619873
24048	0.5524170126864818
24052	0.5523553508504944
24056	0.5523232872620987
24060	0.5522837756452059
24064	0.5522628241477074
24068	0.5522385279535209
24072	0.5522004437535983
24076	0.5521542599430447
24080	0.5521271829402232
24084	0.5520847305522301
24088	0.5520386200962204
24092	0.5520006502476926
24096	0.5519469777053942
25000	0.5425304341034041
25004	0.5424923265019772
25008	0.5424555893272711
25012	0.5423980286330736
25016	0.5423618698916166
25020	0.542323843605121
25024	0.5422507981137235
25028	0.5422195524197244
25032	0.5421797632205696
25036	0.5421470617062063
25040	0.5421074121347826
25044	0.542066292308323
25048	0.5420351939346373
25052	0.5419959374821284
25056	0.5419653426539925
25060	0.541926789974444
25064	0.5418894324027355
25068	0.5418655500186531
25072	0.5418190224722104
25076	0.5417791695228138
25080	0.5417103883754046
25084	0.5416732622863241
25088	0.5416420772194261
25092	0.5416058965670076
25096	0.5415849274729645
26000	0.5324563363222994
26004	0.5324060767387362
26008	0.532373075510082
26012	0.5323362720980789
26016	0.5323149804107836
26020	0.5322803295352352
26024	0.5322411984391504
26028	0.5322054612925702
26032	0.5321829389454593
26036	0.5321321251901039
26040	0.5320948781983468
26044	0.5320603060632589
26048	0.532020962287596
26052	0.5319657181222226
26056	0.5319354322427188
26060	0.5319011467831658
26064	0.5318659374564256
26068	0.5318277006423018
26072	0.531794049617689
26076	0.5317663122049872
26080	0.5317342964985254
26084	0.5317157553860754
26088	0.531664926258328
26092	0.5316088746917587
26096	0.5315608896923774
27000	0.5232888863910456
27004	0.5232554303085908
27008	0.5232164096605749
27012	0.5231993544892632
27016	0.5231543927467814
27020	0.5231059479053766
27024	0.5230739898354921
27028	0.5230384746163268
27032	0.5229885336107627
27036	0.5229576985275552
27040	0.5229225441086571
27044	0.5228763800109149
27048	0.5228444811074988
27052	0.522814026134208
27056	0.5227836322899388
27060	0.5227331728691507
27064	0.5226992330936566
27068	0.5226525508058439
27072	0.5226227164248154
27076	0.522587507749003
27080	0.5225400802514586
27084	0.5225103901039962
27088	0.5224763566894546
27092	0.5224476611063853
27096	0.5224009545796044
28000	0.514305841321482
28004	0.5142734942280853
28008	0.514240199317052
28012	0.5142104536336063
28016	0.5141775358920566
28020	0.5141482135457167
28024	0.5141178635434378
28028	0.5140873746416408
28032	0.5140504224672902
28036	0.5140164948314263
28040	0.5139849174308755
28044	0.5139571944199934
28048	0.513920914136047
28052	0.513893207133765
28056	0.5138666477286935
28060	0.5138353608199091
28064	0.5138022447979416
28068	0.5137575159518954
28072	0.5137163555532562
28076	0.5136845977798687
28080	0.5136524466352896
28084	0.5136254346762674
28088	0.5135887412617035
28092	0.5135599075844617
28096	0.5135170446321291
29000	0.5058395229418307
29004	0.5058090644887583
29008	0.5057794001095524
29012	0.5057511253195917
29016	0.5057084708716464
29020	0.5056626837189884
29024	0.5056329452523014
29028	0.5056074459504769
29032	0.505573491999816
29036	0.5055413449751953
29040	0.5055088975471191
29044	0.5054776168803914
29048	0.5054445849871374
29052	0.5054142003313578
29056	0.5053876287503658
29060	0.5053677706912554
29064	0.5053342263034546
29068	0.505303653381616
29072	0.5052697582708743
29076	0.5052293910654566
29080	0.5051983394811652
29084	0.5051692279458653
29088	0.5051279023329474
29092	0.5050874780153136
29096	0.5050588374434797
30000	0.4979943863938221
30004	0.49796210555495524
30008	0.4979301801246321
30012	0.4979050794596571
30016	0.49787596817010127
30020	0.4978431166828108
30024	0.49780979963157757
30028	0.497771663102601
30032	0.4977447534309045
30036	0.4977073082100407
30040	0.4976811472801643
30044	0.4976494208584006
30048	0.4976198004526633
30052	0.4975763214230189
30056	0.4975485348863453
30060	0.49750833951062523
30064	0.49748053050305785
30068	0.49744188915707044
30072	0.49741117905004417
30076	0.497381867646143
30080	0.4973636135507802
30084	0.49733133776012783
30088	0.4972973828291378
30092	0.49727147082376044
30096	0.4972387691841744
31000	0.4903245343866096
31004	0.4903092623898204
31008	0.49027979940715416
31012	0.4902379663772556
31016	0.49021055952230963
31020	0.4901748419916605
31024	0.4901496904942846
31028	0.49012031151757673
31032	0.49009253275204134
31036	0.4900665528337873
31040	0.4900348659581266
31044	0.4900061974491223
31048	0.4899784454383125
31052	0.48994350004254206
31056	0.4899155485836253
31060	0.48988477406904796
31064	0.48984888427096607
31068	0.4898070988444756
31072	0.4897931266883677
31076	0.48976933317145965
31080	0.489726384463419
31084	0.4896963751289467
31088	0.48967151381345153
31092	0.48963170607089634
31096	0.48960471913103376
32000	0.48296026831805117
32004	0.48293108128982065
32008	0.48290357950915697
32012	0.48286220321379236
32016	0.4828480191828153
32020	0.48281755020260153
32024	0.4827999597687942
32028	0.4827700060919047
32032	0.48273980387409754
32036	0.48271348689602034
32040	0.4826830099582886
32044	0.4826601398736039
32048	0.4826350027172075
32052	0.4826092373841795
32056	0.4825788478834441
32060	0.4825529459778404
32064	0.4825125530042529
32068	0.48248724382626706
32072	0.48246260702560484
32076	0.48243367928163483
32080	0.4824177733979442
32084	0.48238931278100394
32088	0.4823646689650083
32092	0.4823363572284445
32096	0.48230058940296106
33000	0.4760660404135537
33004	0.4760424682766593
33008	0.47601487219673766
33012	0.475993074717292
33016	0.47596530775835455
33020	0.47593769059091584
33024	0.47590573286652993
33028	0.4758694642418919
33032	0.4758561076303629
33036	0.47583277615394626
33040	0.47578294514099784
33044	0.4757535638304089
33048	0.4757337249880622
33052	0.47571071714936775
33056	0.4756769413212225
33060	0.4756520911869675
33064	0.47563753896132255
33068	0.47561274858751745
33072	0.4755847342341255
33076	0.4755590689447793
33080	0.4755365257107207
33084	0.4755136639903408
33088	0.475485104801987
33092	0.4754619263595572
33096	0.4754337774579085
34000	0.4694054054403485
34004	0.4693829942087613
34008	0.4693465450235772
34012	0.4693118325826493
34016	0.46929324827178687
34020	0.46925949742791406
34024	0.46923002715469564
34028	0.469210028546758
34032	0.46917606179267124
34036	0.469143905639233
34040	0.46913130750834675
34044	0.46909912684620503
34048	0.4690729930663038
34052	0.46904999933414415
34056	0.469023714095695
34060	0.4689974996545381
34064	0.4689671054469815
34068	0.46893499355238877
34072	0.4689115436244402
34076	0.4688907862731848
34080	0.4688590868578446
34084	0.4688293401798267
34088	0.46880539555609757
34092	0.46878617068023676
34096	0.4687611421419897
35000	0.4629739188376296
35004	0.46295201953187326
35008	0.46291691838018423
35012	0.46289510650568366
35016	0.4628726809358952
35020	0.4628473887061002
35024	0.46282536163026133
35028	0.46280167072632183
35032	0.46278145488526823
35036	0.46275584399371694
35040	0.4627316845397855
35044	0.46270956735054103
35048	0.4626877533159228
35052	0.462661397832834
35056	0.4626188222958736
35060	0.46258879358970484
35064	0.4625710041435185
35068	0.4625596293351144
35072	0.46254024848078124
35076	0.46251566949685263
35080	0.46248967104495753
35084	0.4624569541256174
35088	0.4624391566011281
35092	0.46241413426959754
35096	0.4623927776918919
36000	0.45678393183080734
36004	0.4567603860762439
36008	0.4567346269844397
36012	0.45670550552671996
36016	0.4566752480737999
36020	0.45664314443469944
36024	0.4566233054157398
36028	0.4565954537757406
36032	0.4565612911596084
36036	0.45654154735512487
36040	0.456518935064099
36044	0.45650627812048117
36048	0.4564841350277049
36052	0.4564617145836176
36056	0.4564476609556254
36060	0.4564344547627113
36064	0.4564028271443621
36068	0.45637654900378455
36072	0.45635297116380147
36076	0.45633305702718463
36080	0.45629944927198696
36084	0.45627586642145923
36088	0.4562561435563808
36092	0.45624191803324643
36096	0.4562170518695938
37000	0.4510179114978148
37004	0.45100020905603433
37008	0.4509777761071305
37012	0.45093865934302557
37016	0.45091758671678206
37020	0.4509068925163988
37024	0.45088300999716346
37028	0.45085862960148426
37032	0.4508289568137849
37036	0.4507980871463406
37040	0.45077926394852375
37044	0.4507581681442785
37048	0.4507360516828556
37052	0.45071355701984084
37056	0.45069332104521287
37060	0.4506748305381676
37064	0.4506556797283019
37068	0.45063206266485745
37072	0.4506132468213351
37076	0.45057969514478025
37080	0.4505689160950255
37084	0.4505379410281052
37088	0.4505085544877405
37092	0.450498529601578
37096	0.45047715540867816
38000	0.44550129788780657
38004	0.44547986003325435
38008	0.4454588350932067
38012	0.44543517465601434
38016	0.44541488819308817
38020	0.4453950755326168
38024	0.4453769042681852
38028	0.4453599143295137
38032	0.44534077584009
38036	0.44532167125183686
38040	0.44528873027273663
38044	0.4452708661801845
38048	0.4452427045355669
38052	0.44519712870409167
38056	0.44518156670399
38060	0.4451452292385625
38064	0.44512768465698094
38068	0.4450896833536011
38072	0.44507226286186974
38076	0.445055451561972
38080	0.44503315871220606
38084	0.4450070419267993
38088	0.4449807117046358
38092	0.44496196536651267
38096	0.44494325776509847
39000	0.44001392028071806
39004	0.43999493338807794
39008	0.43997871447529846
39012	0.439956406533057
39016	0.4399388608206052
39020	0.43990997761543404
39024	0.43988063020297963
39028	0.43986502614207823
39032	0.4398433627864009
39036	0.4398266397383188
39040	0.43980720936041084
39044	0.4397892004111621
39048	0.43975787813842526
39052	0.43973913956510646
39056	0.4397154684276714
39060	0.439702384414697
39064	0.43968101361918066
39068	0.43965917378121344
39072	0.4396383052733226
39076	0.4396100962555991
39080	0.4395864574773758
39084	0.4395613375615057
39088	0.4395443183963952
39092	0.4395098261920516
39096	0.4394824992949584
40000	0.43474934001707943
40004	0.4347309647193911
40008	0.43470913651094456
40012	0.4346844658898501
40016	0.43465601681657007
40020	0.4346414435305115
40024	0.4346158614953781
40028	0.43459674598224374
40032	0.43458124043592594
40036	0.43456196025492444
40040	0.4345428763597903
40044	0.43452432228049354
40048	0.43449777453499827
40052	0.43447887094944826
40056	0.43446154932032366
40060	0.4344438724924038
40064	0.4344234107523668
40068	0.4344028834757294
40072	0.43438760851113645
40076	0.4343672268820762
40080	0.4343475295702781
40084	0.43433066045092716
40088	0.4342942650486403
40092	0.4342756578880478
40096	0.434244796803692
41000	0.4297153877989479
41004	0.42968847964086176
41008	0.4296710775236454
41012	0.42966245881113196
41016	0.4296421582789527
41020	0.4296224197454732
41024	0.4296037644936903
41028	0.429582507977482
41032	0.429557216686711
41036	0.4295329772544183
41040	0.4295170619098738
41044	0.4294990679382651
41048	0.4294715098322297
41052	0.429455174634364
41056	0.4294351869487587
41060	0.4294243933024422
41064	0.4293995762239118
41068	0.42938214952353526
41072	0.42936264121899015
41076	0.4293368748244111
41080	0.4293122217907792
41084	0.4292960852040546
41088	0.4292801830667923
41092	0.42926259781371345
41096	0.4292458301127864
42000	0.42492684595701347
42004	0.42490753076939214
42008	0.4248909891667767
42012	0.4248743631204852
42016	0.4248428672741704
42020	0.42482587287007045
42024	0.4248094639170148
42028	0.4247917887558077
42032	0.4247736455658362
42036	0.42475698655799476
42040	0.42473669494684607
42044	0.4247169738874108
42048	0.4247005376154953
42052	0.42468472083175857
42056	0.42466822826446116
42060	0.42464970288785553
42064	0.4246336300917912
42068	0.4246080955592759
42072	0.42458490956024897
42076	0.42456869535689656
42080	0.4245522505355228
42084	0.42453551834931424
42088	0.4245154243373246
42092	0.42449771016375104
42096	0.4244793462608891
43000	0.4202840515789106
43004	0.4202740252555013
43008	0.420248993570536
43012	0.42023105251705317
43016	0.4202052021584197
43020	0.420196740650868
43024	0.4201780171254459
43028	0.4201601699887261
43032	0.42013644889849044
43036	0.42012604429398914
43040	0.42010820829275386
43044	0.42008850972517164
43048	0.42006258717989886
43052	0.4200475191348363
43056	0.4200312569800304
43060	0.4200120082252379
43064	0.42000281774085213
43068	0.4199854556333389
43072	0.4199681570053304
43076	0.4199489824963005
43080	0.4199261621820569
43084	0.4199074279437949
43088	0.41989024972810984
43092	0.41986620845521005
43096	0.4198501112565971
44000	0.41581939471803286
44004	0.41579735008277185
44008	0.4157795657052239
44012	0.4157636034923189
44016	0.41574664678700013
44020	0.4157222462617782
44024	0.41571488898611264
44028	0.4156974481794058
44032	0.4156831506023668
44036	0.41566493989240105
44040	0.4156492965485945
44044	0.4156344856693608
44048	0.4156168607211237
44052	0.4156023648193745
44056	0.41558422190599087
44060	0.41555995992583883
44064	0.4155437149655974
44068	0.4155295154494172
44072	0.4155136782219624
44076	0.41549868322186523
44080	0.4154814292518858
44084	0.4154567436596812
44088	0.4154398680691347
44092	0.4154183138916796
44096	0.41540887958297956
45000	0.4115127602269404
45004	0.4114890902016004
45008	0.41147645788473164
45012	0.41145951529121216
45016	0.41144728599012637
45020	0.4114237930317941
45024	0.41140797236754767
45028	0.41139301061743216
45032	0.41137109144014694
45036	0.41136241167234755
45040	0.41134563668137836
45044	0.4113296255514163
45048	0.4113124510070345
45052	0.41129650028107845
45056	0.4112807384577235
45060	0.4112582963638429
45064	0.4112340436413151
45068	0.4112191983687221
45072	0.4112022573701539
45076	0.411194996632255
45080	0.4111789394819869
45084	0.41116471438400337
45088	0.41114681512893525
45092	0.4111311111548952
45096	0.41111394873217133
46000	0.4072775941014095
46004	0.4072551645302318
46008	0.4072336754101702
46012	0.40721245851690946
46016	0.40719718360143076
46020	0.4071824715271184
46024	0.4071669050499436
46028	0.4071506465705297
46032	0.40713055745546534
46036	0.40711463090333
46040	0.4070992679007259
46044	0.4070827230405647
46048	0.40706748670323867
46052	0.40704510274002836
46056	0.40702878898730366
46060	0.40701997784385435
46064	0.40700508553205106
46068	0.406990960447297
46072	0.40697534682580905
46076	0.40696483483920054
46080	0.40694126657850416
46084	0.40691705829756564
46088	0.40690229515708287
46092	0.4068868635097882
46096	0.40686488353442174
47000	0.4030852272993981
47004	0.40307469333157986
47008	0.40306205124262573
47012	0.4030409677378137
47016	0.4030327593794216
47020	0.4030064802725599
47024	0.4029785689551464
47028	0.4029645567276363
47032	0.4029511853748502
47036	0.4029411282124824
47040	0.4029252092959217
47044	0.4029095726592591
47048	0.40288609593286484
47052	0.40286621992769156
47056	0.4028514649860877
47060	0.4028362615162666
47064	0.4028152608157636
47068	0.4028004922554407
47072	0.4027860790406055
47076	0.4027648854325676
47080	0.40274416890163733
47084	0.4027311775620799
47088	0.40270886963307273
47092	0.40269644542708516
47096	0.4026821484425196
48000	0.3990280815371148
48004	0.3990160896935988
48008	0.3990000578052415
48012	0.3989852709198458
48016	0.3989720563679362
48020	0.39895700337619466
48024	0.39893545921695095
48028	0.3989268843259983
48032	0.39891262130253047
48036	0.39889988214608874
48040	0.39887908593119903
48044	0.39886554920000017
48048	0.39885159894397404
48052	0.3988371884886608
48056	0.3988146582406591
48060	0.39879289232950765
48064	0.39877892065139986
48068	0.39876512545881515
48072	0.3987510592467609
48076	0.3987386394713397
48080	0.39872620898655287
48084	0.39871724536829767
48088	0.3987014902142332
48092	0.3986852853944325
48096	0.39867118992683204
49000	0.3951892496459801
49004	0.3951750354576151
49008	0.39516089828820533
49012	0.39514782907141277
49016	0.3951268850962011
49020	0.39511831312069035
49024	0.3951039258216138
49028	0.39509038410876984
49032	0.39507494135817356
49036	0.39506096131970025
49040	0.3950470533816428
49044	0.39502844015223215
49048	0.3950015068687378
49052	0.3949903605613838
49056	0.39497812302287283
49060	0.39496439468803946
49064	0.394945155228803
49068	0.39492577543442664
49072	0.39490707391686053
49076	0.39488858793227677
49080	0.394877886134128
49084	0.3948649262577948
49088	0.39484886789040585
49092	0.39483637357038304
49096	0.3948144362576054
50000	0.3914644433007102
50004	0.39145334329707127
50008	0.3914396598087171
50012	0.39141768852138004
50016	0.39140520386837485
50020	0.3913918402167187
50024	0.3913841831983391
50028	0.3913711048517181
50032	0.3913555717221231
50036	0.3913349612276653
50040	0.3913145911040068
50044	0.3913013834854362
50048	0.39128763142437073
50052	0.3912733038516534
50056	0.3912587402188441
50060	0.3912502829993587
50064	0.3912349372086543
50068	0.3912256453099703
50072	0.3912160326348131
50076	0.3912003612451127
50080	0.39118626028193937
50084	0.39116901153889105
50088	0.39114472471388506
50092	0.3911273644251394
50096	0.3911177252301863
51000	0.3878565290727338
51004	0.3878426030458124
51008	0.38782529977737856
51012	0.3878108752470806
51016	0.3877936091144403
51020	0.3877802255955318
51024	0.38776184123283497
51028	0.38775001411173404
51032	0.38773702745521454
51036	0.3877190626972433
51040	0.3877038212595665
51044	0.38769220466694754
51048	0.3876793950456605
51052	0.38766776183595386
51056	0.3876535210614147
51060	0.3876408160291007
51064	0.3876278971839433
51068	0.3876101959622984
51072	0.3875891647804799
51076	0.38757122546454537
51080	0.38756534541980736
51084	0.3875471119734981
51088	0.38752846560986765
51092	0.38751507641645655
51096	0.38750273358658416
52000	0.38429526617040644
52004	0.3842776421231615
52008	0.38426714070212586
52012	0.384254727209389
52016	0.3842421383654866
52020	0.38422375353492777
52024	0.3842098325693015
52028	0.38419890785401556
52032	0.38418071215173066
52036	0.3841735842814571
52040	0.38415000043876035
52044	0.38413774014267066
52048	0.38412639365246104
52052	0.3841076954583891
52056	0.3840884430107627
52060	0.38407669307785186
52064	0.3840657594829273
52068	0.3840572776901843
52072	0.38404235336380976
52076	0.38402825798171825
52080	0.3840144092998048
52084	0.3840013219586216
52088	0.38398714541184953
52092	0.38397410081731187
52096	0.383959551512707
53000	0.3808300094203334
53004	0.3808049783770382
53008	0.38078862221848775
53012	0.3807709659060836
53016	0.38075965677549695
53020	0.38074709078200586
53024	0.38072850593837204
53028	0.3807163527997426
53032	0.3806991073710768
53036	0.38068003842236187
53040	0.38066283563177405
53044	0.3806501834125373
53048	0.38064005653624333
53052	0.3806256727023345
53056	0.38061420026687776
53060	0.38060012313511593
53064	0.38058651710894553
53068	0.3805796749240362
53072	0.38056147731212775
53076	0.38054756573046555
53080	0.38052910751624247
53084	0.3805124881799109
53088	0.3804995954537824
53092	0.3804764554306457
53096	0.3804646201845241
54000	0.3774384225969303
54004	0.3774265100319789
54008	0.37741671719296255
54012	0.3774049808330111
54016	0.3773870436972162
54020	0.3773750329457288
54024	0.37736835064792174
54028	0.37734941991348414
54032	0.37733790847628956
54036	0.37731860591153166
54040	0.37730099804723927
54044	0.37728569403756307
54048	0.37726791913498015
54052	0.37725137404254117
54056	0.37724605137665757
54060	0.37723410633605425
54064	0.37721177830872166
54068	0.3771996266332829
54072	0.3771885632507461
54076	0.37717833529391687
54080	0.37716178697374825
54084	0.3771499477240192
54088	0.37713851996630865
54092	0.37712099100576646
54096	0.3771047084195791
55000	0.3741747140392351
55004	0.3741617462902549
55008	0.3741514196537157
55012	0.37413841954631555
55016	0.37412765384928015
55020	0.37412008890515236
55024	0.3741033990932119
55028	0.374090061199702
55032	0.374078529698294
55036	0.374066403504171
55040	0.3740509588786023
55044	0.3740405013350925
55048	0.3740309556054051
55052	0.3740193038934312
55056	0.3740074239133271
55060	0.3739966497978171
55064	0.37398389807923804
55068	0.37397243837541616
55072	0.37396081393445546
55076	0.3739490929725662
55080	0.373933458823857
55084	0.37392618050931814
55088	0.3739149771329444
55092	0.37389606358681315
55096	0.3738841763964933
56000	0.3710623313449979
56004	0.37105062533570954
56008	0.3710406555510424
56012	0.37103042784602036
56016	0.37102264080118097
56020	0.37100992422578805
56024	0.37099748522198217
56028	0.37097952017713887
56032	0.37096236191161314
56036	0.3709454541196493
56040	0.3709289022513871
56044	0.37091877141989027
56048	0.3709089900771749
56052	0.37089921269948833
56056	0.37088582125958025
56060	0.37087446645296707
56064	0.37086396752716033
56068	0.3708498814807508
56072	0.37084276100369196
56076	0.37083087937695947
56080	0.3708136390401462
56084	0.37080073269187586
56088	0.37078892726235013
56092	0.37077860592960254
56096	0.37075952162515025
