1.000000000000000000e+02 4.179811523395414063e+00
2.000000000000000000e+02 2.850321668875942294e+00
3.000000000000000000e+02 2.413596674565226419e+00
4.000000000000000000e+02 2.088871093511901922e+00
5.000000000000000000e+02 1.846317605337997936e+00
6.000000000000000000e+02 1.669646499408458107e+00
7.000000000000000000e+02 1.540909485314427618e+00
8.000000000000000000e+02 1.446672710901587555e+00
9.000000000000000000e+02 1.355267210339722084e+00
1.000000000000000000e+03 1.261972349604658650e+00
1.100000000000000000e+03 1.191457784920103347e+00
1.200000000000000000e+03 1.143893841539635581e+00
1.300000000000000000e+03 1.099847261137240073e+00
1.400000000000000000e+03 1.050325248962414637e+00
1.500000000000000000e+03 1.007154839334616803e+00
1.600000000000000000e+03 9.714606412066173480e-01
1.700000000000000000e+03 9.387119963337565709e-01
1.800000000000000000e+03 9.102227590299990512e-01
1.900000000000000000e+03 8.855286624903515591e-01
2.000000000000000000e+03 8.588030823652066381e-01
2.100000000000000000e+03 8.350819897469440312e-01
2.200000000000000000e+03 8.127131938454160709e-01
2.300000000000000000e+03 7.941402348936787980e-01
2.400000000000000000e+03 7.738428453759249592e-01
2.500000000000000000e+03 7.551707184178675369e-01
2.600000000000000000e+03 7.367521169337241105e-01
2.700000000000000000e+03 7.230032193915469918e-01
2.800000000000000000e+03 7.072580055353412387e-01
2.900000000000000000e+03 6.938192838939130080e-01
3.000000000000000000e+03 6.786552325249430861e-01
3.100000000000000000e+03 6.680226950196750391e-01
3.200000000000000000e+03 6.575092003005131858e-01
3.300000000000000000e+03 6.448421999138069793e-01
3.400000000000000000e+03 6.312342957457625081e-01
3.500000000000000000e+03 6.226286921660506568e-01
3.600000000000000000e+03 6.120646884464180371e-01
3.700000000000000000e+03 6.012770461403893485e-01
3.800000000000000000e+03 5.921185614946482545e-01
3.900000000000000000e+03 5.830625184556088580e-01
4.000000000000000000e+03 5.740270703001872921e-01
4.100000000000000000e+03 5.671302994152340737e-01
4.200000000000000000e+03 5.577816890516156256e-01
4.300000000000000000e+03 5.500230075787044814e-01
4.400000000000000000e+03 5.415537158937709927e-01
4.500000000000000000e+03 5.340176314342158781e-01
4.600000000000000000e+03 5.273575829581358398e-01
4.700000000000000000e+03 5.200045668212853744e-01
4.800000000000000000e+03 5.131750815826339185e-01
4.900000000000000000e+03 5.055573860262967401e-01
5.000000000000000000e+03 4.981790685558762366e-01
5.100000000000000000e+03 4.935218992272610850e-01
5.200000000000000000e+03 4.891658719840622505e-01
5.300000000000000000e+03 4.838995152101239761e-01
5.400000000000000000e+03 4.794563123525528159e-01
5.500000000000000000e+03 4.735496206809807207e-01
5.600000000000000000e+03 4.671475071538716550e-01
5.700000000000000000e+03 4.611587614552730141e-01
5.800000000000000000e+03 4.559358395343627857e-01
5.900000000000000000e+03 4.505358480248261577e-01
6.000000000000000000e+03 4.469268569799304536e-01
6.100000000000000000e+03 4.428250921866491163e-01
6.200000000000000000e+03 4.381327732957273624e-01
6.300000000000000000e+03 4.336081310151981283e-01
6.400000000000000000e+03 4.288466334130357493e-01
6.500000000000000000e+03 4.246290433699577149e-01
6.600000000000000000e+03 4.218964052646520524e-01
6.700000000000000000e+03 4.173941718645710619e-01
6.800000000000000000e+03 4.131587077295304500e-01
6.900000000000000000e+03 4.082098792807535848e-01
7.000000000000000000e+03 4.048267693029848902e-01
7.100000000000000000e+03 4.014673701355230273e-01
7.200000000000000000e+03 3.989961791769014443e-01
7.300000000000000000e+03 3.947985051037785631e-01
7.400000000000000000e+03 3.923139127687841898e-01
7.500000000000000000e+03 3.879702876409198975e-01
7.600000000000000000e+03 3.848196104171883736e-01
