1.000000000000000000e+02 1.674911165007866742e+01
2.000000000000000000e+02 1.045348064514690023e+01
3.000000000000000000e+02 8.355003682398633558e+00
4.000000000000000000e+02 7.202503726523001859e+00
5.000000000000000000e+02 6.498131786675266142e+00
6.000000000000000000e+02 5.972112929633366818e+00
7.000000000000000000e+02 5.550011605648881741e+00
8.000000000000000000e+02 5.227109984351249850e+00
9.000000000000000000e+02 4.900330692556316592e+00
1.000000000000000000e+03 4.652507881718611848e+00
1.100000000000000000e+03 4.450644987006874942e+00
1.200000000000000000e+03 4.267985823904358433e+00
1.300000000000000000e+03 4.108098339359936624e+00
1.400000000000000000e+03 3.962888122748359887e+00
1.500000000000000000e+03 3.822869134606485808e+00
1.600000000000000000e+03 3.704781054351240499e+00
1.700000000000000000e+03 3.594576101151022662e+00
1.800000000000000000e+03 3.491715953195359212e+00
1.900000000000000000e+03 3.398306347012508333e+00
2.000000000000000000e+03 3.308850148651655054e+00
2.100000000000000000e+03 3.231493910218438348e+00
2.200000000000000000e+03 3.164691741702348349e+00
2.300000000000000000e+03 3.095739118644917021e+00
2.400000000000000000e+03 3.034210331065034350e+00
2.500000000000000000e+03 2.972332367400645659e+00
2.600000000000000000e+03 2.909912915924274923e+00
2.700000000000000000e+03 2.856678793949406270e+00
2.800000000000000000e+03 2.808956084545685350e+00
2.900000000000000000e+03 2.759372115915190271e+00
3.000000000000000000e+03 2.716158763039308699e+00
3.100000000000000000e+03 2.673563930623346963e+00
3.200000000000000000e+03 2.627643954879824051e+00
3.300000000000000000e+03 2.588941848874836360e+00
3.400000000000000000e+03 2.550629115811380743e+00
3.500000000000000000e+03 2.513286113085741569e+00
3.600000000000000000e+03 2.477047718804346932e+00
3.700000000000000000e+03 2.441783507593138225e+00
3.800000000000000000e+03 2.407933696934439816e+00
3.900000000000000000e+03 2.376879096983080419e+00
4.000000000000000000e+03 2.347714406080769756e+00
4.100000000000000000e+03 2.316018930268414877e+00
4.200000000000000000e+03 2.287254965453434430e+00
4.300000000000000000e+03 2.258600690347896123e+00
4.400000000000000000e+03 2.230576493806820437e+00
4.500000000000000000e+03 2.205105444504131817e+00
4.600000000000000000e+03 2.182209081647953575e+00
4.700000000000000000e+03 2.158726335702594756e+00
4.800000000000000000e+03 2.133207230702694801e+00
4.900000000000000000e+03 2.109238198112401985e+00
5.000000000000000000e+03 2.087612178544565822e+00
5.100000000000000000e+03 2.066780627660520953e+00
5.200000000000000000e+03 2.046286465127475918e+00
5.300000000000000000e+03 2.026475594925696733e+00
5.400000000000000000e+03 2.008123356640796331e+00
5.500000000000000000e+03 1.987289638630766575e+00
5.600000000000000000e+03 1.967395351001919312e+00
5.700000000000000000e+03 1.950036540689271458e+00
5.800000000000000000e+03 1.932818720027189574e+00
5.900000000000000000e+03 1.916178383540074970e+00
6.000000000000000000e+03 1.899867552971149287e+00
6.100000000000000000e+03 1.883346810021579554e+00
6.200000000000000000e+03 1.868286171970424681e+00
6.300000000000000000e+03 1.851807432352817750e+00
6.400000000000000000e+03 1.836385059851683987e+00
6.500000000000000000e+03 1.823576654290755439e+00
6.600000000000000000e+03 1.809047816372193473e+00
6.700000000000000000e+03 1.795620051824557084e+00
6.800000000000000000e+03 1.781942736083965251e+00
6.900000000000000000e+03 1.768150956306091981e+00
7.000000000000000000e+03 1.755794348202630140e+00
7.100000000000000000e+03 1.741859365004212012e+00
7.200000000000000000e+03 1.729325639785629365e+00
7.300000000000000000e+03 1.716282915911570228e+00
7.400000000000000000e+03 1.705092605642692716e+00
7.500000000000000000e+03 1.692484511671963565e+00
7.600000000000000000e+03 1.682636895279687073e+00
7.700000000000000000e+03 1.670914840283939995e+00
7.800000000000000000e+03 1.660487016667161697e+00
7.900000000000000000e+03 1.651638633729729300e+00
8.000000000000000000e+03 1.639722299789863058e+00
8.100000000000000000e+03 1.629659124747943499e+00
8.200000000000000000e+03 1.619581097908685985e+00
8.300000000000000000e+03 1.610197660564367972e+00
8.400000000000000000e+03 1.600511207049716944e+00
8.500000000000000000e+03 1.591113371372302909e+00
8.600000000000000000e+03 1.581750840601278796e+00
8.700000000000000000e+03 1.573346758765054254e+00
8.800000000000000000e+03 1.564385724113965592e+00
8.900000000000000000e+03 1.554854394921720395e+00
9.000000000000000000e+03 1.544997937874506011e+00
9.100000000000000000e+03 1.536355369227911494e+00
9.200000000000000000e+03 1.527465587108504774e+00
9.300000000000000000e+03 1.518886158596447489e+00
9.400000000000000000e+03 1.509845028408060674e+00
9.500000000000000000e+03 1.501297467572821898e+00
9.600000000000000000e+03 1.493452247799391897e+00
9.700000000000000000e+03 1.486019242548464847e+00
9.800000000000000000e+03 1.478546104476553547e+00
9.900000000000000000e+03 1.470210278511000501e+00
1.000000000000000000e+04 1.461997917845521577e+00
1.010000000000000000e+04 1.454744978289199686e+00
1.020000000000000000e+04 1.446911761077321223e+00
1.030000000000000000e+04 1.440444515391976932e+00
1.040000000000000000e+04 1.431822702623616994e+00
1.050000000000000000e+04 1.423777510082611109e+00
1.060000000000000000e+04 1.416518311885060832e+00
1.070000000000000000e+04 1.408677730226251867e+00
1.080000000000000000e+04 1.400466894228978632e+00
1.090000000000000000e+04 1.393481110921244159e+00
1.100000000000000000e+04 1.386967101691389370e+00
1.110000000000000000e+04 1.379755989162849250e+00
1.120000000000000000e+04 1.373806497087745271e+00
1.130000000000000000e+04 1.367606193713868823e+00
1.140000000000000000e+04 1.361079478357968053e+00
1.150000000000000000e+04 1.354850536723067433e+00
1.160000000000000000e+04 1.348763510143156097e+00
1.170000000000000000e+04 1.343269642222912896e+00
1.180000000000000000e+04 1.336963541584401671e+00
1.190000000000000000e+04 1.330162475547409739e+00
1.200000000000000000e+04 1.325317853571686300e+00
1.210000000000000000e+04 1.319610108470903098e+00
1.220000000000000000e+04 1.313778200698858534e+00
1.230000000000000000e+04 1.308223327425724669e+00
1.240000000000000000e+04 1.302448500723457858e+00
1.250000000000000000e+04 1.297106601372256751e+00
1.260000000000000000e+04 1.291492293685294612e+00
1.270000000000000000e+04 1.285433110437707249e+00
1.280000000000000000e+04 1.279799243339235337e+00
1.290000000000000000e+04 1.274265308383181194e+00
1.300000000000000000e+04 1.268675743772040398e+00
1.310000000000000000e+04 1.262781181838116940e+00
1.320000000000000000e+04 1.257755528052961758e+00
1.330000000000000000e+04 1.252899671258743020e+00
1.340000000000000000e+04 1.247847116431522352e+00
1.350000000000000000e+04 1.243372810096053493e+00
1.360000000000000000e+04 1.237717453114241417e+00
1.370000000000000000e+04 1.232950854473536140e+00
1.380000000000000000e+04 1.228130750158854756e+00
1.390000000000000000e+04 1.222902761944181460e+00
1.400000000000000000e+04 1.218254165746573303e+00
1.410000000000000000e+04 1.212893015093822413e+00
1.420000000000000000e+04 1.207612060243740792e+00
1.430000000000000000e+04 1.203183274124208113e+00
1.440000000000000000e+04 1.198536661627000122e+00
1.450000000000000000e+04 1.194549623145114037e+00
1.460000000000000000e+04 1.189682160795495047e+00
1.470000000000000000e+04 1.185285746947988050e+00
1.480000000000000000e+04 1.180606209749968993e+00
1.490000000000000000e+04 1.176332219989427053e+00
1.500000000000000000e+04 1.172366524034845092e+00
1.510000000000000000e+04 1.168002140211280793e+00
1.520000000000000000e+04 1.164615308095811486e+00
1.530000000000000000e+04 1.160657813255046467e+00
1.540000000000000000e+04 1.156434525773585076e+00
1.550000000000000000e+04 1.152643097413933004e+00
1.560000000000000000e+04 1.148277639333528999e+00
1.570000000000000000e+04 1.144272678836552704e+00
1.580000000000000000e+04 1.140234376406161987e+00
1.590000000000000000e+04 1.136012959106459830e+00
1.600000000000000000e+04 1.131896546685173144e+00
1.610000000000000000e+04 1.127839476223723603e+00
1.620000000000000000e+04 1.124054283151935341e+00
1.630000000000000000e+04 1.120320555671767471e+00
1.640000000000000000e+04 1.116788279787281013e+00
1.650000000000000000e+04 1.112745409672307062e+00
1.660000000000000000e+04 1.108433435776407849e+00
1.670000000000000000e+04 1.105098165037566638e+00
1.680000000000000000e+04 1.101245361301459003e+00
1.690000000000000000e+04 1.097898848332379940e+00
1.700000000000000000e+04 1.094707261524254349e+00
1.710000000000000000e+04 1.090963303766306236e+00
1.720000000000000000e+04 1.087250570701885577e+00
1.730000000000000000e+04 1.083993659000914045e+00
1.740000000000000000e+04 1.079914199498143379e+00
1.750000000000000000e+04 1.076605055892248197e+00
1.760000000000000000e+04 1.073388954275777962e+00
1.770000000000000000e+04 1.069757244598799062e+00
1.780000000000000000e+04 1.066096950206367744e+00
1.790000000000000000e+04 1.062526310366263882e+00
1.800000000000000000e+04 1.058758940389006309e+00
1.810000000000000000e+04 1.055602307860035838e+00
1.820000000000000000e+04 1.052640470239618153e+00
1.830000000000000000e+04 1.049324885620317005e+00
1.840000000000000000e+04 1.046366744700154339e+00
1.850000000000000000e+04 1.042789356201942574e+00
1.860000000000000000e+04 1.039716038128855713e+00
1.870000000000000000e+04 1.036398534247568559e+00
1.880000000000000000e+04 1.033002156225131474e+00
1.890000000000000000e+04 1.029819160207707363e+00
1.900000000000000000e+04 1.026578469132705562e+00
1.910000000000000000e+04 1.023512837998445502e+00
1.920000000000000000e+04 1.020276853227486180e+00
1.930000000000000000e+04 1.017183454439317902e+00
1.940000000000000000e+04 1.014225972458685066e+00
1.950000000000000000e+04 1.010982412542266617e+00
1.960000000000000000e+04 1.007533328180883370e+00
1.970000000000000000e+04 1.004239247304635096e+00
1.980000000000000000e+04 1.001466686704635123e+00
1.990000000000000000e+04 9.985717890690853915e-01
2.000000000000000000e+04 9.956550359207199108e-01
2.010000000000000000e+04 9.932999535408362224e-01
2.020000000000000000e+04 9.906472097899554630e-01
2.030000000000000000e+04 9.879655641488471751e-01
2.040000000000000000e+04 9.848940907183997284e-01
2.050000000000000000e+04 9.819219908598225688e-01
2.060000000000000000e+04 9.795435774543120866e-01
2.070000000000000000e+04 9.768041903369373280e-01
2.080000000000000000e+04 9.740670347187911915e-01
2.090000000000000000e+04 9.713690600156645871e-01
2.100000000000000000e+04 9.690213366585369581e-01
2.110000000000000000e+04 9.661159714203388926e-01
2.120000000000000000e+04 9.637034933349706289e-01
2.130000000000000000e+04 9.607881633032757662e-01
2.140000000000000000e+04 9.580768955381842034e-01
2.150000000000000000e+04 9.557044419556296466e-01
2.160000000000000000e+04 9.533066708290380831e-01
2.170000000000000000e+04 9.508971017246532487e-01
2.180000000000000000e+04 9.482860136620663294e-01
2.190000000000000000e+04 9.460382626898155012e-01
2.200000000000000000e+04 9.436828556844090166e-01
2.210000000000000000e+04 9.409781880174263868e-01
2.220000000000000000e+04 9.388369807053877913e-01
2.230000000000000000e+04 9.360485745063880092e-01
2.240000000000000000e+04 9.338369740652076034e-01
2.250000000000000000e+04 9.312442330563276416e-01
2.260000000000000000e+04 9.291879594577879820e-01
2.270000000000000000e+04 9.272350570244745072e-01
2.280000000000000000e+04 9.248758169208226576e-01
2.290000000000000000e+04 9.227278586361074009e-01
2.300000000000000000e+04 9.205865654250493524e-01
2.310000000000000000e+04 9.184599921269278600e-01
2.320000000000000000e+04 9.164301739386908618e-01
2.330000000000000000e+04 9.141610344400015187e-01
2.340000000000000000e+04 9.121052635252142604e-01
2.350000000000000000e+04 9.098138464169017725e-01
2.360000000000000000e+04 9.077357345022558643e-01
2.370000000000000000e+04 9.049487137476754928e-01
2.380000000000000000e+04 9.030828997777479161e-01
2.390000000000000000e+04 9.008896389356515488e-01
2.400000000000000000e+04 8.986513651237153510e-01
2.410000000000000000e+04 8.962192142734921596e-01
2.420000000000000000e+04 8.941010500826382934e-01
2.430000000000000000e+04 8.918083854031710889e-01
2.440000000000000000e+04 8.895667156645192808e-01
2.450000000000000000e+04 8.874486014683591328e-01
2.460000000000000000e+04 8.853128282259230541e-01
2.470000000000000000e+04 8.832942743673458663e-01
2.480000000000000000e+04 8.808083848645574809e-01
2.490000000000000000e+04 8.785875537150946712e-01
2.500000000000000000e+04 8.766161025699910070e-01
2.510000000000000000e+04 8.743892635800118995e-01
2.520000000000000000e+04 8.722501922578485001e-01
2.530000000000000000e+04 8.702141047744058611e-01
2.540000000000000000e+04 8.681521457455401158e-01
2.550000000000000000e+04 8.661338728829492961e-01
2.560000000000000000e+04 8.642645648322361263e-01
2.570000000000000000e+04 8.621849072877780795e-01
2.580000000000000000e+04 8.604577613563573202e-01
2.590000000000000000e+04 8.587477492385877653e-01
2.600000000000000000e+04 8.570495893180686275e-01
2.610000000000000000e+04 8.549822345688905534e-01
2.620000000000000000e+04 8.530362947084522141e-01
2.630000000000000000e+04 8.513272875728745692e-01
2.640000000000000000e+04 8.492539683491365787e-01
2.650000000000000000e+04 8.475677557981318166e-01
2.660000000000000000e+04 8.457588110275390259e-01
2.670000000000000000e+04 8.440956143147647639e-01
2.680000000000000000e+04 8.423211431342940703e-01
2.690000000000000000e+04 8.403881016927885472e-01
2.700000000000000000e+04 8.386802197356488797e-01
2.710000000000000000e+04 8.366667951202038100e-01
2.720000000000000000e+04 8.351199536788385114e-01
2.730000000000000000e+04 8.332756761116226762e-01
2.740000000000000000e+04 8.313608432931822723e-01
2.750000000000000000e+04 8.294969162652555683e-01
2.760000000000000000e+04 8.275772274436292708e-01
2.770000000000000000e+04 8.258407929007570702e-01
2.780000000000000000e+04 8.241139491966131825e-01
2.790000000000000000e+04 8.223989228210872859e-01
2.800000000000000000e+04 8.205891850751785288e-01
2.810000000000000000e+04 8.188673043308223320e-01
2.820000000000000000e+04 8.172828431364012047e-01
2.830000000000000000e+04 8.154873238198078189e-01
2.840000000000000000e+04 8.136704719457364954e-01
2.850000000000000000e+04 8.116972877294157396e-01
2.860000000000000000e+04 8.100685682760226936e-01
2.870000000000000000e+04 8.083814289567439193e-01
2.880000000000000000e+04 8.064477695085428000e-01
2.890000000000000000e+04 8.044381222678003152e-01
2.900000000000000000e+04 8.028382812676947422e-01
2.910000000000000000e+04 8.011236837645284714e-01
2.920000000000000000e+04 7.995780466714648149e-01
2.930000000000000000e+04 7.980895350395347254e-01
2.940000000000000000e+04 7.962203148990414370e-01
2.950000000000000000e+04 7.944815811246452864e-01
2.960000000000000000e+04 7.929182007134547572e-01
2.970000000000000000e+04 7.911513391440122556e-01
2.980000000000000000e+04 7.894337371691488858e-01
2.990000000000000000e+04 7.879417058619482273e-01
3.000000000000000000e+04 7.862267540039868940e-01
3.010000000000000000e+04 7.846402711943765151e-01
3.020000000000000000e+04 7.833813964136593366e-01
3.030000000000000000e+04 7.820148910343935889e-01
3.040000000000000000e+04 7.801882007283633680e-01
3.050000000000000000e+04 7.785020573247160014e-01
3.060000000000000000e+04 7.771164684548783619e-01
3.070000000000000000e+04 7.757207584561157665e-01
3.080000000000000000e+04 7.742177453234057039e-01
3.090000000000000000e+04 7.725739748293991571e-01
3.100000000000000000e+04 7.712343013954803261e-01
3.110000000000000000e+04 7.699551388413029551e-01
3.120000000000000000e+04 7.683535514339404626e-01
3.130000000000000000e+04 7.670679096488249860e-01
3.140000000000000000e+04 7.653181251581602229e-01
3.150000000000000000e+04 7.640013789310340364e-01
3.160000000000000000e+04 7.622081547537875590e-01
3.170000000000000000e+04 7.607306446133362821e-01
3.180000000000000000e+04 7.593885893403988785e-01
3.190000000000000000e+04 7.581606343306920293e-01
3.200000000000000000e+04 7.570401167756004579e-01
3.210000000000000000e+04 7.557217167136123237e-01
3.220000000000000000e+04 7.542022329635715838e-01
3.230000000000000000e+04 7.525881153062911055e-01
3.240000000000000000e+04 7.512323971319191385e-01
3.250000000000000000e+04 7.496406104024873063e-01
3.260000000000000000e+04 7.482423719634533343e-01
3.270000000000000000e+04 7.468686463547151710e-01
3.280000000000000000e+04 7.453103909731002563e-01
3.290000000000000000e+04 7.439184957236609774e-01
3.300000000000000000e+04 7.424635480092985906e-01
3.310000000000000000e+04 7.412797144463523225e-01
3.320000000000000000e+04 7.398670279365605618e-01
3.330000000000000000e+04 7.383320821339773854e-01
3.340000000000000000e+04 7.373337073953614151e-01
3.350000000000000000e+04 7.357597402218897242e-01
3.360000000000000000e+04 7.343997741602208418e-01
3.370000000000000000e+04 7.328369513353120146e-01
3.380000000000000000e+04 7.316366619592926668e-01
3.390000000000000000e+04 7.303371651185475155e-01
3.400000000000000000e+04 7.288593609441330612e-01
3.410000000000000000e+04 7.276235854751735843e-01
3.420000000000000000e+04 7.262856315047774292e-01
3.430000000000000000e+04 7.250721946310293431e-01
3.440000000000000000e+04 7.239790321165745501e-01
3.450000000000000000e+04 7.227424400531721194e-01
3.460000000000000000e+04 7.216273438616387370e-01
3.470000000000000000e+04 7.206050046048133595e-01
3.480000000000000000e+04 7.192652186677461756e-01
3.490000000000000000e+04 7.181846243057598000e-01
3.500000000000000000e+04 7.167096751908850205e-01
3.510000000000000000e+04 7.154561863890827045e-01
3.520000000000000000e+04 7.140616026157697860e-01
3.530000000000000000e+04 7.127908078262914504e-01
3.540000000000000000e+04 7.116098099747253380e-01
3.550000000000000000e+04 7.105322040200665601e-01
3.560000000000000000e+04 7.092410962744885028e-01
3.570000000000000000e+04 7.080262316620017371e-01
3.580000000000000000e+04 7.068421576968744180e-01
3.590000000000000000e+04 7.056608671009749756e-01
3.600000000000000000e+04 7.043915526061158561e-01
3.610000000000000000e+04 7.032321379758912361e-01
3.620000000000000000e+04 7.020161120136624300e-01
3.630000000000000000e+04 7.006764872773594277e-01
3.640000000000000000e+04 6.993984995967310603e-01
3.650000000000000000e+04 6.981116843150374507e-01
3.660000000000000000e+04 6.967975719551060543e-01
3.670000000000000000e+04 6.956127844747167499e-01
3.680000000000000000e+04 6.943700482190264811e-01
3.690000000000000000e+04 6.931233978353465996e-01
3.700000000000000000e+04 6.920195456199009776e-01
3.710000000000000000e+04 6.908868118248607804e-01
3.720000000000000000e+04 6.895807596562757436e-01
3.730000000000000000e+04 6.883163002735246394e-01
3.740000000000000000e+04 6.872668278819268339e-01
3.750000000000000000e+04 6.861360420706039687e-01
3.760000000000000000e+04 6.853321446538852557e-01
3.770000000000000000e+04 6.841138990032986644e-01
3.780000000000000000e+04 6.830264598841628843e-01
3.790000000000000000e+04 6.818096611051072120e-01
3.800000000000000000e+04 6.808182370033365460e-01
3.810000000000000000e+04 6.796775797938211516e-01
3.820000000000000000e+04 6.784302479873692837e-01
3.830000000000000000e+04 6.773946082125593682e-01
3.840000000000000000e+04 6.764094995222067475e-01
3.850000000000000000e+04 6.753073001010536647e-01
3.860000000000000000e+04 6.742243056765725440e-01
3.870000000000000000e+04 6.729561000182582298e-01
3.880000000000000000e+04 6.717660153087386954e-01
3.890000000000000000e+04 6.704505366842347103e-01
3.900000000000000000e+04 6.693019998539219140e-01
3.910000000000000000e+04 6.680927308744671889e-01
3.920000000000000000e+04 6.671963308163532114e-01
3.930000000000000000e+04 6.660681066808404882e-01
3.940000000000000000e+04 6.648155155581862985e-01
3.950000000000000000e+04 6.635646396037586658e-01
3.960000000000000000e+04 6.625157604206877160e-01
3.970000000000000000e+04 6.615385881831195025e-01
3.980000000000000000e+04 6.602899268072783823e-01
3.990000000000000000e+04 6.593320083856213376e-01
4.000000000000000000e+04 6.582508018427974950e-01
4.010000000000000000e+04 6.570582915955414105e-01
4.020000000000000000e+04 6.563157728450594863e-01
4.030000000000000000e+04 6.552661828758974405e-01
4.040000000000000000e+04 6.542800071402726791e-01
4.050000000000000000e+04 6.533618740412465709e-01
4.060000000000000000e+04 6.523050092498222652e-01
4.070000000000000000e+04 6.512669593938904544e-01
4.080000000000000000e+04 6.502669786948558350e-01
4.090000000000000000e+04 6.491768685326098076e-01
4.100000000000000000e+04 6.479867118684954352e-01
4.110000000000000000e+04 6.470519765904302334e-01
4.120000000000000000e+04 6.462105049280082447e-01
4.130000000000000000e+04 6.453906463447336428e-01
4.140000000000000000e+04 6.442765552036603394e-01
4.150000000000000000e+04 6.436243786972521974e-01
4.160000000000000000e+04 6.425045272419251940e-01
4.170000000000000000e+04 6.417529713650511614e-01
4.180000000000000000e+04 6.408226532074516868e-01
4.190000000000000000e+04 6.398631419853810787e-01
4.200000000000000000e+04 6.388789612196414947e-01
4.210000000000000000e+04 6.379057940587548048e-01
4.220000000000000000e+04 6.368535667914714260e-01
4.230000000000000000e+04 6.356333255985864295e-01
4.240000000000000000e+04 6.347404422945561731e-01
4.250000000000000000e+04 6.337356030806921003e-01
4.260000000000000000e+04 6.327667997253527687e-01
4.270000000000000000e+04 6.317603742686644930e-01
4.280000000000000000e+04 6.308850803885099889e-01
4.290000000000000000e+04 6.299094253422377054e-01
4.300000000000000000e+04 6.290023369807041798e-01
4.310000000000000000e+04 6.281149299062578351e-01
4.320000000000000000e+04 6.271072924357075085e-01
4.330000000000000000e+04 6.264161636614977713e-01
4.340000000000000000e+04 6.255207210343065594e-01
4.350000000000000000e+04 6.248212111544723113e-01
4.360000000000000000e+04 6.239201482191011339e-01
4.370000000000000000e+04 6.227758926609756607e-01
4.380000000000000000e+04 6.219828717299703547e-01
4.390000000000000000e+04 6.211317518770973489e-01
4.400000000000000000e+04 6.203243811882852565e-01
4.410000000000000000e+04 6.195572109695619556e-01
4.420000000000000000e+04 6.186208327775180038e-01
4.430000000000000000e+04 6.176611449168035728e-01
4.440000000000000000e+04 6.167899452688583306e-01
4.450000000000000000e+04 6.158573683037993352e-01
4.460000000000000000e+04 6.149644252417367785e-01
4.470000000000000000e+04 6.140582535305316725e-01
4.480000000000000000e+04 6.130841403117901489e-01
4.490000000000000000e+04 6.120832868016019557e-01
4.500000000000000000e+04 6.110955061890374074e-01
4.510000000000000000e+04 6.101141237887786062e-01
4.520000000000000000e+04 6.093262768888858538e-01
4.530000000000000000e+04 6.084566941358346970e-01
4.540000000000000000e+04 6.077043911716946134e-01
4.550000000000000000e+04 6.067038472189510978e-01
4.560000000000000000e+04 6.057101310151931095e-01
4.570000000000000000e+04 6.047873181333678350e-01
4.580000000000000000e+04 6.038456439750126137e-01
4.590000000000000000e+04 6.029732996973553583e-01
4.600000000000000000e+04 6.019645971203495538e-01
4.610000000000000000e+04 6.012733416778721640e-01
4.620000000000000000e+04 6.005019518007013168e-01
4.630000000000000000e+04 5.998405672502047370e-01
4.640000000000000000e+04 5.989360827254119890e-01
4.650000000000000000e+04 5.981278214887923994e-01
4.660000000000000000e+04 5.972966845559288807e-01
4.670000000000000000e+04 5.966460932420082353e-01
4.680000000000000000e+04 5.959629341035735939e-01
4.690000000000000000e+04 5.952307158392269315e-01
4.700000000000000000e+04 5.944743448885023707e-01
4.710000000000000000e+04 5.936996615226035612e-01
4.720000000000000000e+04 5.929360671210858191e-01
4.730000000000000000e+04 5.921569876749306349e-01
4.740000000000000000e+04 5.912979398408841902e-01
4.750000000000000000e+04 5.904296068654930618e-01
4.760000000000000000e+04 5.895502711902930182e-01
4.770000000000000000e+04 5.887673092502578864e-01
4.780000000000000000e+04 5.880659606780360704e-01
4.790000000000000000e+04 5.872473894288251506e-01
4.800000000000000000e+04 5.864025079704140442e-01
4.810000000000000000e+04 5.855208614858996574e-01
4.820000000000000000e+04 5.847432970517396633e-01
4.830000000000000000e+04 5.840045804574172106e-01
4.840000000000000000e+04 5.832231777484442325e-01
4.850000000000000000e+04 5.824626230580381980e-01
4.860000000000000000e+04 5.819364191728819691e-01
4.870000000000000000e+04 5.811895116821612639e-01
4.880000000000000000e+04 5.803554765252378900e-01
4.890000000000000000e+04 5.795641348810625093e-01
4.900000000000000000e+04 5.787595067599541343e-01
4.910000000000000000e+04 5.778929000180543785e-01
4.920000000000000000e+04 5.769289440095235477e-01
4.930000000000000000e+04 5.763875359901480255e-01
4.940000000000000000e+04 5.755752494417256671e-01
4.950000000000000000e+04 5.752079901979041399e-01
4.960000000000000000e+04 5.744447045735335822e-01
4.970000000000000000e+04 5.737937301216491370e-01
4.980000000000000000e+04 5.731341255449116101e-01
4.990000000000000000e+04 5.724829821011914177e-01
5.000000000000000000e+04 5.717627598663830302e-01
5.010000000000000000e+04 5.709232304879912068e-01
5.020000000000000000e+04 5.702523964685868307e-01
5.030000000000000000e+04 5.695135545883779349e-01
5.040000000000000000e+04 5.688958186043550080e-01
5.050000000000000000e+04 5.683048586591286089e-01
5.060000000000000000e+04 5.675311036611774274e-01
5.070000000000000000e+04 5.668733750884638045e-01
5.080000000000000000e+04 5.661531587203806337e-01
5.090000000000000000e+04 5.654203461207311099e-01
5.100000000000000000e+04 5.648274412276541590e-01
5.110000000000000000e+04 5.640200266045631849e-01
5.120000000000000000e+04 5.633475630700053305e-01
5.130000000000000000e+04 5.626560286993061988e-01
5.140000000000000000e+04 5.619291669960160274e-01
5.150000000000000000e+04 5.613058281631948532e-01
5.160000000000000000e+04 5.605307341536960308e-01
5.170000000000000000e+04 5.597600511645837162e-01
5.180000000000000000e+04 5.589287160387141906e-01
5.190000000000000000e+04 5.581414078176106797e-01
5.200000000000000000e+04 5.574412797779203510e-01
5.210000000000000000e+04 5.567070095213035863e-01
5.220000000000000000e+04 5.558892654750462459e-01
5.230000000000000000e+04 5.549672956306056504e-01
5.240000000000000000e+04 5.542593783391154272e-01
5.250000000000000000e+04 5.536530346074888254e-01
5.260000000000000000e+04 5.528065210285690867e-01
5.270000000000000000e+04 5.522719213931045479e-01
5.280000000000000000e+04 5.515778582468022773e-01
5.290000000000000000e+04 5.508401089370440484e-01
5.300000000000000000e+04 5.501393673762917658e-01
5.310000000000000000e+04 5.492650532283267495e-01
5.320000000000000000e+04 5.486121710223489378e-01
5.330000000000000000e+04 5.479255019198148169e-01
5.340000000000000000e+04 5.471051774204311879e-01
5.350000000000000000e+04 5.465160879167934027e-01
5.360000000000000000e+04 5.459130938979446235e-01
5.370000000000000000e+04 5.452474380098479845e-01
5.380000000000000000e+04 5.446234772238827127e-01
5.390000000000000000e+04 5.440052301633570009e-01
5.400000000000000000e+04 5.432667496852705558e-01
5.410000000000000000e+04 5.426739482508462498e-01
5.420000000000000000e+04 5.419888630621155778e-01
5.430000000000000000e+04 5.412875305229947198e-01
5.440000000000000000e+04 5.406533335529307704e-01
5.450000000000000000e+04 5.398954141396355988e-01
5.460000000000000000e+04 5.393443681276770540e-01
5.470000000000000000e+04 5.387081839449135989e-01
5.480000000000000000e+04 5.381428886721602023e-01
5.490000000000000000e+04 5.376464593863370389e-01
5.500000000000000000e+04 5.369867648340742594e-01
5.510000000000000000e+04 5.363908502019789637e-01
5.520000000000000000e+04 5.356861501482585997e-01
5.530000000000000000e+04 5.351338063168811221e-01
5.540000000000000000e+04 5.344719616499377102e-01
5.550000000000000000e+04 5.338590721954648011e-01
5.560000000000000000e+04 5.330779458191812203e-01
5.570000000000000000e+04 5.325391010534541447e-01
5.580000000000000000e+04 5.318387792066378017e-01
5.590000000000000000e+04 5.311870001109710859e-01
5.600000000000000000e+04 5.305730643422177373e-01
5.610000000000000000e+04 5.299702038293847561e-01
5.620000000000000000e+04 5.294450821406347929e-01
5.630000000000000000e+04 5.288613184306136805e-01
5.640000000000000000e+04 5.281785100247393672e-01
5.650000000000000000e+04 5.274469513425676936e-01
5.660000000000000000e+04 5.267251091234335103e-01
5.670000000000000000e+04 5.262522733403227626e-01
5.680000000000000000e+04 5.255274839431214318e-01
5.690000000000000000e+04 5.248535764687461969e-01
5.700000000000000000e+04 5.242172479710851540e-01
5.710000000000000000e+04 5.235827852138301708e-01
5.720000000000000000e+04 5.229585189325727246e-01
5.730000000000000000e+04 5.223030760460793953e-01
5.740000000000000000e+04 5.216163719188431358e-01
5.750000000000000000e+04 5.210118059054043016e-01
5.760000000000000000e+04 5.203606927226516188e-01
5.770000000000000000e+04 5.197239017429867713e-01
5.780000000000000000e+04 5.190820906609437957e-01
5.790000000000000000e+04 5.184990763917805001e-01
5.800000000000000000e+04 5.180659819000568156e-01
5.810000000000000000e+04 5.174653193714998656e-01
5.820000000000000000e+04 5.169239442484032665e-01
5.830000000000000000e+04 5.163786002898577143e-01
5.840000000000000000e+04 5.158654828573376872e-01
5.850000000000000000e+04 5.153252378790896815e-01
5.860000000000000000e+04 5.147507618944051622e-01
5.870000000000000000e+04 5.141920866905829168e-01
5.880000000000000000e+04 5.135871453462815817e-01
5.890000000000000000e+04 5.129879307673508304e-01
5.900000000000000000e+04 5.123906205496231436e-01
5.910000000000000000e+04 5.118294096011977157e-01
5.920000000000000000e+04 5.111504117714578133e-01
5.930000000000000000e+04 5.105399555395684352e-01
5.940000000000000000e+04 5.100405969337438172e-01
5.950000000000000000e+04 5.094487782086161154e-01
5.960000000000000000e+04 5.089016052786263788e-01
5.970000000000000000e+04 5.083626205041174018e-01
5.980000000000000000e+04 5.076980450985550952e-01
5.990000000000000000e+04 5.070782774943449756e-01
6.000000000000000000e+04 5.066784526263793387e-01
6.010000000000000000e+04 5.061572252544028760e-01
6.020000000000000000e+04 5.056485637455405691e-01
6.030000000000000000e+04 5.050813718963074184e-01
6.040000000000000000e+04 5.046753419016511977e-01
6.050000000000000000e+04 5.042405161110690148e-01
6.060000000000000000e+04 5.036390019185906786e-01
6.070000000000000000e+04 5.030473901797853920e-01
6.080000000000000000e+04 5.024681656734804047e-01
6.090000000000000000e+04 5.019295922846979119e-01
6.100000000000000000e+04 5.014360329854147258e-01
6.110000000000000000e+04 5.008128467227277447e-01
6.120000000000000000e+04 5.001602338082071775e-01
6.130000000000000000e+04 4.996346714052293247e-01
6.140000000000000000e+04 4.992562209516562266e-01
6.150000000000000000e+04 4.987088255509811163e-01
6.160000000000000000e+04 4.981498711597048268e-01
6.170000000000000000e+04 4.976043780179462694e-01
6.180000000000000000e+04 4.971815657613866679e-01
6.190000000000000000e+04 4.966193126547456260e-01
6.200000000000000000e+04 4.960229240943705986e-01
6.210000000000000000e+04 4.953113992729129555e-01
6.220000000000000000e+04 4.948004077882656171e-01
6.230000000000000000e+04 4.942813582359217861e-01
6.240000000000000000e+04 4.938146476892679715e-01
6.250000000000000000e+04 4.931031481339323008e-01
6.260000000000000000e+04 4.926461827663551341e-01
6.270000000000000000e+04 4.921197077468366654e-01
6.280000000000000000e+04 4.916259011477572827e-01
6.290000000000000000e+04 4.912542785872059392e-01
6.300000000000000000e+04 4.906978188065594937e-01
6.310000000000000000e+04 4.902517667204981944e-01
6.320000000000000000e+04 4.896488346213824783e-01
6.330000000000000000e+04 4.891385538410383815e-01
6.340000000000000000e+04 4.886347680135682547e-01
6.350000000000000000e+04 4.880628970757002749e-01
6.360000000000000000e+04 4.875624989923621477e-01
6.370000000000000000e+04 4.869361767377719530e-01
6.380000000000000000e+04 4.863684724314878416e-01
6.390000000000000000e+04 4.857268661036650559e-01
6.400000000000000000e+04 4.851685748534093068e-01
6.410000000000000000e+04 4.846859258767636791e-01
6.420000000000000000e+04 4.842640053059564242e-01
6.430000000000000000e+04 4.837209242541815057e-01
6.440000000000000000e+04 4.831713455087559561e-01
6.450000000000000000e+04 4.826730625969248289e-01
6.460000000000000000e+04 4.821179076946257025e-01
6.470000000000000000e+04 4.816124241731935540e-01
6.480000000000000000e+04 4.811323062575755816e-01
6.490000000000000000e+04 4.805587095806161946e-01
6.500000000000000000e+04 4.801301930765492498e-01
6.510000000000000000e+04 4.794099608811803748e-01
6.520000000000000000e+04 4.788656329711012960e-01
6.530000000000000000e+04 4.783675440331011108e-01
6.540000000000000000e+04 4.778693624430642717e-01
6.550000000000000000e+04 4.772761627089625591e-01
6.560000000000000000e+04 4.766988466510921341e-01
6.570000000000000000e+04 4.761518379981243831e-01
6.580000000000000000e+04 4.756692992906083606e-01
6.590000000000000000e+04 4.752042379047798359e-01
6.600000000000000000e+04 4.747285399397816463e-01
6.610000000000000000e+04 4.741555052036220408e-01
6.620000000000000000e+04 4.735817155410921298e-01
6.630000000000000000e+04 4.730561537366875791e-01
6.640000000000000000e+04 4.725899707920547255e-01
6.650000000000000000e+04 4.721943174442442825e-01
6.660000000000000000e+04 4.717057060218494691e-01
6.670000000000000000e+04 4.712162597932907926e-01
6.680000000000000000e+04 4.706579924494757039e-01
6.690000000000000000e+04 4.702814795756624089e-01
6.700000000000000000e+04 4.697597608358346499e-01
6.710000000000000000e+04 4.692958027399606324e-01
6.720000000000000000e+04 4.688586957335809657e-01
6.730000000000000000e+04 4.683232497466728317e-01
6.740000000000000000e+04 4.677996432406417160e-01
6.750000000000000000e+04 4.672414363445661079e-01
6.760000000000000000e+04 4.667568914911215949e-01
6.770000000000000000e+04 4.663279690215838547e-01
6.780000000000000000e+04 4.658577292342879206e-01
6.790000000000000000e+04 4.653521093400919129e-01
6.800000000000000000e+04 4.648806870897212451e-01
6.810000000000000000e+04 4.644654158271132038e-01
6.820000000000000000e+04 4.639767763857746696e-01
6.830000000000000000e+04 4.635630823170869830e-01
6.840000000000000000e+04 4.631616220100491232e-01
6.850000000000000000e+04 4.627053277876412851e-01
6.860000000000000000e+04 4.621472278402137812e-01
6.870000000000000000e+04 4.617739195218181214e-01
6.880000000000000000e+04 4.612773742088149276e-01
6.890000000000000000e+04 4.608219373207608216e-01
6.900000000000000000e+04 4.603555559846909673e-01
6.910000000000000000e+04 4.599250992907821800e-01
6.920000000000000000e+04 4.594049189058241334e-01
6.930000000000000000e+04 4.590423139544727582e-01
6.940000000000000000e+04 4.586497825266816486e-01
6.950000000000000000e+04 4.582171337250292575e-01
6.960000000000000000e+04 4.577886773740635351e-01
6.970000000000000000e+04 4.573372431073172706e-01
6.980000000000000000e+04 4.568825752458990919e-01
6.990000000000000000e+04 4.565210728403754081e-01
7.000000000000000000e+04 4.559647182824813627e-01
7.010000000000000000e+04 4.555498030627249118e-01
7.020000000000000000e+04 4.551310219157021497e-01
7.030000000000000000e+04 4.545821872320612855e-01
7.040000000000000000e+04 4.541993913762161217e-01
7.050000000000000000e+04 4.536018277942961974e-01
7.060000000000000000e+04 4.529941062318632028e-01
7.070000000000000000e+04 4.525112369403092583e-01
7.080000000000000000e+04 4.520525352787366780e-01
7.090000000000000000e+04 4.515287305292072784e-01
7.100000000000000000e+04 4.510075126630526676e-01
7.110000000000000000e+04 4.505066801331329973e-01
7.120000000000000000e+04 4.500766028886843406e-01
7.130000000000000000e+04 4.496937575415483890e-01
7.140000000000000000e+04 4.492728155027727599e-01
7.150000000000000000e+04 4.489696567936078409e-01
7.160000000000000000e+04 4.485111944031437425e-01
7.170000000000000000e+04 4.480500969100750797e-01
7.180000000000000000e+04 4.476389450341442533e-01
7.190000000000000000e+04 4.472011345714295150e-01
7.200000000000000000e+04 4.467794472196456312e-01
7.210000000000000000e+04 4.464864876750533895e-01
7.220000000000000000e+04 4.459797549537151129e-01
7.230000000000000000e+04 4.454738867372185496e-01
7.240000000000000000e+04 4.450606663408888108e-01
7.250000000000000000e+04 4.445018742616576590e-01
7.260000000000000000e+04 4.442397637719855408e-01
7.270000000000000000e+04 4.439112146604891063e-01
7.280000000000000000e+04 4.434253114254627093e-01
7.290000000000000000e+04 4.429637232624566989e-01
7.300000000000000000e+04 4.424784031837936671e-01
7.310000000000000000e+04 4.421262286980633949e-01
7.320000000000000000e+04 4.415981126621510433e-01
7.330000000000000000e+04 4.411274115308928545e-01
7.340000000000000000e+04 4.407315882119450801e-01
7.350000000000000000e+04 4.402394873115749174e-01
7.360000000000000000e+04 4.398613892013436000e-01
7.370000000000000000e+04 4.393853459381378279e-01
7.380000000000000000e+04 4.389827209325675716e-01
7.390000000000000000e+04 4.384925079854548047e-01
7.400000000000000000e+04 4.381287323655262966e-01
7.410000000000000000e+04 4.377050052568567384e-01
7.420000000000000000e+04 4.372874878841793711e-01
7.430000000000000000e+04 4.369313391088288090e-01
7.440000000000000000e+04 4.365665283930074692e-01
7.450000000000000000e+04 4.361641788944500830e-01
7.460000000000000000e+04 4.358231826894291006e-01
7.470000000000000000e+04 4.354181184175483499e-01
7.480000000000000000e+04 4.350576956283019880e-01
7.490000000000000000e+04 4.346961566245472475e-01
7.500000000000000000e+04 4.342065631876401710e-01
7.510000000000000000e+04 4.337115382307392686e-01
7.520000000000000000e+04 4.333266197706568956e-01
7.530000000000000000e+04 4.328941350302583091e-01
7.540000000000000000e+04 4.324906354609615589e-01
7.550000000000000000e+04 4.320986821980164483e-01
7.560000000000000000e+04 4.316672487368583000e-01
7.570000000000000000e+04 4.311909142469860790e-01
7.580000000000000000e+04 4.309760111930891480e-01
7.590000000000000000e+04 4.307806992535632151e-01
7.600000000000000000e+04 4.303864089821841654e-01
7.610000000000000000e+04 4.300003447608270468e-01
7.620000000000000000e+04 4.295893872325802776e-01
7.630000000000000000e+04 4.291783332195516776e-01
7.640000000000000000e+04 4.287267402243297165e-01
7.650000000000000000e+04 4.282859462104192105e-01
7.660000000000000000e+04 4.279761148878882260e-01
7.670000000000000000e+04 4.276322428844310797e-01
7.680000000000000000e+04 4.272588808868378885e-01
7.690000000000000000e+04 4.268478581521378268e-01
7.700000000000000000e+04 4.263542568623152618e-01
7.710000000000000000e+04 4.259174942864163427e-01
7.720000000000000000e+04 4.254734619445768029e-01
7.730000000000000000e+04 4.251089542793012321e-01
7.740000000000000000e+04 4.246779890693486714e-01
7.750000000000000000e+04 4.243260771571336631e-01
7.760000000000000000e+04 4.238685337497347105e-01
7.770000000000000000e+04 4.234373547170113827e-01
7.780000000000000000e+04 4.230178896789227316e-01
7.790000000000000000e+04 4.227463761630765315e-01
7.800000000000000000e+04 4.223147791555288966e-01
7.810000000000000000e+04 4.220430458844338650e-01
7.820000000000000000e+04 4.216135812530047988e-01
7.830000000000000000e+04 4.211876642392036740e-01
7.840000000000000000e+04 4.208420249605731578e-01
7.850000000000000000e+04 4.204427694016094064e-01
7.860000000000000000e+04 4.200275431863721987e-01
7.870000000000000000e+04 4.196792130523394060e-01
7.880000000000000000e+04 4.193058058674357103e-01
7.890000000000000000e+04 4.189853649812716463e-01
7.900000000000000000e+04 4.184971766441661911e-01
7.910000000000000000e+04 4.180987326369773327e-01
7.920000000000000000e+04 4.177305188734642405e-01
7.930000000000000000e+04 4.173035546087370262e-01
7.940000000000000000e+04 4.170238950965858837e-01
7.950000000000000000e+04 4.166418375248934769e-01
7.960000000000000000e+04 4.162931237972391507e-01
7.970000000000000000e+04 4.159020444521436266e-01
7.980000000000000000e+04 4.155277655096188405e-01
7.990000000000000000e+04 4.151887554222472021e-01
8.000000000000000000e+04 4.149067740506149904e-01
8.010000000000000000e+04 4.144964301565912113e-01
8.020000000000000000e+04 4.142024347135691564e-01
8.030000000000000000e+04 4.139570838334950542e-01
8.040000000000000000e+04 4.135990110571062806e-01
8.050000000000000000e+04 4.132783270655994712e-01
8.060000000000000000e+04 4.128078225917062860e-01
8.070000000000000000e+04 4.123646804884615324e-01
8.080000000000000000e+04 4.119052562435547293e-01
8.090000000000000000e+04 4.115381515729293338e-01
8.100000000000000000e+04 4.110909642641463746e-01
8.110000000000000000e+04 4.107967670172573138e-01
8.120000000000000000e+04 4.104451672273340956e-01
8.130000000000000000e+04 4.101226297483546723e-01
8.140000000000000000e+04 4.098622118949381554e-01
8.150000000000000000e+04 4.095277113227946963e-01
8.160000000000000000e+04 4.092847043891429948e-01
8.170000000000000000e+04 4.089936910544922366e-01
8.180000000000000000e+04 4.086851936379139461e-01
8.190000000000000000e+04 4.082758000777203522e-01
8.200000000000000000e+04 4.078884678959215915e-01
8.210000000000000000e+04 4.075231753044554206e-01
8.220000000000000000e+04 4.072085333016763897e-01
8.230000000000000000e+04 4.068481000429073347e-01
8.240000000000000000e+04 4.065073136092242634e-01
8.250000000000000000e+04 4.061709450747805206e-01
8.260000000000000000e+04 4.058886116199255101e-01
8.270000000000000000e+04 4.055857083689732301e-01
8.280000000000000000e+04 4.052541038760029690e-01
8.290000000000000000e+04 4.049101899392024140e-01
8.300000000000000000e+04 4.045625503250029342e-01
8.310000000000000000e+04 4.042330642968584020e-01
8.320000000000000000e+04 4.038158935831790974e-01
8.330000000000000000e+04 4.034918133817528840e-01
8.340000000000000000e+04 4.030884464366980557e-01
8.350000000000000000e+04 4.027038276642923575e-01
8.360000000000000000e+04 4.023169554032008377e-01
8.370000000000000000e+04 4.019563623341512737e-01
8.380000000000000000e+04 4.015794374281543844e-01
8.390000000000000000e+04 4.012654339600880138e-01
8.400000000000000000e+04 4.009694666104104965e-01
8.410000000000000000e+04 4.006455413412244315e-01
8.420000000000000000e+04 4.002391445273416615e-01
8.430000000000000000e+04 3.998976329897735993e-01
8.440000000000000000e+04 3.996377908500005627e-01
8.450000000000000000e+04 3.992453619669056875e-01
8.460000000000000000e+04 3.989162003023695169e-01
8.470000000000000000e+04 3.985577010541213050e-01
8.480000000000000000e+04 3.982309531948289849e-01
8.490000000000000000e+04 3.978644340583925576e-01
8.500000000000000000e+04 3.974494388733186834e-01
8.510000000000000000e+04 3.971039782286339137e-01
8.520000000000000000e+04 3.967752292237000655e-01
8.530000000000000000e+04 3.963991764182492883e-01
8.540000000000000000e+04 3.959938847292275299e-01
8.550000000000000000e+04 3.957232468287708027e-01
8.560000000000000000e+04 3.953805933857499899e-01
8.570000000000000000e+04 3.950390364665547493e-01
8.580000000000000000e+04 3.947826334761471712e-01
8.590000000000000000e+04 3.944042945604805950e-01
8.600000000000000000e+04 3.941658594356706180e-01
8.610000000000000000e+04 3.938655765365162709e-01
8.620000000000000000e+04 3.934791765027688681e-01
8.630000000000000000e+04 3.931493542503251004e-01
8.640000000000000000e+04 3.928704372018734792e-01
8.650000000000000000e+04 3.925077907257393250e-01
8.660000000000000000e+04 3.921563682770793924e-01
8.670000000000000000e+04 3.917941582545933499e-01
8.680000000000000000e+04 3.915043846044238274e-01
8.690000000000000000e+04 3.912230720499524361e-01
8.700000000000000000e+04 3.909445563296475301e-01
8.710000000000000000e+04 3.906071561435953687e-01
8.720000000000000000e+04 3.902383944140381256e-01
8.730000000000000000e+04 3.899152635615436568e-01
8.740000000000000000e+04 3.895725278115896861e-01
8.750000000000000000e+04 3.892480081479138265e-01
8.760000000000000000e+04 3.889756440337981958e-01
8.770000000000000000e+04 3.885971709020621390e-01
8.780000000000000000e+04 3.882283181129673744e-01
8.790000000000000000e+04 3.878796944898352250e-01
8.800000000000000000e+04 3.875622895337615392e-01
8.810000000000000000e+04 3.871564894133723844e-01
8.820000000000000000e+04 3.869041590639196726e-01
8.830000000000000000e+04 3.866271412307178967e-01
8.840000000000000000e+04 3.863665397729172946e-01
8.850000000000000000e+04 3.860393546038736745e-01
8.860000000000000000e+04 3.856549675126089705e-01
8.870000000000000000e+04 3.853812128788808855e-01
8.880000000000000000e+04 3.850185089230592217e-01
8.890000000000000000e+04 3.847120122733591052e-01
8.900000000000000000e+04 3.844309069516181898e-01
8.910000000000000000e+04 3.840908853543743007e-01
8.920000000000000000e+04 3.837084525522284073e-01
8.930000000000000000e+04 3.834438380477468988e-01
8.940000000000000000e+04 3.831055100716920236e-01
8.950000000000000000e+04 3.829355950955334875e-01
8.960000000000000000e+04 3.826492119153548921e-01
8.970000000000000000e+04 3.823793355693893559e-01
8.980000000000000000e+04 3.820685966449785531e-01
8.990000000000000000e+04 3.817084575368651089e-01
9.000000000000000000e+04 3.813873604881702906e-01
9.010000000000000000e+04 3.810637284206913611e-01
9.020000000000000000e+04 3.807993828560551353e-01
9.030000000000000000e+04 3.804788469131891726e-01
9.040000000000000000e+04 3.802013928116222408e-01
9.050000000000000000e+04 3.798581723400422105e-01
9.060000000000000000e+04 3.794743544215851694e-01
9.070000000000000000e+04 3.792234247221871746e-01
9.080000000000000000e+04 3.790139144016377859e-01
9.090000000000000000e+04 3.786861025166159966e-01
9.100000000000000000e+04 3.784449288911903020e-01
9.110000000000000000e+04 3.781528400627531261e-01
9.120000000000000000e+04 3.779182305892467286e-01
9.130000000000000000e+04 3.776941041590058945e-01
9.140000000000000000e+04 3.773379217601642299e-01
9.150000000000000000e+04 3.769954489808557963e-01
9.160000000000000000e+04 3.767176916147748633e-01
9.170000000000000000e+04 3.764864750688739492e-01
9.180000000000000000e+04 3.761558548405120050e-01
9.190000000000000000e+04 3.758341549574819029e-01
9.200000000000000000e+04 3.755163515783783157e-01
9.210000000000000000e+04 3.752158532689381931e-01
9.220000000000000000e+04 3.749150234412238492e-01
9.230000000000000000e+04 3.745819899075655823e-01
9.240000000000000000e+04 3.743067899366501194e-01
9.250000000000000000e+04 3.739469975311357497e-01
9.260000000000000000e+04 3.736333830942262235e-01
9.270000000000000000e+04 3.733189087364668368e-01
9.280000000000000000e+04 3.729644587130235278e-01
9.290000000000000000e+04 3.726720580183109366e-01
9.300000000000000000e+04 3.723506761050377478e-01
9.310000000000000000e+04 3.720985406165677745e-01
9.320000000000000000e+04 3.718104770231799860e-01
