1.000000000000000000e+02 1.357512433038563415e+01
2.000000000000000000e+02 9.388823452669315728e+00
3.000000000000000000e+02 7.708129832765854950e+00
4.000000000000000000e+02 6.631594460802828550e+00
5.000000000000000000e+02 5.929268505696920322e+00
6.000000000000000000e+02 5.392880918657310119e+00
7.000000000000000000e+02 4.971027096091365394e+00
8.000000000000000000e+02 4.632900423178197613e+00
9.000000000000000000e+02 4.359345389047589059e+00
1.000000000000000000e+03 4.128215465238937121e+00
1.100000000000000000e+03 3.929142543017142941e+00
1.200000000000000000e+03 3.752193705929611767e+00
1.300000000000000000e+03 3.592373692587550682e+00
1.400000000000000000e+03 3.453535186790864131e+00
1.500000000000000000e+03 3.322087191281721363e+00
1.600000000000000000e+03 3.202455513103560580e+00
1.700000000000000000e+03 3.094724171882968555e+00
1.800000000000000000e+03 2.997471122226798457e+00
1.900000000000000000e+03 2.906417408678130698e+00
2.000000000000000000e+03 2.826377984925033005e+00
2.100000000000000000e+03 2.747361942769305010e+00
2.200000000000000000e+03 2.678111935555647083e+00
2.300000000000000000e+03 2.610712697344775179e+00
2.400000000000000000e+03 2.552096797625741154e+00
2.500000000000000000e+03 2.489559775364638572e+00
2.600000000000000000e+03 2.432422027835901890e+00
2.700000000000000000e+03 2.379287387040384782e+00
2.800000000000000000e+03 2.330199501828651876e+00
2.900000000000000000e+03 2.281451153621083527e+00
3.000000000000000000e+03 2.235614509214803203e+00
3.100000000000000000e+03 2.196173461675570593e+00
3.200000000000000000e+03 2.155340360091544394e+00
3.300000000000000000e+03 2.117131332266860344e+00
3.400000000000000000e+03 2.082380488302002064e+00
3.500000000000000000e+03 2.046396159823365757e+00
3.600000000000000000e+03 2.011484027784858242e+00
3.700000000000000000e+03 1.978536268561285283e+00
3.800000000000000000e+03 1.947442794095814111e+00
3.900000000000000000e+03 1.918179020219697994e+00
4.000000000000000000e+03 1.890212927054006231e+00
4.100000000000000000e+03 1.864658375971703252e+00
4.200000000000000000e+03 1.838050597538686715e+00
4.300000000000000000e+03 1.814501739852480977e+00
4.400000000000000000e+03 1.791894997057023931e+00
4.500000000000000000e+03 1.771298105092377728e+00
4.600000000000000000e+03 1.748961716504273900e+00
4.700000000000000000e+03 1.727701271310727593e+00
4.800000000000000000e+03 1.708525457930076374e+00
4.900000000000000000e+03 1.689475318717554408e+00
5.000000000000000000e+03 1.671362676516930268e+00
5.100000000000000000e+03 1.653556619906552339e+00
5.200000000000000000e+03 1.635654102701074475e+00
5.300000000000000000e+03 1.618888441514218623e+00
5.400000000000000000e+03 1.602296170984499613e+00
5.500000000000000000e+03 1.586053240228945116e+00
5.600000000000000000e+03 1.571376546058026680e+00
5.700000000000000000e+03 1.555780177390339469e+00
5.800000000000000000e+03 1.541463772701581636e+00
5.900000000000000000e+03 1.526785034005181618e+00
6.000000000000000000e+03 1.512956633798909767e+00
6.100000000000000000e+03 1.499583437730944713e+00
6.200000000000000000e+03 1.486439977597584505e+00
6.300000000000000000e+03 1.473436752011783923e+00
6.400000000000000000e+03 1.461333709437822703e+00
6.500000000000000000e+03 1.448541486798693878e+00
6.600000000000000000e+03 1.436637623063941049e+00
6.700000000000000000e+03 1.425334245145824186e+00
6.800000000000000000e+03 1.413215356300477676e+00
6.900000000000000000e+03 1.402262272020364353e+00
7.000000000000000000e+03 1.391170335566252358e+00
7.100000000000000000e+03 1.379687520969210990e+00
7.200000000000000000e+03 1.368908666274844865e+00
7.300000000000000000e+03 1.357937094328348859e+00
7.400000000000000000e+03 1.347914121139691224e+00
7.500000000000000000e+03 1.337293762612185022e+00
7.600000000000000000e+03 1.326860027847309276e+00
7.700000000000000000e+03 1.316840542601514841e+00
7.800000000000000000e+03 1.306101833304634585e+00
7.900000000000000000e+03 1.296641262153013674e+00
8.000000000000000000e+03 1.285954457075974000e+00
8.100000000000000000e+03 1.277092580140023914e+00
8.200000000000000000e+03 1.268343842862680093e+00
8.300000000000000000e+03 1.259260299030933616e+00
8.400000000000000000e+03 1.250136796623145585e+00
8.500000000000000000e+03 1.242298014327354538e+00
8.600000000000000000e+03 1.234593352412299394e+00
8.700000000000000000e+03 1.227425864601102479e+00
8.800000000000000000e+03 1.218170161053401257e+00
8.900000000000000000e+03 1.210442999144301535e+00
9.000000000000000000e+03 1.201491753728870959e+00
9.100000000000000000e+03 1.193560973302531414e+00
9.200000000000000000e+03 1.186357660781900414e+00
9.300000000000000000e+03 1.178839422824607741e+00
9.400000000000000000e+03 1.171464077267820425e+00
9.500000000000000000e+03 1.164147373542379515e+00
9.600000000000000000e+03 1.156896828545342704e+00
9.700000000000000000e+03 1.149607722182160785e+00
9.800000000000000000e+03 1.142579018382676503e+00
9.900000000000000000e+03 1.135628111002660479e+00
1.000000000000000000e+04 1.128431783144697498e+00
