1.600000000000000000e+01 3.435642633004638924e+01
2.000000000000000000e+01 2.458741654819572986e+01
2.400000000000000000e+01 2.026855924244478402e+01
2.800000000000000000e+01 1.769330320732814599e+01
3.200000000000000000e+01 1.593311447743062814e+01
3.600000000000000000e+01 1.463099557242262705e+01
4.000000000000000000e+01 1.361639806294454402e+01
4.400000000000000000e+01 1.279693096872500035e+01
4.800000000000000000e+01 1.211615209911302316e+01
5.200000000000000000e+01 1.153909772116054278e+01
5.600000000000000000e+01 1.104112406156160020e+01
6.000000000000000000e+01 1.060580411885371888e+01
6.400000000000000000e+01 1.022086169415444168e+01
6.800000000000000000e+01 9.877260181341492640e+00
7.200000000000000000e+01 9.568042066624128594e+00
7.600000000000000000e+01 9.287622314112933708e+00
8.000000000000000000e+01 9.031632894021864644e+00
8.400000000000000000e+01 8.796870660845652168e+00
8.800000000000000000e+01 8.580692226495003183e+00
9.200000000000000000e+01 8.380244026100864829e+00
9.600000000000000000e+01 8.194291883806979371e+00
1.000000000000000000e+03 2.632977417922713226e+00
1.004000000000000000e+03 2.627155885376708078e+00
1.008000000000000000e+03 2.623428558807439970e+00
1.012000000000000000e+03 2.617212672171995269e+00
1.016000000000000000e+03 2.612262318388728133e+00
1.020000000000000000e+03 2.608406764256021582e+00
1.024000000000000000e+03 2.602541744796184719e+00
1.028000000000000000e+03 2.598442869964257440e+00
1.032000000000000000e+03 2.594212420081897008e+00
1.036000000000000000e+03 2.588372761567057978e+00
1.040000000000000000e+03 2.584899947933456232e+00
1.044000000000000000e+03 2.579283565799628697e+00
1.048000000000000000e+03 2.575305486089225937e+00
1.052000000000000000e+03 2.571531633227159386e+00
1.056000000000000000e+03 2.565523218081799506e+00
1.060000000000000000e+03 2.561942243408294573e+00
1.064000000000000000e+03 2.556627235891603345e+00
1.068000000000000000e+03 2.552562793033812394e+00
1.072000000000000000e+03 2.547594670974713704e+00
1.076000000000000000e+03 2.543650475624889218e+00
1.080000000000000000e+03 2.539495764665015365e+00
1.084000000000000000e+03 2.534172861211542838e+00
1.088000000000000000e+03 2.530405548910430902e+00
1.092000000000000000e+03 2.526364185960063402e+00
1.096000000000000000e+03 2.522059059496990940e+00
2.000000000000000000e+03 1.903621413687076158e+00
2.004000000000000000e+03 1.901926533708408584e+00
2.008000000000000000e+03 1.899523301837175548e+00
2.012000000000000000e+03 1.898154632305965261e+00
2.016000000000000000e+03 1.896144710326941318e+00
2.020000000000000000e+03 1.894697758726857639e+00
2.024000000000000000e+03 1.892660890549612507e+00
2.028000000000000000e+03 1.891205367009623606e+00
2.032000000000000000e+03 1.889370848579882134e+00
2.036000000000000000e+03 1.887379688811107847e+00
2.040000000000000000e+03 1.885968593319191866e+00
2.044000000000000000e+03 1.883564665929828408e+00
2.048000000000000000e+03 1.882369229517928844e+00
2.052000000000000000e+03 1.880876399036393476e+00
2.056000000000000000e+03 1.878838398430775047e+00
2.060000000000000000e+03 1.876983026257853737e+00
2.064000000000000000e+03 1.875260463056487303e+00
2.068000000000000000e+03 1.873745679973622513e+00
2.072000000000000000e+03 1.872318696154301243e+00
2.076000000000000000e+03 1.870529924515611730e+00
2.080000000000000000e+03 1.868802074180336614e+00
2.084000000000000000e+03 1.867102840935375596e+00
2.088000000000000000e+03 1.865628836049091799e+00
2.092000000000000000e+03 1.863426607097380838e+00
2.096000000000000000e+03 1.862153960872037661e+00
3.000000000000000000e+03 1.574687249888214291e+00
3.004000000000000000e+03 1.573705805676938407e+00
3.008000000000000000e+03 1.572726218393150299e+00
3.012000000000000000e+03 1.571748595365793033e+00
3.016000000000000000e+03 1.570772808262474785e+00
3.020000000000000000e+03 1.569798915895167735e+00
3.024000000000000000e+03 1.568826885892718348e+00
3.028000000000000000e+03 1.567856749103128333e+00
3.032000000000000000e+03 1.566888483703583912e+00
3.036000000000000000e+03 1.565922052941939091e+00
3.040000000000000000e+03 1.564957524735255845e+00
3.044000000000000000e+03 1.563994928173691790e+00
3.048000000000000000e+03 1.563034158921584593e+00
3.052000000000000000e+03 1.562075198853585256e+00
3.056000000000000000e+03 1.561118146293936970e+00
3.060000000000000000e+03 1.560162941847033302e+00
3.064000000000000000e+03 1.559209550068032524e+00
3.068000000000000000e+03 1.558257938613274884e+00
3.072000000000000000e+03 1.557308138620112636e+00
3.076000000000000000e+03 1.556360161095970751e+00
3.080000000000000000e+03 1.555413994807220757e+00
3.084000000000000000e+03 1.554469591986683774e+00
3.088000000000000000e+03 1.553526992218988934e+00
3.092000000000000000e+03 1.552586183511154738e+00
3.096000000000000000e+03 1.551647185149220176e+00
4.000000000000000000e+03 1.376352660807812045e+00
4.004000000000000000e+03 1.375709028790358612e+00
4.008000000000000000e+03 1.375066274146350409e+00
4.012000000000000000e+03 1.374424455746291240e+00
4.016000000000000000e+03 1.373783650917671073e+00
4.020000000000000000e+03 1.373143763285338048e+00
4.024000000000000000e+03 1.372504832445248013e+00
4.028000000000000000e+03 1.371866871490479589e+00
4.032000000000000000e+03 1.371229777214481693e+00
4.036000000000000000e+03 1.370593592678802208e+00
4.040000000000000000e+03 1.369958354491176422e+00
4.044000000000000000e+03 1.369324052924580259e+00
4.048000000000000000e+03 1.368690614423056395e+00
4.052000000000000000e+03 1.368058085368576426e+00
4.056000000000000000e+03 1.367426501285716300e+00
4.060000000000000000e+03 1.366795818626697301e+00
4.064000000000000000e+03 1.366166119050765015e+00
4.068000000000000000e+03 1.365537309826128753e+00
4.072000000000000000e+03 1.364909348930712030e+00
4.076000000000000000e+03 1.364282332173800238e+00
4.080000000000000000e+03 1.363656242489102777e+00
4.084000000000000000e+03 1.363031034164315924e+00
4.088000000000000000e+03 1.362406755881137910e+00
4.092000000000000000e+03 1.361783369573835945e+00
4.096000000000000000e+03 1.361160871855966015e+00
5.000000000000000000e+03 1.239857924623537055e+00
5.004000000000000000e+03 1.239393895375276333e+00
5.008000000000000000e+03 1.238930401598614006e+00
5.012000000000000000e+03 1.238467440270144992e+00
5.016000000000000000e+03 1.238005012185934728e+00
5.020000000000000000e+03 1.237543121330010987e+00
5.024000000000000000e+03 1.237081778903127871e+00
5.028000000000000000e+03 1.236621002295445360e+00
5.032000000000000000e+03 1.236160754867367428e+00
5.036000000000000000e+03 1.235701049237649451e+00
5.040000000000000000e+03 1.235241890165070577e+00
5.044000000000000000e+03 1.234783268473807816e+00
5.048000000000000000e+03 1.234325152650546986e+00
5.052000000000000000e+03 1.233867576164427105e+00
5.056000000000000000e+03 1.233410511116593833e+00
5.060000000000000000e+03 1.232953996786705142e+00
5.064000000000000000e+03 1.232497989132072647e+00
5.068000000000000000e+03 1.232042535836840313e+00
5.072000000000000000e+03 1.231587582221604915e+00
5.076000000000000000e+03 1.231133177654891941e+00
5.080000000000000000e+03 1.230679293306123023e+00
5.084000000000000000e+03 1.230225919549599034e+00
5.088000000000000000e+03 1.229773073301381192e+00
5.092000000000000000e+03 1.229320739252627526e+00
5.096000000000000000e+03 1.228868925309785531e+00
6.000000000000000000e+03 1.138416238019149151e+00
6.004000000000000000e+03 1.138061039080825010e+00
6.008000000000000000e+03 1.137706179865274780e+00
6.012000000000000000e+03 1.137351664093895209e+00
6.016000000000000000e+03 1.136997496092211790e+00
6.020000000000000000e+03 1.136643677454511003e+00
6.024000000000000000e+03 1.136290214777349039e+00
6.028000000000000000e+03 1.135937080259501908e+00
6.032000000000000000e+03 1.135584300042665973e+00
6.036000000000000000e+03 1.135231856793446070e+00
6.040000000000000000e+03 1.134879744192360596e+00
6.044000000000000000e+03 1.134527996230600078e+00
6.048000000000000000e+03 1.134176579012850627e+00
6.052000000000000000e+03 1.133825502906700144e+00
6.056000000000000000e+03 1.133474772704015310e+00
6.060000000000000000e+03 1.133124369449120206e+00
6.064000000000000000e+03 1.132774309677864188e+00
6.068000000000000000e+03 1.132424580017901361e+00
6.072000000000000000e+03 1.132075194625926207e+00
6.076000000000000000e+03 1.131726141139974384e+00
6.080000000000000000e+03 1.131377430073243540e+00
6.084000000000000000e+03 1.131029051530636043e+00
6.088000000000000000e+03 1.130681010646035434e+00
6.092000000000000000e+03 1.130333316207094985e+00
6.096000000000000000e+03 1.129985953946024635e+00
7.000000000000000000e+03 1.059126300458507197e+00
7.004000000000000000e+03 1.058842928521900317e+00
7.008000000000000000e+03 1.058559789396106288e+00
7.012000000000000000e+03 1.058276909327549253e+00
7.016000000000000000e+03 1.057994257023596285e+00
7.020000000000000000e+03 1.057711838298274865e+00
7.024000000000000000e+03 1.057429653419851956e+00
7.028000000000000000e+03 1.057147695400467935e+00
7.032000000000000000e+03 1.056865971120148906e+00
7.036000000000000000e+03 1.056584486322354799e+00
7.040000000000000000e+03 1.056303236561655590e+00
7.044000000000000000e+03 1.056022203087520150e+00
7.048000000000000000e+03 1.055741420989346757e+00
7.052000000000000000e+03 1.055460879710924171e+00
7.056000000000000000e+03 1.055180565784320734e+00
7.060000000000000000e+03 1.054900488024852034e+00
7.064000000000000000e+03 1.054620642627102978e+00
7.068000000000000000e+03 1.054341033451409171e+00
7.072000000000000000e+03 1.054061645587196505e+00
7.076000000000000000e+03 1.053782487721949490e+00
7.080000000000000000e+03 1.053503562294218154e+00
7.084000000000000000e+03 1.053224878211556526e+00
7.088000000000000000e+03 1.052946422702242923e+00
7.092000000000000000e+03 1.052668183121409529e+00
7.096000000000000000e+03 1.052390171626990112e+00
8.000000000000000000e+03 9.949003899152635277e-01
8.004000000000000000e+03 9.946673894755623246e-01
8.008000000000000000e+03 9.944345548944562019e-01
8.012000000000000000e+03 9.942018977988700268e-01
8.016000000000000000e+03 9.939694068766969925e-01
8.020000000000000000e+03 9.937370852490946538e-01
8.024000000000000000e+03 9.935049342388103666e-01
8.028000000000000000e+03 9.932729558845718731e-01
8.032000000000000000e+03 9.930411451017596702e-01
8.036000000000000000e+03 9.928095011496879119e-01
8.040000000000000000e+03 9.925780318156073312e-01
8.044000000000000000e+03 9.923467361837060574e-01
8.048000000000000000e+03 9.921156033052789258e-01
8.052000000000000000e+03 9.918846349565955123e-01
8.056000000000000000e+03 9.916538419283266181e-01
8.060000000000000000e+03 9.914232138837465458e-01
8.064000000000000000e+03 9.911927525113657378e-01
8.068000000000000000e+03 9.909624585781671158e-01
8.072000000000000000e+03 9.907323393125363475e-01
8.076000000000000000e+03 9.905023803900372403e-01
8.080000000000000000e+03 9.902725889847785457e-01
8.084000000000000000e+03 9.900429643808460467e-01
8.088000000000000000e+03 9.898135027023200472e-01
8.092000000000000000e+03 9.895842074575369463e-01
8.096000000000000000e+03 9.893550790504752612e-01
9.000000000000000000e+03 9.414737856217052503e-01
9.004000000000000000e+03 9.412777337197800742e-01
9.008000000000000000e+03 9.410818081996570328e-01
9.012000000000000000e+03 9.408860094835784782e-01
9.016000000000000000e+03 9.406903310518307526e-01
9.020000000000000000e+03 9.404947834423997843e-01
9.024000000000000000e+03 9.402993650162398964e-01
9.028000000000000000e+03 9.401040798399170617e-01
9.032000000000000000e+03 9.399089194883837317e-01
9.036000000000000000e+03 9.397138800982625106e-01
9.040000000000000000e+03 9.395189686237476190e-01
9.044000000000000000e+03 9.393241826471470102e-01
9.048000000000000000e+03 9.391295243501144308e-01
9.052000000000000000e+03 9.389349885955247110e-01
9.056000000000000000e+03 9.387405790438128061e-01
9.060000000000000000e+03 9.385463005064557107e-01
9.064000000000000000e+03 9.383521476692540109e-01
9.068000000000000000e+03 9.381581219762171742e-01
9.072000000000000000e+03 9.379642207578228197e-01
9.076000000000000000e+03 9.377704435333953370e-01
9.080000000000000000e+03 9.375767876803540180e-01
9.084000000000000000e+03 9.373832648993807304e-01
9.088000000000000000e+03 9.371898687275923567e-01
9.092000000000000000e+03 9.369965940397690929e-01
9.096000000000000000e+03 9.368034440679682273e-01
