1.600000000000000000e+01 3.435642633004638924e+01
2.000000000000000000e+01 2.366991440876936537e+01
2.400000000000000000e+01 1.981285640657175406e+01
2.800000000000000000e+01 1.664971426661951170e+01
3.200000000000000000e+01 1.482631257749947906e+01
3.600000000000000000e+01 1.362964815848351385e+01
4.000000000000000000e+01 1.269061092714873951e+01
4.400000000000000000e+01 1.189540055909216143e+01
4.800000000000000000e+01 1.137809949768525719e+01
5.200000000000000000e+01 1.082196129140946539e+01
5.600000000000000000e+01 1.036432917431517886e+01
6.000000000000000000e+01 9.962173657182969322e+00
6.400000000000000000e+01 9.530114318689836495e+00
6.800000000000000000e+01 9.237043047773211057e+00
7.200000000000000000e+01 8.951232134537235652e+00
7.600000000000000000e+01 8.714427826076928341e+00
8.000000000000000000e+01 8.435634093493248997e+00
8.400000000000000000e+01 8.175089481761794730e+00
8.800000000000000000e+01 8.001515410426685904e+00
9.200000000000000000e+01 7.809496011988410480e+00
9.600000000000000000e+01 7.636372921159418681e+00
1.000000000000000000e+03 2.441933430784562820e+00
1.004000000000000000e+03 2.437562838581728286e+00
1.008000000000000000e+03 2.433791669844490357e+00
1.012000000000000000e+03 2.428526913011770816e+00
1.016000000000000000e+03 2.423947619909428308e+00
1.020000000000000000e+03 2.419334891653222908e+00
1.024000000000000000e+03 2.415419861262627865e+00
1.028000000000000000e+03 2.411565962207257385e+00
1.032000000000000000e+03 2.406553389052413561e+00
1.036000000000000000e+03 2.402762021764675016e+00
1.040000000000000000e+03 2.398927416521644318e+00
1.044000000000000000e+03 2.393125473550876237e+00
1.048000000000000000e+03 2.388401621979091338e+00
1.052000000000000000e+03 2.385921986404138995e+00
1.056000000000000000e+03 2.380120452896464123e+00
1.060000000000000000e+03 2.377157089950230340e+00
1.064000000000000000e+03 2.371897505663068895e+00
1.068000000000000000e+03 2.368265200176938201e+00
1.072000000000000000e+03 2.363578143508846541e+00
1.076000000000000000e+03 2.359737665041559573e+00
1.080000000000000000e+03 2.356214968903409535e+00
1.084000000000000000e+03 2.353238740376270233e+00
1.088000000000000000e+03 2.349009157904170308e+00
1.092000000000000000e+03 2.343666366105479071e+00
1.096000000000000000e+03 2.340157196146947616e+00
2.000000000000000000e+03 1.769683527252914113e+00
2.004000000000000000e+03 1.767975462171626599e+00
2.008000000000000000e+03 1.765900297651332274e+00
2.012000000000000000e+03 1.764243616809666682e+00
2.016000000000000000e+03 1.763412308957237995e+00
2.020000000000000000e+03 1.761742351197999046e+00
2.024000000000000000e+03 1.759968863633495806e+00
2.028000000000000000e+03 1.758044199753973968e+00
2.032000000000000000e+03 1.756608492170903979e+00
2.036000000000000000e+03 1.754852040527902890e+00
2.040000000000000000e+03 1.753361627903585962e+00
2.044000000000000000e+03 1.752074878842876382e+00
2.048000000000000000e+03 1.749904028823861424e+00
2.052000000000000000e+03 1.748625173627003315e+00
2.056000000000000000e+03 1.746984737216743522e+00
2.060000000000000000e+03 1.745302001830254746e+00
2.064000000000000000e+03 1.743374238883754757e+00
2.068000000000000000e+03 1.741954571203811142e+00
2.072000000000000000e+03 1.740475185032364536e+00
2.076000000000000000e+03 1.739030548297658463e+00
2.080000000000000000e+03 1.736872919001937188e+00
2.084000000000000000e+03 1.735285002351435457e+00
2.088000000000000000e+03 1.733951244588961327e+00
2.092000000000000000e+03 1.731782484936445154e+00
2.096000000000000000e+03 1.730634648787430230e+00
3.000000000000000000e+03 1.463852069882324081e+00
3.004000000000000000e+03 1.462796690386178433e+00
3.008000000000000000e+03 1.462084473605485435e+00
3.012000000000000000e+03 1.461172300365338295e+00
3.016000000000000000e+03 1.460026299039306030e+00
3.020000000000000000e+03 1.459059287966432805e+00
3.024000000000000000e+03 1.458273804332484103e+00
3.028000000000000000e+03 1.457410994336550525e+00
3.032000000000000000e+03 1.456479891669334004e+00
3.036000000000000000e+03 1.455787584705516169e+00
3.040000000000000000e+03 1.455015302665003674e+00
3.044000000000000000e+03 1.454106256434636979e+00
3.048000000000000000e+03 1.453247533209346631e+00
3.052000000000000000e+03 1.452489006881715561e+00
3.056000000000000000e+03 1.451679576299703900e+00
3.060000000000000000e+03 1.450762532808936411e+00
3.064000000000000000e+03 1.449740029220036419e+00
3.068000000000000000e+03 1.448942204050131632e+00
3.072000000000000000e+03 1.448193612676586639e+00
3.076000000000000000e+03 1.447208124989834754e+00
3.080000000000000000e+03 1.446351640081104950e+00
3.084000000000000000e+03 1.445475101151894481e+00
3.088000000000000000e+03 1.444357320091679719e+00
3.092000000000000000e+03 1.443426188469324245e+00
3.096000000000000000e+03 1.442585657179302761e+00
4.000000000000000000e+03 1.280423798316977502e+00
4.004000000000000000e+03 1.279775614785618965e+00
4.008000000000000000e+03 1.279163814079548045e+00
4.012000000000000000e+03 1.278612765555739550e+00
4.016000000000000000e+03 1.278085099936075775e+00
4.020000000000000000e+03 1.277437616696553091e+00
4.024000000000000000e+03 1.276918081772899560e+00
4.028000000000000000e+03 1.276286663485513451e+00
4.032000000000000000e+03 1.275818791354910164e+00
4.036000000000000000e+03 1.275265532059070894e+00
4.040000000000000000e+03 1.274592908884648157e+00
4.044000000000000000e+03 1.274085191976668696e+00
4.048000000000000000e+03 1.273483433085027983e+00
4.052000000000000000e+03 1.272986331528960013e+00
4.056000000000000000e+03 1.272286869425246714e+00
4.060000000000000000e+03 1.271907378245333620e+00
4.064000000000000000e+03 1.271248580497450487e+00
4.068000000000000000e+03 1.270678942810419487e+00
4.072000000000000000e+03 1.270122659120730191e+00
4.076000000000000000e+03 1.269504589522350457e+00
4.080000000000000000e+03 1.268974428113776476e+00
4.084000000000000000e+03 1.268390367076455139e+00
4.088000000000000000e+03 1.267873958652716793e+00
4.092000000000000000e+03 1.267325711503855423e+00
4.096000000000000000e+03 1.266805483772277530e+00
5.000000000000000000e+03 1.152913581637290630e+00
5.004000000000000000e+03 1.152473787537788397e+00
5.008000000000000000e+03 1.152063423873255443e+00
5.012000000000000000e+03 1.151667460582654900e+00
5.016000000000000000e+03 1.151260692795657681e+00
5.020000000000000000e+03 1.150962243786516348e+00
5.024000000000000000e+03 1.150542011027428702e+00
5.028000000000000000e+03 1.150141312291724782e+00
5.032000000000000000e+03 1.149709103695963908e+00
5.036000000000000000e+03 1.149308141392137106e+00
5.040000000000000000e+03 1.148948000300090477e+00
5.044000000000000000e+03 1.148534363436863437e+00
5.048000000000000000e+03 1.148155573919326100e+00
5.052000000000000000e+03 1.147783779453379172e+00
5.056000000000000000e+03 1.147402613035618302e+00
5.060000000000000000e+03 1.146925461667045676e+00
5.064000000000000000e+03 1.146520399309617799e+00
5.068000000000000000e+03 1.146101722651869936e+00
5.072000000000000000e+03 1.145722388837218553e+00
5.076000000000000000e+03 1.145306971945585506e+00
5.080000000000000000e+03 1.144797516905120327e+00
5.084000000000000000e+03 1.144369696792804758e+00
5.088000000000000000e+03 1.143890930873585843e+00
5.092000000000000000e+03 1.143450210355631658e+00
5.096000000000000000e+03 1.143091268615611167e+00
6.000000000000000000e+03 1.059680276735106341e+00
6.004000000000000000e+03 1.059356679755911079e+00
6.008000000000000000e+03 1.058960263438416760e+00
6.012000000000000000e+03 1.058643474463901279e+00
6.016000000000000000e+03 1.058271732898408146e+00
6.020000000000000000e+03 1.057861256894700563e+00
6.024000000000000000e+03 1.057479593594262912e+00
6.028000000000000000e+03 1.057238301932452273e+00
6.032000000000000000e+03 1.056955006059930646e+00
6.036000000000000000e+03 1.056618529613349011e+00
6.040000000000000000e+03 1.056304754178491123e+00
6.044000000000000000e+03 1.055928168189318672e+00
6.048000000000000000e+03 1.055639429726038525e+00
6.052000000000000000e+03 1.055234635874027216e+00
6.056000000000000000e+03 1.054841163656145664e+00
6.060000000000000000e+03 1.054518677299939311e+00
6.064000000000000000e+03 1.054214910922089521e+00
6.068000000000000000e+03 1.053879216123192686e+00
6.072000000000000000e+03 1.053497726484549313e+00
6.076000000000000000e+03 1.053046589594301530e+00
6.080000000000000000e+03 1.052738296863696243e+00
6.084000000000000000e+03 1.052494008627262723e+00
6.088000000000000000e+03 1.052199831621099424e+00
6.092000000000000000e+03 1.051921366817310854e+00
6.096000000000000000e+03 1.051647925004678186e+00
7.000000000000000000e+03 9.852699428864614140e-01
7.004000000000000000e+03 9.850423688271949807e-01
7.008000000000000000e+03 9.848470696888994569e-01
7.012000000000000000e+03 9.845641294880309591e-01
7.016000000000000000e+03 9.842760226708677784e-01
7.020000000000000000e+03 9.839436271173571669e-01
7.024000000000000000e+03 9.836519844184166139e-01
7.028000000000000000e+03 9.833775383678946547e-01
7.032000000000000000e+03 9.830954628024773934e-01
7.036000000000000000e+03 9.828555132535213845e-01
7.040000000000000000e+03 9.825861910965093537e-01
7.044000000000000000e+03 9.823562392596044690e-01
7.048000000000000000e+03 9.821259514832926252e-01
7.052000000000000000e+03 9.818293086845508721e-01
7.056000000000000000e+03 9.815992068128940318e-01
7.060000000000000000e+03 9.813363688522551698e-01
7.064000000000000000e+03 9.810926961986560224e-01
7.068000000000000000e+03 9.808207264539148262e-01
7.072000000000000000e+03 9.805500168826620788e-01
7.076000000000000000e+03 9.802885845508331197e-01
7.080000000000000000e+03 9.799921364831579718e-01
7.084000000000000000e+03 9.797568647975517520e-01
7.088000000000000000e+03 9.794159664639017215e-01
7.092000000000000000e+03 9.791849859953785096e-01
7.096000000000000000e+03 9.788961639759145017e-01
8.000000000000000000e+03 9.255615918707795764e-01
8.004000000000000000e+03 9.253831975612022420e-01
8.008000000000000000e+03 9.251639250247745139e-01
8.012000000000000000e+03 9.248547784853521359e-01
8.016000000000000000e+03 9.246477715297722888e-01
8.020000000000000000e+03 9.244508724991044035e-01
8.024000000000000000e+03 9.242331907828525983e-01
8.028000000000000000e+03 9.240286083264523942e-01
8.032000000000000000e+03 9.238254142082561460e-01
8.036000000000000000e+03 9.236109942503527570e-01
8.040000000000000000e+03 9.234313046977571382e-01
8.044000000000000000e+03 9.232118553513950499e-01
8.048000000000000000e+03 9.229905690579215394e-01
8.052000000000000000e+03 9.228139923581673010e-01
8.056000000000000000e+03 9.226272183558237305e-01
8.060000000000000000e+03 9.224101846188597076e-01
8.064000000000000000e+03 9.222150200223091510e-01
8.068000000000000000e+03 9.220099748432873943e-01
8.072000000000000000e+03 9.217563977704607003e-01
8.076000000000000000e+03 9.215305119062751071e-01
8.080000000000000000e+03 9.213007296592083950e-01
8.084000000000000000e+03 9.210476722797050764e-01
8.088000000000000000e+03 9.208309880489007337e-01
8.092000000000000000e+03 9.206026493944312605e-01
8.096000000000000000e+03 9.204110990391148883e-01
9.000000000000000000e+03 8.760436740002646161e-01
9.004000000000000000e+03 8.758490284274433879e-01
9.008000000000000000e+03 8.756326224993713492e-01
9.012000000000000000e+03 8.753954254922142741e-01
9.016000000000000000e+03 8.752190729475324282e-01
9.020000000000000000e+03 8.750777778579239552e-01
9.024000000000000000e+03 8.748912066304874724e-01
9.028000000000000000e+03 8.746166863799195168e-01
9.032000000000000000e+03 8.744232655882033800e-01
9.036000000000000000e+03 8.742667627877220848e-01
9.040000000000000000e+03 8.741053235077497208e-01
9.044000000000000000e+03 8.739395604390745032e-01
9.048000000000000000e+03 8.737399832029780766e-01
9.052000000000000000e+03 8.735619079261780495e-01
9.056000000000000000e+03 8.733796003780882611e-01
9.060000000000000000e+03 8.732206232615822294e-01
9.064000000000000000e+03 8.730341051034062883e-01
9.068000000000000000e+03 8.728460865478320230e-01
9.072000000000000000e+03 8.726426994031184492e-01
9.076000000000000000e+03 8.724533400299134822e-01
9.080000000000000000e+03 8.723026784823397772e-01
9.084000000000000000e+03 8.721528417252309984e-01
9.088000000000000000e+03 8.719781860933524253e-01
9.092000000000000000e+03 8.717888294752177414e-01
9.096000000000000000e+03 8.716165092058494324e-01
1.000000000000000000e+04 8.337183526103930653e-01
1.000400000000000000e+04 8.335742320835242136e-01
1.000800000000000000e+04 8.334351365815982904e-01
1.001200000000000000e+04 8.332596028417557088e-01
1.001600000000000000e+04 8.330779327749850971e-01
1.002000000000000000e+04 8.328992770792618128e-01
1.002400000000000000e+04 8.327402224202430370e-01
1.002800000000000000e+04 8.325469793610495994e-01
1.003200000000000000e+04 8.323935841963171489e-01
1.003600000000000000e+04 8.322124616277550846e-01
1.004000000000000000e+04 8.320433228330338382e-01
1.004400000000000000e+04 8.319484330445778841e-01
1.004800000000000000e+04 8.318213954338639082e-01
1.005200000000000000e+04 8.316526409329065839e-01
1.005600000000000000e+04 8.314951488815498504e-01
1.006000000000000000e+04 8.313016041018795876e-01
1.006400000000000000e+04 8.312004746282827261e-01
1.006800000000000000e+04 8.310309033113105759e-01
1.007200000000000000e+04 8.309046551081257226e-01
1.007600000000000000e+04 8.307167665418704328e-01
1.008000000000000000e+04 8.305690862552378428e-01
1.008400000000000000e+04 8.304383175695285724e-01
1.008800000000000000e+04 8.302227142743081600e-01
1.009200000000000000e+04 8.300976186678858948e-01
1.009600000000000000e+04 8.299577657934470443e-01
1.100000000000000000e+04 7.969824053927290208e-01
1.100400000000000000e+04 7.968531708380091061e-01
1.100800000000000000e+04 7.966743032492971111e-01
1.101200000000000000e+04 7.965652968574378212e-01
1.101600000000000000e+04 7.964153818112822414e-01
1.102000000000000000e+04 7.963094348716966975e-01
1.102400000000000000e+04 7.961553070479966410e-01
1.102800000000000000e+04 7.960573609596005573e-01
1.103200000000000000e+04 7.959039346283077743e-01
1.103600000000000000e+04 7.957678895675017738e-01
1.104000000000000000e+04 7.956531223406044795e-01
1.104400000000000000e+04 7.955200029400365525e-01
1.104800000000000000e+04 7.953927973096658333e-01
1.105200000000000000e+04 7.952799366588270136e-01
1.105600000000000000e+04 7.951478390691910647e-01
1.106000000000000000e+04 7.950106692795505525e-01
1.106400000000000000e+04 7.948772551890270766e-01
1.106800000000000000e+04 7.947007363098379518e-01
1.107200000000000000e+04 7.945936437357825621e-01
1.107600000000000000e+04 7.944721376759337206e-01
1.108000000000000000e+04 7.943500852660745348e-01
1.108400000000000000e+04 7.942233287676815356e-01
1.108800000000000000e+04 7.941039619204832700e-01
1.109200000000000000e+04 7.939415763590684794e-01
1.109600000000000000e+04 7.937756626300236373e-01
1.200000000000000000e+04 7.648054296800995688e-01
1.200400000000000000e+04 7.646833261157637285e-01
1.200800000000000000e+04 7.645644787292843469e-01
1.201200000000000000e+04 7.644324651717840924e-01
1.201600000000000000e+04 7.642942472861007364e-01
1.202000000000000000e+04 7.641999570444419909e-01
1.202400000000000000e+04 7.640694273839467865e-01
1.202800000000000000e+04 7.639670142299180844e-01
1.203200000000000000e+04 7.638423671877758725e-01
1.203600000000000000e+04 7.637461055010315025e-01
1.204000000000000000e+04 7.636209972038889848e-01
1.204400000000000000e+04 7.635032111095770846e-01
1.204800000000000000e+04 7.633984108053744055e-01
1.205200000000000000e+04 7.632707126289257626e-01
1.205600000000000000e+04 7.631263641838332834e-01
1.206000000000000000e+04 7.630359834360497251e-01
1.206400000000000000e+04 7.629265083547343007e-01
1.206800000000000000e+04 7.628251199195658083e-01
1.207200000000000000e+04 7.627067344103685143e-01
1.207600000000000000e+04 7.626093669209812465e-01
1.208000000000000000e+04 7.624957567106360745e-01
1.208400000000000000e+04 7.623620344302802776e-01
1.208800000000000000e+04 7.622628646016775811e-01
1.209200000000000000e+04 7.621326957237037902e-01
1.209600000000000000e+04 7.619775905589146747e-01
1.300000000000000000e+04 7.366789672681783863e-01
1.300400000000000000e+04 7.365913518371697277e-01
1.300800000000000000e+04 7.365089691606214739e-01
1.301200000000000000e+04 7.364033003503933639e-01
1.301600000000000000e+04 7.362899649749687914e-01
1.302000000000000000e+04 7.361749526883598627e-01
1.302400000000000000e+04 7.360530670538447673e-01
1.302800000000000000e+04 7.359349325342037229e-01
1.303200000000000000e+04 7.358139031407989750e-01
1.303600000000000000e+04 7.357157586688769513e-01
1.304000000000000000e+04 7.356151597191027403e-01
1.304400000000000000e+04 7.355145044039648194e-01
1.304800000000000000e+04 7.353820173587225506e-01
1.305200000000000000e+04 7.352906470151273632e-01
1.305600000000000000e+04 7.351896622671554304e-01
1.306000000000000000e+04 7.350822367347630282e-01
1.306400000000000000e+04 7.349501839643709511e-01
1.306800000000000000e+04 7.348555336678819216e-01
1.307200000000000000e+04 7.347295438369620957e-01
1.307600000000000000e+04 7.346364558003927181e-01
1.308000000000000000e+04 7.345337970064936828e-01
1.308400000000000000e+04 7.344008012378941963e-01
1.308800000000000000e+04 7.342759793253115230e-01
1.309200000000000000e+04 7.341591735281955966e-01
1.309600000000000000e+04 7.340814774837163270e-01
1.400000000000000000e+04 7.114328559286794418e-01
1.400400000000000000e+04 7.113500987500858130e-01
1.400800000000000000e+04 7.112450707557682605e-01
1.401200000000000000e+04 7.111652945289201888e-01
1.401600000000000000e+04 7.110665569507256256e-01
1.402000000000000000e+04 7.109701728994147762e-01
1.402400000000000000e+04 7.108812896599795428e-01
1.402800000000000000e+04 7.107824076767215171e-01
1.403200000000000000e+04 7.106838325492418340e-01
1.403600000000000000e+04 7.105807437437803298e-01
1.404000000000000000e+04 7.104889697806119342e-01
1.404400000000000000e+04 7.103696631217659707e-01
1.404800000000000000e+04 7.103078164613610967e-01
1.405200000000000000e+04 7.102294113796339126e-01
1.405600000000000000e+04 7.101333930429192254e-01
1.406000000000000000e+04 7.100175831881032629e-01
1.406400000000000000e+04 7.099219168191247542e-01
1.406800000000000000e+04 7.098221193430244158e-01
1.407200000000000000e+04 7.097203722661451497e-01
1.407600000000000000e+04 7.096288353380600933e-01
1.408000000000000000e+04 7.095504996573972489e-01
1.408400000000000000e+04 7.094492894614378153e-01
1.408800000000000000e+04 7.093670139089010007e-01
1.409200000000000000e+04 7.092776255439366961e-01
1.409600000000000000e+04 7.091968975282121335e-01
1.500000000000000000e+04 6.889132450889828840e-01
1.500400000000000000e+04 6.888335470335456012e-01
1.500800000000000000e+04 6.887582471183317789e-01
1.501200000000000000e+04 6.886615368097450673e-01
1.501600000000000000e+04 6.885734241051932880e-01
1.502000000000000000e+04 6.885012130142618147e-01
1.502400000000000000e+04 6.884071214509902559e-01
1.502800000000000000e+04 6.883200495661677687e-01
1.503200000000000000e+04 6.882364643431172491e-01
1.503600000000000000e+04 6.881507845454708505e-01
1.504000000000000000e+04 6.880628563472230841e-01
1.504400000000000000e+04 6.879833565832049747e-01
1.504800000000000000e+04 6.878974333962049048e-01
1.505200000000000000e+04 6.878272854377610601e-01
1.505600000000000000e+04 6.877475692806364060e-01
1.506000000000000000e+04 6.876404024400016857e-01
1.506400000000000000e+04 6.875519861210144246e-01
1.506800000000000000e+04 6.874788981374785335e-01
1.507200000000000000e+04 6.873905779979717634e-01
1.507600000000000000e+04 6.872824409339808316e-01
1.508000000000000000e+04 6.871917683557643430e-01
1.508400000000000000e+04 6.871048299328519349e-01
1.508800000000000000e+04 6.870341038564982128e-01
1.509200000000000000e+04 6.869519289168518617e-01
1.509600000000000000e+04 6.868745588718575545e-01
1.600000000000000000e+04 6.685158817768371842e-01
1.600400000000000000e+04 6.684313547393797572e-01
1.600800000000000000e+04 6.683620024056851072e-01
1.601200000000000000e+04 6.682853698066328896e-01
1.601600000000000000e+04 6.681916803336740429e-01
1.602000000000000000e+04 6.680982779851221132e-01
1.602400000000000000e+04 6.679994083474840583e-01
1.602800000000000000e+04 6.679414433160760778e-01
1.603200000000000000e+04 6.678489401291551886e-01
1.603600000000000000e+04 6.677826813811416073e-01
1.604000000000000000e+04 6.677229813887188836e-01
1.604400000000000000e+04 6.676514291803775647e-01
1.604800000000000000e+04 6.675690347806426672e-01
1.605200000000000000e+04 6.674773903433657285e-01
1.605600000000000000e+04 6.673976129806097335e-01
1.606000000000000000e+04 6.673153237598313803e-01
1.606400000000000000e+04 6.672464514920954937e-01
1.606800000000000000e+04 6.671740271791308796e-01
1.607200000000000000e+04 6.670685752773417576e-01
1.607600000000000000e+04 6.669701983983108429e-01
1.608000000000000000e+04 6.668925271896314344e-01
1.608400000000000000e+04 6.667870385966216951e-01
1.608800000000000000e+04 6.667140608563500992e-01
1.609200000000000000e+04 6.666336948875757340e-01
1.609600000000000000e+04 6.665475904927046225e-01
1.700000000000000000e+04 6.497058262360200231e-01
1.700400000000000000e+04 6.496400933093734453e-01
1.700800000000000000e+04 6.495636276550258437e-01
1.701200000000000000e+04 6.494888507112447362e-01
1.701600000000000000e+04 6.494141448879107159e-01
1.702000000000000000e+04 6.493538949432943186e-01
1.702400000000000000e+04 6.492760630360916441e-01
1.702800000000000000e+04 6.492057584560040340e-01
1.703200000000000000e+04 6.491513624967503171e-01
1.703600000000000000e+04 6.490748746452947859e-01
1.704000000000000000e+04 6.490115372489519974e-01
1.704400000000000000e+04 6.489144381581749554e-01
1.704800000000000000e+04 6.488403683718712012e-01
1.705200000000000000e+04 6.487710817819419828e-01
1.705600000000000000e+04 6.487044832289492469e-01
1.706000000000000000e+04 6.486378580914305969e-01
1.706400000000000000e+04 6.485708257955067335e-01
1.706800000000000000e+04 6.485066643273715847e-01
1.707200000000000000e+04 6.484355047526054738e-01
1.707600000000000000e+04 6.483699327425588299e-01
1.708000000000000000e+04 6.483065440455003658e-01
1.708400000000000000e+04 6.482384632340212338e-01
1.708800000000000000e+04 6.481592080954968749e-01
1.709200000000000000e+04 6.480994228777621213e-01
1.709600000000000000e+04 6.480100569135538446e-01
1.800000000000000000e+04 6.324454393974230371e-01
1.800400000000000000e+04 6.323707269378768814e-01
1.800800000000000000e+04 6.323116306328854241e-01
1.801200000000000000e+04 6.322495259227478570e-01
1.801600000000000000e+04 6.321890475982787638e-01
1.802000000000000000e+04 6.321208926690793373e-01
1.802400000000000000e+04 6.320588344390589697e-01
1.802800000000000000e+04 6.319891829261162775e-01
1.803200000000000000e+04 6.319059053666574721e-01
1.803600000000000000e+04 6.318560532007845287e-01
1.804000000000000000e+04 6.317912721609328930e-01
1.804400000000000000e+04 6.317219031917475913e-01
1.804800000000000000e+04 6.316377607797740712e-01
1.805200000000000000e+04 6.315850516194587705e-01
1.805600000000000000e+04 6.315127709441958892e-01
1.806000000000000000e+04 6.314476834995443877e-01
1.806400000000000000e+04 6.313714635605056635e-01
1.806800000000000000e+04 6.313090093289581706e-01
1.807200000000000000e+04 6.312300839134179498e-01
1.807600000000000000e+04 6.311567546188792122e-01
1.808000000000000000e+04 6.311022597681971158e-01
1.808400000000000000e+04 6.310616495421192962e-01
1.808800000000000000e+04 6.309867749781863377e-01
1.809200000000000000e+04 6.309205510633786318e-01
1.809600000000000000e+04 6.308611304862048463e-01
1.900000000000000000e+04 6.166545249916665083e-01
1.900400000000000000e+04 6.165850311030083297e-01
1.900800000000000000e+04 6.165333415964635577e-01
1.901200000000000000e+04 6.164761339808439988e-01
1.901600000000000000e+04 6.164139632017998638e-01
1.902000000000000000e+04 6.163431777174454007e-01
1.902400000000000000e+04 6.162841290434626362e-01
1.902800000000000000e+04 6.162359579049349056e-01
1.903200000000000000e+04 6.161764710881302287e-01
1.903600000000000000e+04 6.161236344411684662e-01
1.904000000000000000e+04 6.160757598098798304e-01
1.904400000000000000e+04 6.160186103195082197e-01
1.904800000000000000e+04 6.159525760581813225e-01
1.905200000000000000e+04 6.158908519150001482e-01
1.905600000000000000e+04 6.158245753078919194e-01
1.906000000000000000e+04 6.157647014304767907e-01
1.906400000000000000e+04 6.157011689748266292e-01
1.906800000000000000e+04 6.156329558508173427e-01
1.907200000000000000e+04 6.155911613647662151e-01
1.907600000000000000e+04 6.155286492998205405e-01
1.908000000000000000e+04 6.154687871173905034e-01
1.908400000000000000e+04 6.154111346495795276e-01
1.908800000000000000e+04 6.153610835381713162e-01
1.909200000000000000e+04 6.153027504664132508e-01
1.909600000000000000e+04 6.152317594541596435e-01
2.000000000000000000e+04 6.020203657459809454e-01
2.000400000000000000e+04 6.019634962560029834e-01
2.000800000000000000e+04 6.019213246333504630e-01
2.001200000000000000e+04 6.018674771114049804e-01
2.001600000000000000e+04 6.017984207485174153e-01
2.002000000000000000e+04 6.017388009367142798e-01
2.002400000000000000e+04 6.016814323426264988e-01
2.002800000000000000e+04 6.016191811295037439e-01
2.003200000000000000e+04 6.015697098612886595e-01
2.003600000000000000e+04 6.015035174998988321e-01
2.004000000000000000e+04 6.014382091563681421e-01
2.004400000000000000e+04 6.013711069629081862e-01
2.004800000000000000e+04 6.013226735864409811e-01
2.005200000000000000e+04 6.012572515015301988e-01
2.005600000000000000e+04 6.012053950139123470e-01
2.006000000000000000e+04 6.011546988159026661e-01
2.006400000000000000e+04 6.010969224126423427e-01
2.006800000000000000e+04 6.010447207924263235e-01
2.007200000000000000e+04 6.009917845404721959e-01
2.007600000000000000e+04 6.009240295048926539e-01
2.008000000000000000e+04 6.008619529597145625e-01
2.008400000000000000e+04 6.008239640993098263e-01
2.008800000000000000e+04 6.007627467337242066e-01
2.009200000000000000e+04 6.007142296224943223e-01
2.009600000000000000e+04 6.006376829578793375e-01
2.100000000000000000e+04 5.883315577036962729e-01
2.100400000000000000e+04 5.882767446449541637e-01
2.100800000000000000e+04 5.882204519300886503e-01
2.101200000000000000e+04 5.881656580547303115e-01
2.101600000000000000e+04 5.881168487187609095e-01
2.102000000000000000e+04 5.880585480725565306e-01
2.102400000000000000e+04 5.879968209023568315e-01
2.102800000000000000e+04 5.879437459372446328e-01
2.103200000000000000e+04 5.878904543835650198e-01
2.103600000000000000e+04 5.878326161872766686e-01
2.104000000000000000e+04 5.877876507478126955e-01
2.104400000000000000e+04 5.877400181389353939e-01
2.104800000000000000e+04 5.876828523230424040e-01
2.105200000000000000e+04 5.876220218606433843e-01
2.105600000000000000e+04 5.875767661730137981e-01
2.106000000000000000e+04 5.875187769058305420e-01
2.106400000000000000e+04 5.874580618798175280e-01
2.106800000000000000e+04 5.873995877458988435e-01
2.107200000000000000e+04 5.873528580758381468e-01
2.107600000000000000e+04 5.873094814721925294e-01
2.108000000000000000e+04 5.872640232403376626e-01
2.108400000000000000e+04 5.872097861553082776e-01
2.108800000000000000e+04 5.871590054113285939e-01
2.109200000000000000e+04 5.871036954528030538e-01
2.109600000000000000e+04 5.870553949158821005e-01
2.200000000000000000e+04 5.755987972532790042e-01
2.200400000000000000e+04 5.755464990289933525e-01
2.200800000000000000e+04 5.754974342132721521e-01
2.201200000000000000e+04 5.754622553607580127e-01
2.201600000000000000e+04 5.754125218285481846e-01
2.202000000000000000e+04 5.753590531102483752e-01
2.202400000000000000e+04 5.753059508777941256e-01
2.202800000000000000e+04 5.752569603592472269e-01
2.203200000000000000e+04 5.752072081244605783e-01
2.203600000000000000e+04 5.751573630263967507e-01
2.204000000000000000e+04 5.751121127633446184e-01
2.204400000000000000e+04 5.750561426345106586e-01
2.204800000000000000e+04 5.749977187140333790e-01
2.205200000000000000e+04 5.749538695153229018e-01
2.205600000000000000e+04 5.749004094222855965e-01
2.206000000000000000e+04 5.748515494232262490e-01
2.206400000000000000e+04 5.748030661901140093e-01
2.206800000000000000e+04 5.747556975546000979e-01
2.207200000000000000e+04 5.746976007575321788e-01
2.207600000000000000e+04 5.746499624019043573e-01
2.208000000000000000e+04 5.745964458275213405e-01
2.208400000000000000e+04 5.745436302466699896e-01
2.208800000000000000e+04 5.744919551288339976e-01
2.209200000000000000e+04 5.744486614924750878e-01
2.209600000000000000e+04 5.744099331227456862e-01
2.300000000000000000e+04 5.637559008440986563e-01
2.300400000000000000e+04 5.637094726919702481e-01
2.300800000000000000e+04 5.636664048001611693e-01
2.301200000000000000e+04 5.636242872503970380e-01
2.301600000000000000e+04 5.635752781231524455e-01
2.302000000000000000e+04 5.635308488673507199e-01
2.302400000000000000e+04 5.634897637133986503e-01
2.302800000000000000e+04 5.634438656376472565e-01
2.303200000000000000e+04 5.633926127414180529e-01
2.303600000000000000e+04 5.633406736890818056e-01
2.304000000000000000e+04 5.632909203183888991e-01
2.304400000000000000e+04 5.632465361179741503e-01
2.304800000000000000e+04 5.632107215185012672e-01
2.305200000000000000e+04 5.631566051331216016e-01
2.305600000000000000e+04 5.631110065396024433e-01
2.306000000000000000e+04 5.630685234877587098e-01
2.306400000000000000e+04 5.630155725052310434e-01
2.306800000000000000e+04 5.629658151248727593e-01
2.307200000000000000e+04 5.629233805578870431e-01
2.307600000000000000e+04 5.628758094203489826e-01
2.308000000000000000e+04 5.628320764238072815e-01
2.308400000000000000e+04 5.627908751910621898e-01
2.308800000000000000e+04 5.627514107269246946e-01
2.309200000000000000e+04 5.626947476070071064e-01
2.309600000000000000e+04 5.626564449833011405e-01
2.400000000000000000e+04 5.525409875693940709e-01
2.400400000000000000e+04 5.524918128704483511e-01
2.400800000000000000e+04 5.524526983874076258e-01
2.401200000000000000e+04 5.524096681430865630e-01
2.401600000000000000e+04 5.523575969681241427e-01
2.402000000000000000e+04 5.523148513735463006e-01
2.402400000000000000e+04 5.522707441463594602e-01
2.402800000000000000e+04 5.522262062844639496e-01
2.403200000000000000e+04 5.521871856473409279e-01
2.403600000000000000e+04 5.521466990770134142e-01
2.404000000000000000e+04 5.520999297904884973e-01
2.404400000000000000e+04 5.520468773678557373e-01
2.404800000000000000e+04 5.520048669415886788e-01
2.405200000000000000e+04 5.519545804621155405e-01
2.405600000000000000e+04 5.519196938236614614e-01
2.406000000000000000e+04 5.518786984817550811e-01
2.406400000000000000e+04 5.518386109805494266e-01
2.406800000000000000e+04 5.517980892356642020e-01
2.407200000000000000e+04 5.517602693914895884e-01
2.407600000000000000e+04 5.517140028493932036e-01
2.408000000000000000e+04 5.516776194714316794e-01
2.408400000000000000e+04 5.516339623138077908e-01
2.408800000000000000e+04 5.515921171592976791e-01
2.409200000000000000e+04 5.515456092293438140e-01
2.409600000000000000e+04 5.514975500871412972e-01
2.500000000000000000e+04 5.421283776574359337e-01
2.500400000000000000e+04 5.420925943563269511e-01
2.500800000000000000e+04 5.420494210376215483e-01
2.501200000000000000e+04 5.420121338656365140e-01
2.501600000000000000e+04 5.419662503117579355e-01
2.502000000000000000e+04 5.419237118379780505e-01
2.502400000000000000e+04 5.418802736526587838e-01
2.502800000000000000e+04 5.418461816905559836e-01
2.503200000000000000e+04 5.418007843182175431e-01
2.503600000000000000e+04 5.417543512586466825e-01
2.504000000000000000e+04 5.417145603377753194e-01
2.504400000000000000e+04 5.416627546243077962e-01
2.504800000000000000e+04 5.416228222634040801e-01
2.505200000000000000e+04 5.415798043896009606e-01
2.505600000000000000e+04 5.415452707846148961e-01
2.506000000000000000e+04 5.415114215902774308e-01
2.506400000000000000e+04 5.414675443472807270e-01
2.506800000000000000e+04 5.414238929891027619e-01
2.507200000000000000e+04 5.413826407040784883e-01
2.507600000000000000e+04 5.413451075958403136e-01
2.508000000000000000e+04 5.412994880675643383e-01
2.508400000000000000e+04 5.412612459714483126e-01
2.508800000000000000e+04 5.412211245946516591e-01
2.509200000000000000e+04 5.411785266260421556e-01
2.509600000000000000e+04 5.411474945982406304e-01
2.600000000000000000e+04 5.321639903353454493e-01
2.600400000000000000e+04 5.321234432869237363e-01
2.600800000000000000e+04 5.320857145218715889e-01
2.601200000000000000e+04 5.320475848135526320e-01
2.601600000000000000e+04 5.320166363108331797e-01
2.602000000000000000e+04 5.319788869382084950e-01
2.602400000000000000e+04 5.319336046635205761e-01
2.602800000000000000e+04 5.318956745143141873e-01
2.603200000000000000e+04 5.318546433667543649e-01
2.603600000000000000e+04 5.318136681599243687e-01
2.604000000000000000e+04 5.317733119854415325e-01
2.604400000000000000e+04 5.317420523237068597e-01
2.604800000000000000e+04 5.317117671291069492e-01
2.605200000000000000e+04 5.316582065022628090e-01
2.605600000000000000e+04 5.316250878657972079e-01
2.606000000000000000e+04 5.315857272719433091e-01
2.606400000000000000e+04 5.315393654470135232e-01
2.606800000000000000e+04 5.314981211593750032e-01
2.607200000000000000e+04 5.314643988250491446e-01
2.607600000000000000e+04 5.314292254321140163e-01
2.608000000000000000e+04 5.313867930197267997e-01
2.608400000000000000e+04 5.313525816685773506e-01
2.608800000000000000e+04 5.313069137099155625e-01
2.609200000000000000e+04 5.312635127100918675e-01
2.609600000000000000e+04 5.312259515623964923e-01
2.700000000000000000e+04 5.228974302572801935e-01
2.700400000000000000e+04 5.228574034105083479e-01
2.700800000000000000e+04 5.228195018701408125e-01
2.701200000000000000e+04 5.227923351449867972e-01
2.701600000000000000e+04 5.227486174816133868e-01
2.702000000000000000e+04 5.227086715280161444e-01
2.702400000000000000e+04 5.226701189757103627e-01
2.702800000000000000e+04 5.226342462254274235e-01
2.703200000000000000e+04 5.225957101028513296e-01
2.703600000000000000e+04 5.225590918895671733e-01
2.704000000000000000e+04 5.225261388416206909e-01
2.704400000000000000e+04 5.224884475296573960e-01
2.704800000000000000e+04 5.224551028149124754e-01
2.705200000000000000e+04 5.224220332682005807e-01
2.705600000000000000e+04 5.223884570003088923e-01
2.706000000000000000e+04 5.223488372675882951e-01
2.706400000000000000e+04 5.223168714506702948e-01
2.706800000000000000e+04 5.222757326931318778e-01
2.707200000000000000e+04 5.222407228987910877e-01
2.707600000000000000e+04 5.222071177185001467e-01
2.708000000000000000e+04 5.221655784636054509e-01
2.708400000000000000e+04 5.221325732751191939e-01
2.708800000000000000e+04 5.220897311408695396e-01
2.709200000000000000e+04 5.220470512205372948e-01
2.709600000000000000e+04 5.220114720066544312e-01
2.800000000000000000e+04 5.139873748183805269e-01
2.800400000000000000e+04 5.139585157908967972e-01
2.800800000000000000e+04 5.139270669691267113e-01
2.801200000000000000e+04 5.138913983818179654e-01
2.801600000000000000e+04 5.138524610832436723e-01
2.802000000000000000e+04 5.138158930185361406e-01
2.802400000000000000e+04 5.137844296596550953e-01
2.802800000000000000e+04 5.137522039307858002e-01
2.803200000000000000e+04 5.137177822686245232e-01
2.803600000000000000e+04 5.136760554235494380e-01
2.804000000000000000e+04 5.136475034929327554e-01
2.804400000000000000e+04 5.136175079334310833e-01
2.804800000000000000e+04 5.135857698609730404e-01
2.805200000000000000e+04 5.135592766568268797e-01
2.805600000000000000e+04 5.135255261653470793e-01
2.806000000000000000e+04 5.134914825137872896e-01
2.806400000000000000e+04 5.134571273652368539e-01
2.806800000000000000e+04 5.134202229618969326e-01
2.807200000000000000e+04 5.133818907538026943e-01
2.807600000000000000e+04 5.133502416921302824e-01
2.808000000000000000e+04 5.133163683388963783e-01
2.808400000000000000e+04 5.132819628183074023e-01
2.808800000000000000e+04 5.132455184625525080e-01
2.809200000000000000e+04 5.132108778303425822e-01
2.809600000000000000e+04 5.131761550234898994e-01
2.900000000000000000e+04 5.056012031192791412e-01
2.900400000000000000e+04 5.055762411047060034e-01
2.900800000000000000e+04 5.055468845287397484e-01
2.901200000000000000e+04 5.055129732018013300e-01
2.901600000000000000e+04 5.054727900434734522e-01
2.902000000000000000e+04 5.054442967432302147e-01
2.902400000000000000e+04 5.054154262182954938e-01
2.902800000000000000e+04 5.053829067114313789e-01
2.903200000000000000e+04 5.053470802807086271e-01
2.903600000000000000e+04 5.053141850619226050e-01
2.904000000000000000e+04 5.052832798790760638e-01
2.904400000000000000e+04 5.052538440012845911e-01
2.904800000000000000e+04 5.052184300568953734e-01
2.905200000000000000e+04 5.051895249747774264e-01
2.905600000000000000e+04 5.051605865387165384e-01
2.906000000000000000e+04 5.051284820755628235e-01
2.906400000000000000e+04 5.050975502269587913e-01
2.906800000000000000e+04 5.050612076588495425e-01
2.907200000000000000e+04 5.050296348770262345e-01
2.907600000000000000e+04 5.049947100184277726e-01
2.908000000000000000e+04 5.049663584742023481e-01
2.908400000000000000e+04 5.049261833444672609e-01
2.908800000000000000e+04 5.048896051510021188e-01
2.909200000000000000e+04 5.048574492865165464e-01
2.909600000000000000e+04 5.048274412028566083e-01
3.000000000000000000e+04 4.976194151980982694e-01
3.000400000000000000e+04 4.975872135265042018e-01
3.000800000000000000e+04 4.975644687075478356e-01
3.001200000000000000e+04 4.975368187896118122e-01
3.001600000000000000e+04 4.975045121337552945e-01
3.002000000000000000e+04 4.974773892721034430e-01
3.002400000000000000e+04 4.974467961012943862e-01
3.002800000000000000e+04 4.974169404082581236e-01
3.003200000000000000e+04 4.973906815124383707e-01
3.003600000000000000e+04 4.973564084046610545e-01
3.004000000000000000e+04 4.973272550158373551e-01
3.004400000000000000e+04 4.973003793311567278e-01
3.004800000000000000e+04 4.972735837738590514e-01
3.005200000000000000e+04 4.972411319550232855e-01
3.005600000000000000e+04 4.972165928988915296e-01
3.006000000000000000e+04 4.971781113910168637e-01
3.006400000000000000e+04 4.971501053710551399e-01
3.006800000000000000e+04 4.971146236415555641e-01
3.007200000000000000e+04 4.970806053112683531e-01
3.007600000000000000e+04 4.970439465390986689e-01
3.008000000000000000e+04 4.970174515197445797e-01
3.008400000000000000e+04 4.969868266489659847e-01
3.008800000000000000e+04 4.969556540961499458e-01
3.009200000000000000e+04 4.969294650467803720e-01
3.009600000000000000e+04 4.969010363646600426e-01
3.100000000000000000e+04 4.900414899112829903e-01
3.100400000000000000e+04 4.900117826716718916e-01
3.100800000000000000e+04 4.899785873064441133e-01
3.101200000000000000e+04 4.899476683089126761e-01
3.101600000000000000e+04 4.899219697645229021e-01
3.102000000000000000e+04 4.898935487546823841e-01
3.102400000000000000e+04 4.898663989221528903e-01
3.102800000000000000e+04 4.898327386756644586e-01
3.103200000000000000e+04 4.898021748293534539e-01
3.103600000000000000e+04 4.897690301921386880e-01
3.104000000000000000e+04 4.897394404618902741e-01
3.104400000000000000e+04 4.897094925088961714e-01
3.104800000000000000e+04 4.896849430948644333e-01
3.105200000000000000e+04 4.896550898364742666e-01
3.105600000000000000e+04 4.896270116110229553e-01
3.106000000000000000e+04 4.895962965935124478e-01
3.106400000000000000e+04 4.895643240072684033e-01
3.106800000000000000e+04 4.895252390506401596e-01
3.107200000000000000e+04 4.895026694517208843e-01
3.107600000000000000e+04 4.894729298011452623e-01
3.108000000000000000e+04 4.894418847538942741e-01
3.108400000000000000e+04 4.894140516388632012e-01
3.108800000000000000e+04 4.893858448168457165e-01
3.109200000000000000e+04 4.893505453823979723e-01
3.109600000000000000e+04 4.893231955633547958e-01
3.200000000000000000e+04 4.827121351236642322e-01
3.200400000000000000e+04 4.826893547115788663e-01
3.200800000000000000e+04 4.826582505623506769e-01
3.201200000000000000e+04 4.826265959495242841e-01
3.201600000000000000e+04 4.826054166035781412e-01
3.202000000000000000e+04 4.825760532058215868e-01
3.202400000000000000e+04 4.825485057185662230e-01
3.202800000000000000e+04 4.825182228995756883e-01
3.203200000000000000e+04 4.824935289461976251e-01
3.203600000000000000e+04 4.824677198770797037e-01
3.204000000000000000e+04 4.824410120172423211e-01
3.204400000000000000e+04 4.824129782045090131e-01
3.204800000000000000e+04 4.823826989290360134e-01
3.205200000000000000e+04 4.823545806860769503e-01
3.205600000000000000e+04 4.823249117156177546e-01
3.206000000000000000e+04 4.822974362420825445e-01
3.206400000000000000e+04 4.822613471725814560e-01
3.206800000000000000e+04 4.822408920350769734e-01
3.207200000000000000e+04 4.822128821290941891e-01
3.207600000000000000e+04 4.821768544600240625e-01
3.208000000000000000e+04 4.821566961347746871e-01
3.208400000000000000e+04 4.821275056722353902e-01
3.208800000000000000e+04 4.821058106793568165e-01
3.209200000000000000e+04 4.820738662845889810e-01
3.209600000000000000e+04 4.820460702761970029e-01
3.300000000000000000e+04 4.757790353562247887e-01
3.300400000000000000e+04 4.757517899935367334e-01
3.300800000000000000e+04 4.757230821057015224e-01
3.301200000000000000e+04 4.756953226519254896e-01
3.301600000000000000e+04 4.756706479217924222e-01
3.302000000000000000e+04 4.756457216093807894e-01
3.302400000000000000e+04 4.756163705445644596e-01
3.302800000000000000e+04 4.755878892292719207e-01
3.303200000000000000e+04 4.755659562123497608e-01
3.303600000000000000e+04 4.755331912614841894e-01
3.304000000000000000e+04 4.754998244707565047e-01
3.304400000000000000e+04 4.754725905336619762e-01
3.304800000000000000e+04 4.754490899635467893e-01
3.305200000000000000e+04 4.754265430150751426e-01
3.305600000000000000e+04 4.753989913805710121e-01
3.306000000000000000e+04 4.753710426821912693e-01
3.306400000000000000e+04 4.753474524456549610e-01
3.306800000000000000e+04 4.753263685703765229e-01
3.307200000000000000e+04 4.752987701162121326e-01
3.307600000000000000e+04 4.752716415678553408e-01
3.308000000000000000e+04 4.752459767042066519e-01
3.308400000000000000e+04 4.752185697730640923e-01
3.308800000000000000e+04 4.751933928354119541e-01
3.309200000000000000e+04 4.751647383869423424e-01
3.309600000000000000e+04 4.751417982570670939e-01
3.400000000000000000e+04 4.691500562492332271e-01
3.400400000000000000e+04 4.691238877585501288e-01
3.400800000000000000e+04 4.690949915941561854e-01
3.401200000000000000e+04 4.690666744051704140e-01
3.401600000000000000e+04 4.690456502999071353e-01
3.402000000000000000e+04 4.690124243737398002e-01
3.402400000000000000e+04 4.689905793315368165e-01
3.402800000000000000e+04 4.689667631687337024e-01
3.403200000000000000e+04 4.689362047353494711e-01
3.403600000000000000e+04 4.689058767900215474e-01
3.404000000000000000e+04 4.688880064745620246e-01
3.404400000000000000e+04 4.688561305433624482e-01
3.404800000000000000e+04 4.688339842547161185e-01
3.405200000000000000e+04 4.688079392991101879e-01
3.405600000000000000e+04 4.687782816167009314e-01
3.406000000000000000e+04 4.687548090165148951e-01
3.406400000000000000e+04 4.687292446509468968e-01
3.406800000000000000e+04 4.686996773999676513e-01
3.407200000000000000e+04 4.686767655002573862e-01
3.407600000000000000e+04 4.686521289764474241e-01
3.408000000000000000e+04 4.686246449307321926e-01
3.408400000000000000e+04 4.686010416129591238e-01
3.408800000000000000e+04 4.685739564409022173e-01
3.409200000000000000e+04 4.685511430877554173e-01
3.409600000000000000e+04 4.685280579454919603e-01
3.500000000000000000e+04 4.627661361438921706e-01
3.500400000000000000e+04 4.627391748279098271e-01
3.500800000000000000e+04 4.627081935209653163e-01
3.501200000000000000e+04 4.626832513232264077e-01
3.501600000000000000e+04 4.626595796886678325e-01
3.502000000000000000e+04 4.626359207650796446e-01
3.502400000000000000e+04 4.626131745955934238e-01
3.502800000000000000e+04 4.625853979061908539e-01
3.503200000000000000e+04 4.625610313996507128e-01
3.503600000000000000e+04 4.625332036652564094e-01
3.504000000000000000e+04 4.625093994845940748e-01
3.504400000000000000e+04 4.624859260256466431e-01
3.504800000000000000e+04 4.624605046773986872e-01
3.505200000000000000e+04 4.624375531150971552e-01
3.505600000000000000e+04 4.624088474991676634e-01
3.506000000000000000e+04 4.623837034351525599e-01
3.506400000000000000e+04 4.623599703736800404e-01
3.506800000000000000e+04 4.623377711074946328e-01
3.507200000000000000e+04 4.623162938450233739e-01
3.507600000000000000e+04 4.622897290987543206e-01
3.508000000000000000e+04 4.622638927963738653e-01
3.508400000000000000e+04 4.622416545952420242e-01
3.508800000000000000e+04 4.622158462331981688e-01
3.509200000000000000e+04 4.621943507422363595e-01
3.509600000000000000e+04 4.621754341451815851e-01
3.600000000000000000e+04 4.566462963916737561e-01
3.600400000000000000e+04 4.566232771946499014e-01
3.600800000000000000e+04 4.565972003038927807e-01
3.601200000000000000e+04 4.565709991214231822e-01
3.601600000000000000e+04 4.565464726512092897e-01
3.602000000000000000e+04 4.565234005823357588e-01
3.602400000000000000e+04 4.564969763474184816e-01
3.602800000000000000e+04 4.564695927328568659e-01
3.603200000000000000e+04 4.564451163575764525e-01
3.603600000000000000e+04 4.564236682731873107e-01
3.604000000000000000e+04 4.563990113334399079e-01
3.604400000000000000e+04 4.563830364250646698e-01
3.604800000000000000e+04 4.563589982858308192e-01
3.605200000000000000e+04 4.563342416501001697e-01
3.605600000000000000e+04 4.563159971625859179e-01
3.606000000000000000e+04 4.562957950608442781e-01
3.606400000000000000e+04 4.562724844980406980e-01
3.606800000000000000e+04 4.562470354889059387e-01
3.607200000000000000e+04 4.562239646810193339e-01
3.607600000000000000e+04 4.562000772884636235e-01
3.608000000000000000e+04 4.561789845502362550e-01
3.608400000000000000e+04 4.561532850416546436e-01
3.608800000000000000e+04 4.561268046291211409e-01
3.609200000000000000e+04 4.561067601300924923e-01
3.609600000000000000e+04 4.560826947591111180e-01
3.700000000000000000e+04 4.508244642980525629e-01
3.700400000000000000e+04 4.508049827854613278e-01
3.700800000000000000e+04 4.507811767132615111e-01
3.701200000000000000e+04 4.507536321344093877e-01
3.701600000000000000e+04 4.507305927520255939e-01
3.702000000000000000e+04 4.507138543865377711e-01
3.702400000000000000e+04 4.506868204387561860e-01
3.702800000000000000e+04 4.506583999240663108e-01
3.703200000000000000e+04 4.506365929793479386e-01
3.703600000000000000e+04 4.506110931514901718e-01
3.704000000000000000e+04 4.505878709085986422e-01
3.704400000000000000e+04 4.505665622446413665e-01
3.704800000000000000e+04 4.505462539682597578e-01
3.705200000000000000e+04 4.505249459267378076e-01
3.705600000000000000e+04 4.505007737135450219e-01
3.706000000000000000e+04 4.504825467636187075e-01
3.706400000000000000e+04 4.504630902112271573e-01
3.706800000000000000e+04 4.504346222827677049e-01
3.707200000000000000e+04 4.504118506001332789e-01
3.707600000000000000e+04 4.503906258774421079e-01
3.708000000000000000e+04 4.503725565598530323e-01
3.708400000000000000e+04 4.503488253009328979e-01
3.708800000000000000e+04 4.503285660178201200e-01
3.709200000000000000e+04 4.503046372004300690e-01
3.709600000000000000e+04 4.502816551632975450e-01
3.800000000000000000e+04 4.452313302905042125e-01
3.800400000000000000e+04 4.452099375682211924e-01
3.800800000000000000e+04 4.451921844765091008e-01
3.801200000000000000e+04 4.451690510163600067e-01
3.801600000000000000e+04 4.451485340049572415e-01
3.802000000000000000e+04 4.451289901966227758e-01
3.802400000000000000e+04 4.451056869837607954e-01
3.802800000000000000e+04 4.450865300336262487e-01
3.803200000000000000e+04 4.450666249062185664e-01
3.803600000000000000e+04 4.450487390309739721e-01
3.804000000000000000e+04 4.450237530269809394e-01
3.804400000000000000e+04 4.450021873302262843e-01
3.804800000000000000e+04 4.449791118979832261e-01
3.805200000000000000e+04 4.449543475102410994e-01
3.805600000000000000e+04 4.449356337895620239e-01
3.806000000000000000e+04 4.449062964325513070e-01
3.806400000000000000e+04 4.448815668940349077e-01
3.806800000000000000e+04 4.448553601033773397e-01
3.807200000000000000e+04 4.448282529397559193e-01
3.807600000000000000e+04 4.448099329021347748e-01
3.808000000000000000e+04 4.447846165961604759e-01
3.808400000000000000e+04 4.447649610316291025e-01
3.808800000000000000e+04 4.447441352332365261e-01
3.809200000000000000e+04 4.447233381135088370e-01
3.809600000000000000e+04 4.447008141466352593e-01
3.900000000000000000e+04 4.397955142013402763e-01
3.900400000000000000e+04 4.397770770348875535e-01
3.900800000000000000e+04 4.397595684126286986e-01
3.901200000000000000e+04 4.397382897556429415e-01
3.901600000000000000e+04 4.397178956371201597e-01
3.902000000000000000e+04 4.396960244718956523e-01
3.902400000000000000e+04 4.396749629335672260e-01
3.902800000000000000e+04 4.396557297459279812e-01
3.903200000000000000e+04 4.396355523470669158e-01
3.903600000000000000e+04 4.396159708590683945e-01
3.904000000000000000e+04 4.395971937917367844e-01
3.904400000000000000e+04 4.395771156950313840e-01
3.904800000000000000e+04 4.395510760574699582e-01
3.905200000000000000e+04 4.395309026991241486e-01
3.905600000000000000e+04 4.395138588707995786e-01
3.906000000000000000e+04 4.394974300513717624e-01
3.906400000000000000e+04 4.394787850975233612e-01
3.906800000000000000e+04 4.394562443582972211e-01
3.907200000000000000e+04 4.394350401921665039e-01
3.907600000000000000e+04 4.394070275933678049e-01
3.908000000000000000e+04 4.393874172323569693e-01
3.908400000000000000e+04 4.393660560385710401e-01
3.908800000000000000e+04 4.393471008513182841e-01
3.909200000000000000e+04 4.393226131993863692e-01
3.909600000000000000e+04 4.392996280676450538e-01
4.000000000000000000e+04 4.345845426103805975e-01
4.000400000000000000e+04 4.345651861282326944e-01
4.000800000000000000e+04 4.345362050758134753e-01
4.001200000000000000e+04 4.345148530051982094e-01
4.001600000000000000e+04 4.344945677900366454e-01
4.002000000000000000e+04 4.344713569963289945e-01
4.002400000000000000e+04 4.344514740094819194e-01
4.002800000000000000e+04 4.344293938536176181e-01
4.003200000000000000e+04 4.344092563122267658e-01
4.003600000000000000e+04 4.343902839056859588e-01
4.004000000000000000e+04 4.343728964488189903e-01
4.004400000000000000e+04 4.343525875913961110e-01
4.004800000000000000e+04 4.343316600593075116e-01
4.005200000000000000e+04 4.343118002770137709e-01
4.005600000000000000e+04 4.342929568517570060e-01
4.006000000000000000e+04 4.342727264852215274e-01
4.006400000000000000e+04 4.342511716290049506e-01
4.006800000000000000e+04 4.342325761861690059e-01
4.007200000000000000e+04 4.342146166080024794e-01
4.007600000000000000e+04 4.341951098243719276e-01
4.008000000000000000e+04 4.341780801683986502e-01
4.008400000000000000e+04 4.341544857598014229e-01
4.008800000000000000e+04 4.341304044145146146e-01
4.009200000000000000e+04 4.341089479668469031e-01
4.009600000000000000e+04 4.340888500881750489e-01
4.100000000000000000e+04 4.295617751719612021e-01
4.100400000000000000e+04 4.295397547002078875e-01
4.100800000000000000e+04 4.295186090580321858e-01
4.101200000000000000e+04 4.295018292675503169e-01
4.101600000000000000e+04 4.294821350975971397e-01
4.102000000000000000e+04 4.294622230063432355e-01
4.102400000000000000e+04 4.294397837646584670e-01
4.102800000000000000e+04 4.294188762879970200e-01
4.103200000000000000e+04 4.293954970335889243e-01
4.103600000000000000e+04 4.293754896635187390e-01
4.104000000000000000e+04 4.293564097402034485e-01
4.104400000000000000e+04 4.293400689194408204e-01
4.104800000000000000e+04 4.293176670044206999e-01
4.105200000000000000e+04 4.292999529425212679e-01
4.105600000000000000e+04 4.292823096536528826e-01
4.106000000000000000e+04 4.292638520117847412e-01
4.106400000000000000e+04 4.292426104475616233e-01
4.106800000000000000e+04 4.292242044598599815e-01
4.107200000000000000e+04 4.292042707040576999e-01
4.107600000000000000e+04 4.291845615493068977e-01
4.108000000000000000e+04 4.291660755427950114e-01
4.108400000000000000e+04 4.291459807720738873e-01
4.108800000000000000e+04 4.291262399762880153e-01
4.109200000000000000e+04 4.291087640367727274e-01
4.109600000000000000e+04 4.290896530208498372e-01
4.200000000000000000e+04 4.247573879763093530e-01
4.200400000000000000e+04 4.247380957899120069e-01
4.200800000000000000e+04 4.247177732771609260e-01
4.201200000000000000e+04 4.246982684082166171e-01
4.201600000000000000e+04 4.246739332571765058e-01
4.202000000000000000e+04 4.246524934982778832e-01
4.202400000000000000e+04 4.246353649939061947e-01
4.202800000000000000e+04 4.246193295655254496e-01
4.203200000000000000e+04 4.246006830331667814e-01
4.203600000000000000e+04 4.245796815560920479e-01
4.204000000000000000e+04 4.245579651249931086e-01
4.204400000000000000e+04 4.245394733720404545e-01
4.204800000000000000e+04 4.245228635176995224e-01
4.205200000000000000e+04 4.245033635626287993e-01
4.205600000000000000e+04 4.244825395990116101e-01
4.206000000000000000e+04 4.244690629817534644e-01
4.206400000000000000e+04 4.244539896468764728e-01
4.206800000000000000e+04 4.244297272823355227e-01
4.207200000000000000e+04 4.244082571823796224e-01
4.207600000000000000e+04 4.243888031924305526e-01
4.208000000000000000e+04 4.243664146391049607e-01
4.208400000000000000e+04 4.243521908536671550e-01
4.208800000000000000e+04 4.243328988443119676e-01
4.209200000000000000e+04 4.243171015483735431e-01
4.209600000000000000e+04 4.242975813499870186e-01
4.300000000000000000e+04 4.200980506320791674e-01
4.300400000000000000e+04 4.200806675062943030e-01
4.300800000000000000e+04 4.200578483754811021e-01
4.301200000000000000e+04 4.200431834064657921e-01
4.301600000000000000e+04 4.200228784490761536e-01
4.302000000000000000e+04 4.200064363383000932e-01
4.302400000000000000e+04 4.199829868880509132e-01
4.302800000000000000e+04 4.199640095400459794e-01
4.303200000000000000e+04 4.199445175919633289e-01
4.303600000000000000e+04 4.199273702538652842e-01
4.304000000000000000e+04 4.199093968330009918e-01
4.304400000000000000e+04 4.198879452950527447e-01
4.304800000000000000e+04 4.198695212783660757e-01
4.305200000000000000e+04 4.198542003425111968e-01
4.305600000000000000e+04 4.198346875676498557e-01
4.306000000000000000e+04 4.198163440216611808e-01
4.306400000000000000e+04 4.197994159726896601e-01
4.306800000000000000e+04 4.197832914161716555e-01
4.307200000000000000e+04 4.197633007448702824e-01
4.307600000000000000e+04 4.197436993512973502e-01
4.308000000000000000e+04 4.197268505134305605e-01
4.308400000000000000e+04 4.197123459436225557e-01
4.308800000000000000e+04 4.196940840622457314e-01
4.309200000000000000e+04 4.196758282624570846e-01
4.309600000000000000e+04 4.196576639757382821e-01
4.400000000000000000e+04 4.155748611201978693e-01
4.400400000000000000e+04 4.155526073063712245e-01
4.400800000000000000e+04 4.155375821472235831e-01
4.401200000000000000e+04 4.155198796005016293e-01
4.401600000000000000e+04 4.155034148696025720e-01
4.402000000000000000e+04 4.154824544460911095e-01
4.402400000000000000e+04 4.154672268831831605e-01
4.402800000000000000e+04 4.154516368734281762e-01
4.403200000000000000e+04 4.154364520498244340e-01
4.403600000000000000e+04 4.154172581278897103e-01
4.404000000000000000e+04 4.153975993041343906e-01
4.404400000000000000e+04 4.153818432248044812e-01
4.404800000000000000e+04 4.153621174214418565e-01
4.405200000000000000e+04 4.153461825151400499e-01
4.405600000000000000e+04 4.153267049501205843e-01
4.406000000000000000e+04 4.153090263322976594e-01
4.406400000000000000e+04 4.152935804534973463e-01
4.406800000000000000e+04 4.152772654985890100e-01
4.407200000000000000e+04 4.152578414674711338e-01
4.407600000000000000e+04 4.152406496279771875e-01
4.408000000000000000e+04 4.152241590671139626e-01
4.408400000000000000e+04 4.152044954453772974e-01
4.408800000000000000e+04 4.151878376856089070e-01
4.409200000000000000e+04 4.151686366949638440e-01
4.409600000000000000e+04 4.151529680288883473e-01
4.500000000000000000e+04 4.112073432315384025e-01
4.500400000000000000e+04 4.111881970104077633e-01
4.500800000000000000e+04 4.111701818987447132e-01
4.501200000000000000e+04 4.111500723858678152e-01
4.501600000000000000e+04 4.111367106023838258e-01
4.502000000000000000e+04 4.111182646216988146e-01
4.502400000000000000e+04 4.111009868049794735e-01
4.502800000000000000e+04 4.110841535809073855e-01
4.503200000000000000e+04 4.110666649596886324e-01
4.503600000000000000e+04 4.110524618443278655e-01
4.504000000000000000e+04 4.110363296577689840e-01
4.504400000000000000e+04 4.110217911225833576e-01
4.504800000000000000e+04 4.110009468278145728e-01
4.505200000000000000e+04 4.109847820758728565e-01
4.505600000000000000e+04 4.109697287000617094e-01
4.506000000000000000e+04 4.109508678428586137e-01
4.506400000000000000e+04 4.109300238096132429e-01
4.506800000000000000e+04 4.109119820105035514e-01
4.507200000000000000e+04 4.108935540296042022e-01
4.507600000000000000e+04 4.108801959851981489e-01
4.508000000000000000e+04 4.108613927491103768e-01
4.508400000000000000e+04 4.108453441466370926e-01
4.508800000000000000e+04 4.108247202437586565e-01
4.509200000000000000e+04 4.108074387304006536e-01
4.509600000000000000e+04 4.107895207429547169e-01
4.600000000000000000e+04 4.069978207652762414e-01
4.600400000000000000e+04 4.069843539871531024e-01
4.600800000000000000e+04 4.069671713280124670e-01
4.601200000000000000e+04 4.069496141923643062e-01
4.601600000000000000e+04 4.069269140340699420e-01
4.602000000000000000e+04 4.069095885344778396e-01
4.602400000000000000e+04 4.068893184897496851e-01
4.602800000000000000e+04 4.068730439286616929e-01
4.603200000000000000e+04 4.068568165314136453e-01
4.603600000000000000e+04 4.068403933805523343e-01
4.604000000000000000e+04 4.068235634864939554e-01
4.604400000000000000e+04 4.068100476260310683e-01
4.604800000000000000e+04 4.067900103701926340e-01
4.605200000000000000e+04 4.067730558626632131e-01
4.605600000000000000e+04 4.067553322456716747e-01
4.606000000000000000e+04 4.067396097108891273e-01
4.606400000000000000e+04 4.067220931490579394e-01
4.606800000000000000e+04 4.067056062167185293e-01
4.607200000000000000e+04 4.066887481735945165e-01
4.607600000000000000e+04 4.066744055650179934e-01
4.608000000000000000e+04 4.066567415849060008e-01
4.608400000000000000e+04 4.066362911294753024e-01
4.608800000000000000e+04 4.066211588779852226e-01
4.609200000000000000e+04 4.066059225080643214e-01
4.609600000000000000e+04 4.065861221860088137e-01
4.700000000000000000e+04 4.028811349052650037e-01
4.700400000000000000e+04 4.028669732151724525e-01
4.700800000000000000e+04 4.028523421166722573e-01
4.701200000000000000e+04 4.028341861679655689e-01
4.701600000000000000e+04 4.028173204150347075e-01
4.702000000000000000e+04 4.027999841015623139e-01
4.702400000000000000e+04 4.027809564071670456e-01
4.702800000000000000e+04 4.027676578299106414e-01
4.703200000000000000e+04 4.027500403001279539e-01
4.703600000000000000e+04 4.027347027570653548e-01
4.704000000000000000e+04 4.027173769877087084e-01
4.704400000000000000e+04 4.027019157754494483e-01
4.704800000000000000e+04 4.026816467475594630e-01
4.705200000000000000e+04 4.026615429936216128e-01
4.705600000000000000e+04 4.026469920945684455e-01
4.706000000000000000e+04 4.026319671631383712e-01
4.706400000000000000e+04 4.026152759669734960e-01
4.706800000000000000e+04 4.026016774884089156e-01
4.707200000000000000e+04 4.025855722747013754e-01
4.707600000000000000e+04 4.025676505340589628e-01
4.708000000000000000e+04 4.025477708677629440e-01
4.708400000000000000e+04 4.025289029308300459e-01
4.708800000000000000e+04 4.025112997479783350e-01
4.709200000000000000e+04 4.024959859226253100e-01
4.709600000000000000e+04 4.024825024504769533e-01
4.800000000000000000e+04 3.988760109488328487e-01
4.800400000000000000e+04 3.988588106511795073e-01
4.800800000000000000e+04 3.988442734725076155e-01
4.801200000000000000e+04 3.988301769657391360e-01
4.801600000000000000e+04 3.988145903164871942e-01
4.802000000000000000e+04 3.988000352083423405e-01
4.802400000000000000e+04 3.987832377375965520e-01
4.802800000000000000e+04 3.987666555708315741e-01
4.803200000000000000e+04 3.987483984305690843e-01
4.803600000000000000e+04 3.987355431297250341e-01
4.804000000000000000e+04 3.987197488668314804e-01
4.804400000000000000e+04 3.987047257981924386e-01
4.804800000000000000e+04 3.986925800694266497e-01
4.805200000000000000e+04 3.986781286265038138e-01
4.805600000000000000e+04 3.986583501833360632e-01
4.806000000000000000e+04 3.986431881357830331e-01
4.806400000000000000e+04 3.986290666517294246e-01
4.806800000000000000e+04 3.986148950299155946e-01
4.807200000000000000e+04 3.986015201255951879e-01
4.807600000000000000e+04 3.985881463161063398e-01
4.808000000000000000e+04 3.985737276962503794e-01
4.808400000000000000e+04 3.985595932598822166e-01
4.808800000000000000e+04 3.985425738718526012e-01
4.809200000000000000e+04 3.985276206760563489e-01
4.809600000000000000e+04 3.985133457457584738e-01
4.900000000000000000e+04 3.949987419112910847e-01
4.900400000000000000e+04 3.949847708570851657e-01
4.900800000000000000e+04 3.949715767309120440e-01
4.901200000000000000e+04 3.949581632520685615e-01
4.901600000000000000e+04 3.949428258734019592e-01
4.902000000000000000e+04 3.949308100140615507e-01
4.902400000000000000e+04 3.949164101442240726e-01
4.902800000000000000e+04 3.949019931455582944e-01
4.903200000000000000e+04 3.948847830452247853e-01
4.903600000000000000e+04 3.948700531014902593e-01
4.904000000000000000e+04 3.948541507906965231e-01
4.904400000000000000e+04 3.948378528972034118e-01
4.904800000000000000e+04 3.948197838718003894e-01
4.905200000000000000e+04 3.948022788081057555e-01
4.905600000000000000e+04 3.947874734006252551e-01
4.906000000000000000e+04 3.947766778403750676e-01
4.906400000000000000e+04 3.947606631667073818e-01
4.906800000000000000e+04 3.947436808245480822e-01
4.907200000000000000e+04 3.947260852438370660e-01
4.907600000000000000e+04 3.947075827333405562e-01
4.908000000000000000e+04 3.946938828078230821e-01
4.908400000000000000e+04 3.946800689173936560e-01
4.908800000000000000e+04 3.946663745802351242e-01
4.909200000000000000e+04 3.946519908394612308e-01
4.909600000000000000e+04 3.946355558345779335e-01
5.000000000000000000e+04 3.912634674250122790e-01
5.000400000000000000e+04 3.912491765927545995e-01
5.000800000000000000e+04 3.912360511600230240e-01
5.001200000000000000e+04 3.912200836721416164e-01
5.001600000000000000e+04 3.912057470782243640e-01
5.002000000000000000e+04 3.911892123017544076e-01
5.002400000000000000e+04 3.911803773685598729e-01
5.002800000000000000e+04 3.911633209568111114e-01
5.003200000000000000e+04 3.911477852125586629e-01
5.003600000000000000e+04 3.911286367022401844e-01
5.004000000000000000e+04 3.911107018976810457e-01
5.004400000000000000e+04 3.910962359480481543e-01
5.004800000000000000e+04 3.910815802594536095e-01
5.005200000000000000e+04 3.910681468325693522e-01
5.005600000000000000e+04 3.910529315348623691e-01
5.006000000000000000e+04 3.910417588041215642e-01
5.006400000000000000e+04 3.910261346014139994e-01
5.006800000000000000e+04 3.910120271036203188e-01
5.007200000000000000e+04 3.909935621186445553e-01
5.007600000000000000e+04 3.909773198604263866e-01
5.008000000000000000e+04 3.909612619489979402e-01
5.008400000000000000e+04 3.909443035137568079e-01
5.008800000000000000e+04 3.909236755967309684e-01
5.009200000000000000e+04 3.909087853860985229e-01
5.009600000000000000e+04 3.908938018651850754e-01
5.100000000000000000e+04 3.876357144534870458e-01
5.100400000000000000e+04 3.876207341863878164e-01
5.100800000000000000e+04 3.876074143120468163e-01
5.101200000000000000e+04 3.875920267902842609e-01
5.101600000000000000e+04 3.875782219260256456e-01
5.102000000000000000e+04 3.875678005799001458e-01
5.102400000000000000e+04 3.875495859920953801e-01
5.102800000000000000e+04 3.875356470104269202e-01
5.103200000000000000e+04 3.875186244785615575e-01
5.103600000000000000e+04 3.875045739254585064e-01
5.104000000000000000e+04 3.874912852579444067e-01
5.104400000000000000e+04 3.874758201118588818e-01
5.104800000000000000e+04 3.874631481063091631e-01
5.105200000000000000e+04 3.874516483045841175e-01
5.105600000000000000e+04 3.874378816964690886e-01
5.106000000000000000e+04 3.874235533266231490e-01
5.106400000000000000e+04 3.874081648708004311e-01
5.106800000000000000e+04 3.873916808411531632e-01
5.107200000000000000e+04 3.873770986054687615e-01
5.107600000000000000e+04 3.873632121331622158e-01
5.108000000000000000e+04 3.873525441120657109e-01
5.108400000000000000e+04 3.873343502317521114e-01
5.108800000000000000e+04 3.873202365197670471e-01
5.109200000000000000e+04 3.873068090173692468e-01
5.109600000000000000e+04 3.872907201169311087e-01
5.200000000000000000e+04 3.841004162330870497e-01
5.200400000000000000e+04 3.840829248321230294e-01
5.200800000000000000e+04 3.840692696470374146e-01
5.201200000000000000e+04 3.840548692261174235e-01
5.201600000000000000e+04 3.840411455954537701e-01
5.202000000000000000e+04 3.840257492115669580e-01
5.202400000000000000e+04 3.840099550893294467e-01
5.202800000000000000e+04 3.839934149409467423e-01
5.203200000000000000e+04 3.839794990592150792e-01
5.203600000000000000e+04 3.839691849919781297e-01
5.204000000000000000e+04 3.839542071902368736e-01
5.204400000000000000e+04 3.839397388023392255e-01
5.204800000000000000e+04 3.839273029044148466e-01
5.205200000000000000e+04 3.839124315920933173e-01
5.205600000000000000e+04 3.838966868040983305e-01
5.206000000000000000e+04 3.838850599572771194e-01
5.206400000000000000e+04 3.838729005317584320e-01
5.206800000000000000e+04 3.838598377112348858e-01
5.207200000000000000e+04 3.838474308869517793e-01
5.207600000000000000e+04 3.838337074846235319e-01
5.208000000000000000e+04 3.838175747960592687e-01
5.208400000000000000e+04 3.838030834212667330e-01
5.208800000000000000e+04 3.837887011752628696e-01
5.209200000000000000e+04 3.837776428352328573e-01
5.209600000000000000e+04 3.837651104055492812e-01
5.300000000000000000e+04 3.806602722155579266e-01
5.300400000000000000e+04 3.806421040218343488e-01
5.300800000000000000e+04 3.806254386392040612e-01
5.301200000000000000e+04 3.806137126494092970e-01
5.301600000000000000e+04 3.806000255106683494e-01
5.302000000000000000e+04 3.805862569753145075e-01
5.302400000000000000e+04 3.805694050566802433e-01
5.302800000000000000e+04 3.805560903644124582e-01
5.303200000000000000e+04 3.805408117866081463e-01
5.303600000000000000e+04 3.805274124662557655e-01
5.304000000000000000e+04 3.805133467956604565e-01
5.304400000000000000e+04 3.804967085956436623e-01
5.304800000000000000e+04 3.804847452528328233e-01
5.305200000000000000e+04 3.804690817442502038e-01
5.305600000000000000e+04 3.804562523504244620e-01
5.306000000000000000e+04 3.804403674420283044e-01
5.306400000000000000e+04 3.804254702508795272e-01
5.306800000000000000e+04 3.804156668994435053e-01
5.307200000000000000e+04 3.803994179650702634e-01
5.307600000000000000e+04 3.803851504096293912e-01
5.308000000000000000e+04 3.803715257025003793e-01
5.308400000000000000e+04 3.803587171337038941e-01
5.308800000000000000e+04 3.803444091855870957e-01
5.309200000000000000e+04 3.803303209245925687e-01
5.309600000000000000e+04 3.803180961009794414e-01
5.400000000000000000e+04 3.772727205495780556e-01
5.400400000000000000e+04 3.772603237873276005e-01
5.400800000000000000e+04 3.772477905771092765e-01
5.401200000000000000e+04 3.772348052636371740e-01
5.401600000000000000e+04 3.772202531138015846e-01
5.402000000000000000e+04 3.772081731817475414e-01
5.402400000000000000e+04 3.771968864544249511e-01
5.402800000000000000e+04 3.771805598666283510e-01
5.403200000000000000e+04 3.771678311116907767e-01
5.403600000000000000e+04 3.771530273347982742e-01
5.404000000000000000e+04 3.771394833192078799e-01
5.404400000000000000e+04 3.771228121961697766e-01
5.404800000000000000e+04 3.771070612868847594e-01
5.405200000000000000e+04 3.770929148853643942e-01
5.405600000000000000e+04 3.770820087318316749e-01
5.406000000000000000e+04 3.770673734187105497e-01
5.406400000000000000e+04 3.770526683084016173e-01
5.406800000000000000e+04 3.770392846629339600e-01
5.407200000000000000e+04 3.770282197290492632e-01
5.407600000000000000e+04 3.770165437479268689e-01
5.408000000000000000e+04 3.770022103978685202e-01
5.408400000000000000e+04 3.769887923040902700e-01
5.408800000000000000e+04 3.769771725037212029e-01
5.409200000000000000e+04 3.769594383657209336e-01
5.409600000000000000e+04 3.769471446645588641e-01
5.500000000000000000e+04 3.740249145783444695e-01
5.500400000000000000e+04 3.740120001099905278e-01
5.500800000000000000e+04 3.740013864732792404e-01
5.501200000000000000e+04 3.739899987466059339e-01
5.501600000000000000e+04 3.739788023722434573e-01
5.502000000000000000e+04 3.739647616117813822e-01
5.502400000000000000e+04 3.739494542537312727e-01
5.502800000000000000e+04 3.739353396645842542e-01
5.503200000000000000e+04 3.739222690087003476e-01
5.503600000000000000e+04 3.739110007596257446e-01
5.504000000000000000e+04 3.738972069618742289e-01
5.504400000000000000e+04 3.738856223211846075e-01
5.504800000000000000e+04 3.738739415883641226e-01
5.505200000000000000e+04 3.738612813815635483e-01
5.505600000000000000e+04 3.738514913315864052e-01
5.506000000000000000e+04 3.738396230205091597e-01
5.506400000000000000e+04 3.738266154233044203e-01
5.506800000000000000e+04 3.738107228279876071e-01
5.507200000000000000e+04 3.737980826274921453e-01
5.507600000000000000e+04 3.737842636444612676e-01
5.508000000000000000e+04 3.737729095217852127e-01
5.508400000000000000e+04 3.737608416853377968e-01
5.508800000000000000e+04 3.737486908750199399e-01
5.509200000000000000e+04 3.737352715093052447e-01
5.509600000000000000e+04 3.737218004750110234e-01
5.600000000000000000e+04 3.708845816266674311e-01
5.600400000000000000e+04 3.708700753726617561e-01
5.600800000000000000e+04 3.708588470603611520e-01
5.601200000000000000e+04 3.708490927826187944e-01
5.601600000000000000e+04 3.708405651779831946e-01
5.602000000000000000e+04 3.708273549471184927e-01
5.602400000000000000e+04 3.708167172966668756e-01
5.602800000000000000e+04 3.708043090352401427e-01
5.603200000000000000e+04 3.707908125412173739e-01
5.603600000000000000e+04 3.707756048009810401e-01
5.604000000000000000e+04 3.707635551328639645e-01
5.604400000000000000e+04 3.707512369112272999e-01
5.604800000000000000e+04 3.707413229730027737e-01
5.605200000000000000e+04 3.707308692496558700e-01
5.605600000000000000e+04 3.707184153742942301e-01
5.606000000000000000e+04 3.707076861548160851e-01
5.606400000000000000e+04 3.706938850271999653e-01
5.606800000000000000e+04 3.706810861048860373e-01
5.607200000000000000e+04 3.706704443118799541e-01
5.607600000000000000e+04 3.706562054173310194e-01
5.608000000000000000e+04 3.706445565958451649e-01
5.608400000000000000e+04 3.706299836482955246e-01
5.608800000000000000e+04 3.706166070443259741e-01
5.609200000000000000e+04 3.706042335291328538e-01
5.609600000000000000e+04 3.705917183331192133e-01
