1.600000000000000000e+01 3.435642633004638924e+01
1.700000000000000000e+01 3.332770066666613928e+01
1.800000000000000000e+01 3.216408540799199045e+01
1.900000000000000000e+01 2.865475184373243067e+01
2.000000000000000000e+01 2.458743075968925496e+01
2.100000000000000000e+01 2.245528118554106456e+01
2.200000000000000000e+01 2.129820348957245457e+01
2.300000000000000000e+01 2.096370797553320386e+01
2.400000000000000000e+01 2.026785473477780641e+01
2.500000000000000000e+01 1.919742577872139577e+01
2.600000000000000000e+01 1.861418596665563996e+01
2.700000000000000000e+01 1.805803763795692873e+01
2.800000000000000000e+01 1.769239978273804326e+01
2.900000000000000000e+01 1.746179047832245246e+01
3.000000000000000000e+01 1.689263690795389650e+01
3.100000000000000000e+01 1.632173101380689673e+01
3.200000000000000000e+01 1.593204117674778786e+01
3.300000000000000000e+01 1.538644806645970675e+01
3.400000000000000000e+01 1.513527147473773482e+01
3.500000000000000000e+01 1.487473354386602864e+01
3.600000000000000000e+01 1.463084277036709580e+01
3.700000000000000000e+01 1.405730696915462019e+01
3.800000000000000000e+01 1.398384819594627793e+01
3.900000000000000000e+01 1.380269620161391231e+01
4.000000000000000000e+01 1.361637034431962334e+01
4.100000000000000000e+01 1.314965268998686554e+01
4.200000000000000000e+01 1.313019528091232857e+01
4.300000000000000000e+01 1.297180691176380307e+01
4.400000000000000000e+01 1.279674575242191104e+01
4.500000000000000000e+01 1.241068601909936397e+01
4.600000000000000000e+01 1.239052538197076458e+01
4.700000000000000000e+01 1.226475992680183680e+01
4.800000000000000000e+01 1.211614586889627354e+01
4.900000000000000000e+01 1.179142367712321438e+01
5.000000000000000000e+01 1.177262376025988644e+01
5.100000000000000000e+01 1.165770970925675165e+01
5.200000000000000000e+01 1.153905994631671916e+01
5.300000000000000000e+01 1.125955831875505986e+01
5.400000000000000000e+01 1.124490907945825491e+01
5.500000000000000000e+01 1.114380907142614063e+01
5.600000000000000000e+01 1.104125072760134074e+01
5.700000000000000000e+01 1.079839949559141132e+01
5.800000000000000000e+01 1.078311687163865784e+01
5.900000000000000000e+01 1.068979647552795242e+01
6.000000000000000000e+01 1.060629304606041146e+01
6.100000000000000000e+01 1.039053945309309945e+01
6.200000000000000000e+01 1.037892485255897412e+01
6.300000000000000000e+01 1.029173907909778407e+01
6.400000000000000000e+01 1.022095702291983699e+01
6.500000000000000000e+01 1.002720050707359967e+01
6.600000000000000000e+01 1.001421912408732595e+01
6.700000000000000000e+01 9.938391626204060358e+00
6.800000000000000000e+01 9.877789043512660072e+00
6.900000000000000000e+01 9.703169159264181332e+00
7.000000000000000000e+01 9.689885560645066676e+00
7.100000000000000000e+01 9.623012984757329136e+00
7.200000000000000000e+01 9.568261762219412603e+00
7.300000000000000000e+01 9.410089004291688042e+00
7.400000000000000000e+01 9.373428044222730904e+00
7.500000000000000000e+01 9.337825606519366772e+00
7.600000000000000000e+01 9.287443481162510395e+00
7.700000000000000000e+01 9.143583038110053351e+00
7.800000000000000000e+01 9.110482358902771693e+00
7.900000000000000000e+01 9.091397655334393590e+00
8.000000000000000000e+01 9.045779993485570714e+00
8.100000000000000000e+01 8.923515810468447995e+00
8.200000000000000000e+01 8.867933886787861653e+00
8.300000000000000000e+01 8.856451833200026158e+00
8.400000000000000000e+01 8.804358105752097430e+00
8.500000000000000000e+01 8.698021159293624294e+00
8.600000000000000000e+01 8.681546683104723883e+00
8.700000000000000000e+01 8.632284619806315007e+00
8.800000000000000000e+01 8.603769878217050859e+00
8.900000000000000000e+01 8.489126434419389966e+00
9.000000000000000000e+01 8.446892019301783350e+00
9.100000000000000000e+01 8.435610825155634984e+00
9.200000000000000000e+01 8.390151688602436764e+00
9.300000000000000000e+01 8.273904730081213188e+00
9.400000000000000000e+01 8.275440244892863006e+00
9.500000000000000000e+01 8.227363807272642049e+00
9.600000000000000000e+01 8.209085406448128452e+00
9.700000000000000000e+01 8.120548848239089068e+00
9.800000000000000000e+01 8.097036089767515321e+00
9.900000000000000000e+01 8.064284466599829670e+00
1.000000000000000000e+03 2.632211659574597906e+00
1.001000000000000000e+03 2.629095047111190020e+00
1.002000000000000000e+03 2.628213412779192737e+00
1.003000000000000000e+03 2.627716787892122596e+00
1.004000000000000000e+03 2.626906296992007839e+00
1.005000000000000000e+03 2.625666475799691923e+00
1.006000000000000000e+03 2.623251631165863795e+00
1.007000000000000000e+03 2.623059018282318799e+00
1.008000000000000000e+03 2.622367988036354625e+00
1.009000000000000000e+03 2.619307996343873679e+00
1.010000000000000000e+03 2.618526840559715296e+00
1.011000000000000000e+03 2.617974959230489951e+00
1.012000000000000000e+03 2.617160419746735300e+00
1.013000000000000000e+03 2.615923712953208913e+00
1.014000000000000000e+03 2.613613491785103715e+00
1.015000000000000000e+03 2.613367139515987869e+00
1.016000000000000000e+03 2.612669201627589644e+00
1.017000000000000000e+03 2.609759256100932845e+00
1.018000000000000000e+03 2.608813960133697485e+00
1.019000000000000000e+03 2.608306354236572311e+00
1.020000000000000000e+03 2.607509077664381003e+00
1.021000000000000000e+03 2.606292829734297101e+00
1.022000000000000000e+03 2.604095717817043631e+00
1.023000000000000000e+03 2.603792462477563241e+00
1.024000000000000000e+03 2.603087241236372140e+00
1.025000000000000000e+03 2.600202913267243510e+00
1.026000000000000000e+03 2.599352332510513008e+00
1.027000000000000000e+03 2.598792296907392441e+00
1.028000000000000000e+03 2.597987187822075050e+00
1.029000000000000000e+03 2.596773761490233756e+00
1.030000000000000000e+03 2.594433688674356198e+00
1.031000000000000000e+03 2.594248506663615839e+00
1.032000000000000000e+03 2.593582282002789174e+00
1.033000000000000000e+03 2.590628059281788076e+00
1.034000000000000000e+03 2.589790621160972250e+00
1.035000000000000000e+03 2.589318186860802840e+00
1.036000000000000000e+03 2.588549073627950392e+00
1.037000000000000000e+03 2.587359231602621712e+00
1.038000000000000000e+03 2.585129938358726065e+00
1.039000000000000000e+03 2.584889313962253077e+00
1.040000000000000000e+03 2.584215961274389795e+00
1.041000000000000000e+03 2.581287730830851501e+00
1.042000000000000000e+03 2.580458962074174245e+00
1.043000000000000000e+03 2.579990236955377103e+00
1.044000000000000000e+03 2.579228566441287285e+00
1.045000000000000000e+03 2.578053730886212147e+00
1.046000000000000000e+03 2.575930589506719492e+00
1.047000000000000000e+03 2.575636869238066229e+00
1.048000000000000000e+03 2.574955120363298100e+00
1.049000000000000000e+03 2.572393374344454919e+00
1.050000000000000000e+03 2.571332483697325699e+00
1.051000000000000000e+03 2.570838313021379662e+00
1.052000000000000000e+03 2.570089609274194498e+00
1.053000000000000000e+03 2.568269658187966709e+00
1.054000000000000000e+03 2.566745587332053269e+00
1.055000000000000000e+03 2.566382298059297185e+00
1.056000000000000000e+03 2.565692665575646458e+00
1.057000000000000000e+03 2.563035314756882066e+00
1.058000000000000000e+03 2.562142528779082440e+00
1.059000000000000000e+03 2.561665176689128742e+00
1.060000000000000000e+03 2.560907762035996793e+00
1.061000000000000000e+03 2.559755140240469018e+00
1.062000000000000000e+03 2.557598760811954364e+00
1.063000000000000000e+03 2.557367154925461517e+00
1.064000000000000000e+03 2.556720071948267670e+00
1.065000000000000000e+03 2.554105824196062358e+00
1.066000000000000000e+03 2.553149681920577230e+00
1.067000000000000000e+03 2.552658904029166287e+00
1.068000000000000000e+03 2.551900740726972927e+00
1.069000000000000000e+03 2.550759010984092079e+00
1.070000000000000000e+03 2.548629042051425486e+00
1.071000000000000000e+03 2.548397015440623470e+00
1.072000000000000000e+03 2.547757662347462926e+00
1.073000000000000000e+03 2.545067272016439563e+00
1.074000000000000000e+03 2.544195660380732082e+00
1.075000000000000000e+03 2.543756347615676816e+00
1.076000000000000000e+03 2.543043443802889492e+00
1.077000000000000000e+03 2.541188126694860383e+00
1.078000000000000000e+03 2.539710142610941190e+00
1.079000000000000000e+03 2.539403502721877537e+00
1.080000000000000000e+03 2.538728526505360517e+00
1.081000000000000000e+03 2.536784403802814225e+00
1.082000000000000000e+03 2.535380356533329937e+00
1.083000000000000000e+03 2.535013604091515660e+00
1.084000000000000000e+03 2.534326879462903470e+00
1.085000000000000000e+03 2.532395148250014660e+00
1.086000000000000000e+03 2.531006957123092427e+00
1.087000000000000000e+03 2.530651985215256694e+00
1.088000000000000000e+03 2.529970090080301492e+00
1.089000000000000000e+03 2.528142322039889311e+00
1.090000000000000000e+03 2.526684009262953889e+00
1.091000000000000000e+03 2.526300800717634409e+00
1.092000000000000000e+03 2.525610436011947790e+00
1.093000000000000000e+03 2.523805520459550422e+00
1.094000000000000000e+03 2.522429754653673140e+00
1.095000000000000000e+03 2.522005711641886805e+00
1.096000000000000000e+03 2.521311296892017939e+00
1.097000000000000000e+03 2.519602186671958677e+00
1.098000000000000000e+03 2.518001418181636808e+00
1.099000000000000000e+03 2.517657252858231942e+00
2.000000000000000000e+03 1.902677657287023205e+00
2.001000000000000000e+03 1.901724114204166760e+00
2.002000000000000000e+03 1.901349607437942568e+00
2.003000000000000000e+03 1.901121811302294073e+00
2.004000000000000000e+03 1.900812857495707053e+00
2.005000000000000000e+03 1.900400565105820228e+00
2.006000000000000000e+03 1.899552799914652423e+00
2.007000000000000000e+03 1.899426798162646257e+00
2.008000000000000000e+03 1.899163996762404327e+00
2.009000000000000000e+03 1.898183611811791405e+00
2.010000000000000000e+03 1.897808293904656995e+00
2.011000000000000000e+03 1.897581889631464236e+00
2.012000000000000000e+03 1.897275293111843064e+00
2.013000000000000000e+03 1.896821065202412226e+00
2.014000000000000000e+03 1.896008615675089715e+00
2.015000000000000000e+03 1.895892664467080158e+00
2.016000000000000000e+03 1.895633819350540428e+00
2.017000000000000000e+03 1.894660381920519665e+00
2.018000000000000000e+03 1.894287705618567852e+00
2.019000000000000000e+03 1.894062584774384161e+00
2.020000000000000000e+03 1.893757954466845250e+00
2.021000000000000000e+03 1.893350248648008716e+00
2.022000000000000000e+03 1.892542235273793949e+00
2.023000000000000000e+03 1.892397024475738210e+00
2.024000000000000000e+03 1.892131175573545043e+00
2.025000000000000000e+03 1.891160184197548055e+00
2.026000000000000000e+03 1.890788619612627341e+00
2.027000000000000000e+03 1.890564141408041188e+00
2.028000000000000000e+03 1.890261346828409739e+00
2.029000000000000000e+03 1.889855857228846858e+00
2.030000000000000000e+03 1.889052541877429103e+00
2.031000000000000000e+03 1.888908290063632922e+00
2.032000000000000000e+03 1.888643373289725425e+00
2.033000000000000000e+03 1.887634825548882844e+00
2.034000000000000000e+03 1.887295700063686965e+00
2.035000000000000000e+03 1.887094242799846056e+00
2.036000000000000000e+03 1.886805901826834386e+00
2.037000000000000000e+03 1.886158131236934210e+00
2.038000000000000000e+03 1.885581272684054177e+00
2.039000000000000000e+03 1.885398379412045244e+00
2.040000000000000000e+03 1.885119643184143268e+00
2.041000000000000000e+03 1.884436305532157796e+00
2.042000000000000000e+03 1.883850349830764825e+00
2.043000000000000000e+03 1.883667621535469738e+00
2.044000000000000000e+03 1.883384782960271453e+00
2.045000000000000000e+03 1.882708709857542351e+00
2.046000000000000000e+03 1.882131709837442823e+00
2.047000000000000000e+03 1.881963672660676323e+00
2.048000000000000000e+03 1.881695022845031540e+00
2.049000000000000000e+03 1.880772419801443940e+00
2.050000000000000000e+03 1.880409314271699550e+00
2.051000000000000000e+03 1.880188546278821926e+00
2.052000000000000000e+03 1.879892113654777708e+00
2.053000000000000000e+03 1.879493079701694214e+00
2.054000000000000000e+03 1.878703491866999364e+00
2.055000000000000000e+03 1.878561635283697795e+00
2.056000000000000000e+03 1.878300484509233037e+00
2.057000000000000000e+03 1.877353021551233070e+00
2.058000000000000000e+03 1.876988804219547724e+00
2.059000000000000000e+03 1.876783146919645429e+00
2.060000000000000000e+03 1.876497459770456233e+00
2.061000000000000000e+03 1.875859253058752785e+00
2.062000000000000000e+03 1.875291820121707254e+00
2.063000000000000000e+03 1.875111748200778639e+00
2.064000000000000000e+03 1.874837453738425141e+00
2.065000000000000000e+03 1.874166189239190317e+00
2.066000000000000000e+03 1.873589977874486889e+00
2.067000000000000000e+03 1.873410195079241003e+00
2.068000000000000000e+03 1.873132580965594984e+00
2.069000000000000000e+03 1.872467735881594209e+00
2.070000000000000000e+03 1.871900692401780031e+00
2.071000000000000000e+03 1.871735286439842660e+00
2.072000000000000000e+03 1.871471086485023916e+00
2.073000000000000000e+03 1.870564480666227603e+00
2.074000000000000000e+03 1.870207095111257045e+00
2.075000000000000000e+03 1.869989911081627154e+00
2.076000000000000000e+03 1.869698891373132055e+00
2.077000000000000000e+03 1.869306517548463331e+00
2.078000000000000000e+03 1.868530856630861381e+00
2.079000000000000000e+03 1.868390839388319069e+00
2.080000000000000000e+03 1.868134260381066003e+00
2.081000000000000000e+03 1.867162336647119503e+00
2.082000000000000000e+03 1.866832457129580680e+00
2.083000000000000000e+03 1.866624217182115686e+00
2.084000000000000000e+03 1.866337616605918015e+00
2.085000000000000000e+03 1.865948476274977619e+00
2.086000000000000000e+03 1.865177389755230619e+00
2.087000000000000000e+03 1.865037925361106685e+00
2.088000000000000000e+03 1.864783368575507305e+00
2.089000000000000000e+03 1.863857518856929074e+00
2.090000000000000000e+03 1.863500789551102654e+00
2.091000000000000000e+03 1.863286760310340018e+00
2.092000000000000000e+03 1.862999097847314767e+00
2.093000000000000000e+03 1.862610795192850777e+00
2.094000000000000000e+03 1.861843762884506592e+00
2.095000000000000000e+03 1.861705003946955816e+00
2.096000000000000000e+03 1.861451759817862150e+00
2.097000000000000000e+03 1.860531015200032501e+00
2.098000000000000000e+03 1.860176461648399115e+00
2.099000000000000000e+03 1.859963689159289890e+00
3.000000000000000000e+03 1.574079404082638911e+00
3.001000000000000000e+03 1.573692548440447592e+00
3.002000000000000000e+03 1.573359392024606507e+00
3.003000000000000000e+03 1.573253841182108648e+00
3.004000000000000000e+03 1.573095895493267449e+00
3.005000000000000000e+03 1.572711525549510991e+00
3.006000000000000000e+03 1.572380594191058023e+00
3.007000000000000000e+03 1.572277808286839385e+00
3.008000000000000000e+03 1.572120636546502803e+00
3.009000000000000000e+03 1.571735302868483286e+00
3.010000000000000000e+03 1.571403548539496819e+00
3.011000000000000000e+03 1.571298502661340635e+00
3.012000000000000000e+03 1.571141109175210104e+00
3.013000000000000000e+03 1.570758149068733012e+00
3.014000000000000000e+03 1.570428578006066722e+00
3.015000000000000000e+03 1.570326143790407691e+00
3.016000000000000000e+03 1.570169550585259532e+00
3.017000000000000000e+03 1.569785648641183418e+00
3.018000000000000000e+03 1.569455243834211089e+00
3.019000000000000000e+03 1.569350677954103990e+00
3.020000000000000000e+03 1.569193847515267137e+00
3.021000000000000000e+03 1.568812335525550328e+00
3.022000000000000000e+03 1.568483991146537804e+00
3.023000000000000000e+03 1.568381937286552397e+00
3.024000000000000000e+03 1.568225946328018150e+00
3.025000000000000000e+03 1.567843524371323571e+00
3.026000000000000000e+03 1.567514422191327084e+00
3.027000000000000000e+03 1.567410373657485145e+00
3.028000000000000000e+03 1.567254108586777051e+00
3.029000000000000000e+03 1.566874057740307746e+00
3.030000000000000000e+03 1.566547027027531680e+00
3.031000000000000000e+03 1.566445366366127523e+00
3.032000000000000000e+03 1.566289991473240217e+00
3.033000000000000000e+03 1.565908945769902472e+00
3.034000000000000000e+03 1.565581220425388498e+00
3.035000000000000000e+03 1.565477620051510810e+00
3.036000000000000000e+03 1.565321824679445806e+00
3.037000000000000000e+03 1.564943256947077144e+00
3.038000000000000000e+03 1.564617457239504850e+00
3.039000000000000000e+03 1.564516313935274461e+00
3.040000000000000000e+03 1.564361582395704886e+00
3.041000000000000000e+03 1.563981932514259654e+00
3.042000000000000000e+03 1.563655343943721077e+00
3.043000000000000000e+03 1.563552250075439964e+00
3.044000000000000000e+03 1.563397078720525135e+00
3.045000000000000000e+03 1.563019935377712777e+00
3.046000000000000000e+03 1.562695443540476958e+00
3.047000000000000000e+03 1.562594562131984999e+00
3.048000000000000000e+03 1.562440511818162125e+00
3.049000000000000000e+03 1.562062262194055862e+00
3.050000000000000000e+03 1.561736864452388573e+00
3.051000000000000000e+03 1.561634112179563161e+00
3.052000000000000000e+03 1.561479633512460108e+00
3.053000000000000000e+03 1.561104063546957299e+00
3.054000000000000000e+03 1.560780627011462585e+00
3.055000000000000000e+03 1.560680146374143540e+00
3.056000000000000000e+03 1.560526677140387397e+00
3.057000000000000000e+03 1.560149970975492906e+00
3.058000000000000000e+03 1.559825818825884447e+00
3.059000000000000000e+03 1.559723485341477200e+00
3.060000000000000000e+03 1.559569663114339200e+00
3.061000000000000000e+03 1.559195440169178992e+00
3.062000000000000000e+03 1.558873258491849878e+00
3.063000000000000000e+03 1.558773226631744002e+00
3.064000000000000000e+03 1.558620399228002773e+00
3.065000000000000000e+03 1.558245088217408814e+00
3.066000000000000000e+03 1.557922131501604301e+00
3.067000000000000000e+03 1.557820119317953056e+00
3.068000000000000000e+03 1.557666964353153993e+00
3.069000000000000000e+03 1.557294142785423663e+00
3.070000000000000000e+03 1.556973264859178752e+00
3.071000000000000000e+03 1.556873774452561809e+00
3.072000000000000000e+03 1.556721344196285495e+00
3.073000000000000000e+03 1.556347459461103533e+00
3.074000000000000000e+03 1.556025696461795560e+00
3.075000000000000000e+03 1.555923922397836279e+00
3.076000000000000000e+03 1.555771410521292974e+00
3.077000000000000000e+03 1.555400083186188276e+00
3.078000000000000000e+03 1.555080431798511853e+00
3.079000000000000000e+03 1.554981180248498074e+00
3.080000000000000000e+03 1.554829388710983196e+00
3.081000000000000000e+03 1.554457015440728451e+00
3.082000000000000000e+03 1.554136555405410292e+00
3.083000000000000000e+03 1.554035177195884243e+00
3.084000000000000000e+03 1.553883144641786673e+00
3.085000000000000000e+03 1.553513189619008195e+00
3.086000000000000000e+03 1.553194847336088369e+00
3.087000000000000000e+03 1.553096027496675635e+00
3.088000000000000000e+03 1.552944701956518792e+00
3.089000000000000000e+03 1.552573749245922841e+00
3.090000000000000000e+03 1.552254610675093627e+00
3.091000000000000000e+03 1.552153395055587470e+00
3.092000000000000000e+03 1.552001951757460807e+00
3.093000000000000000e+03 1.551633558481350539e+00
3.094000000000000000e+03 1.551316305892063596e+00
3.095000000000000000e+03 1.551217742228395036e+00
3.096000000000000000e+03 1.551066973224076717e+00
3.097000000000000000e+03 1.550697603593439666e+00
3.098000000000000000e+03 1.550379663052503521e+00
3.099000000000000000e+03 1.550278879983346236e+00
4.000000000000000000e+03 1.375951664703082278e+00
4.001000000000000000e+03 1.375699436412601839e+00
4.002000000000000000e+03 1.375481350840583650e+00
4.003000000000000000e+03 1.375412032810489515e+00
4.004000000000000000e+03 1.375309441871378269e+00
4.005000000000000000e+03 1.375056312615897669e+00
4.006000000000000000e+03 1.374838429685850016e+00
4.007000000000000000e+03 1.374770311351019236e+00
4.008000000000000000e+03 1.374666416334263896e+00
4.009000000000000000e+03 1.374414983900469345e+00
4.010000000000000000e+03 1.374197560927952422e+00
4.011000000000000000e+03 1.374128500906403039e+00
4.012000000000000000e+03 1.374026160065701108e+00
4.013000000000000000e+03 1.373773782467267335e+00
4.014000000000000000e+03 1.373556516747598710e+00
4.015000000000000000e+03 1.373488589163102347e+00
4.016000000000000000e+03 1.373384992284772288e+00
4.017000000000000000e+03 1.373134299280399206e+00
4.018000000000000000e+03 1.372917562723160234e+00
4.019000000000000000e+03 1.372848694006957526e+00
4.020000000000000000e+03 1.372746651272815699e+00
4.021000000000000000e+03 1.372494993499287830e+00
4.022000000000000000e+03 1.372278297104527089e+00
4.023000000000000000e+03 1.372210586680275179e+00
4.024000000000000000e+03 1.372107352884330611e+00
4.025000000000000000e+03 1.371857381543396759e+00
4.026000000000000000e+03 1.371641270796948753e+00
4.027000000000000000e+03 1.371572646635814241e+00
4.028000000000000000e+03 1.371470864099199272e+00
4.029000000000000000e+03 1.371219922767456634e+00
4.030000000000000000e+03 1.371003844193205090e+00
4.031000000000000000e+03 1.370936384096420380e+00
4.032000000000000000e+03 1.370833546961257143e+00
4.033000000000000000e+03 1.370584204026328301e+00
4.034000000000000000e+03 1.370368730375647548e+00
4.035000000000000000e+03 1.370300265006012097e+00
4.036000000000000000e+03 1.370198687489767586e+00
4.037000000000000000e+03 1.369948545290584629e+00
4.038000000000000000e+03 1.369733093196833451e+00
4.039000000000000000e+03 1.369665812608377831e+00
4.040000000000000000e+03 1.369563239646367059e+00
4.041000000000000000e+03 1.369314681680473100e+00
4.042000000000000000e+03 1.369099842055067739e+00
4.043000000000000000e+03 1.369031556591860266e+00
4.044000000000000000e+03 1.368930314716386487e+00
4.045000000000000000e+03 1.368680876357236675e+00
4.046000000000000000e+03 1.368466079753906106e+00
4.047000000000000000e+03 1.368399025583959761e+00
4.048000000000000000e+03 1.368296766784397267e+00
4.049000000000000000e+03 1.368048846744889246e+00
4.050000000000000000e+03 1.367834623027618601e+00
4.051000000000000000e+03 1.367766511197373136e+00
4.052000000000000000e+03 1.367665535065414772e+00
4.053000000000000000e+03 1.367416850527723327e+00
4.054000000000000000e+03 1.367202677085830320e+00
4.055000000000000000e+03 1.367135857507640662e+00
4.056000000000000000e+03 1.367033820919049791e+00
4.057000000000000000e+03 1.366786671738049019e+00
4.058000000000000000e+03 1.366573075587519392e+00
4.059000000000000000e+03 1.366505128883130693e+00
4.060000000000000000e+03 1.366404539799988438e+00
4.061000000000000000e+03 1.366156549265440612e+00
4.062000000000000000e+03 1.365942933869270792e+00
4.063000000000000000e+03 1.365876333805873921e+00
4.064000000000000000e+03 1.365774558782779646e+00
4.065000000000000000e+03 1.365528146704826362e+00
4.066000000000000000e+03 1.365315118554709217e+00
4.067000000000000000e+03 1.365247335368431569e+00
4.068000000000000000e+03 1.365147089276085968e+00
4.069000000000000000e+03 1.364899817413430583e+00
4.070000000000000000e+03 1.364686857072352044e+00
4.071000000000000000e+03 1.364620439354372827e+00
4.072000000000000000e+03 1.364518964578923299e+00
4.073000000000000000e+03 1.364273251288150579e+00
4.074000000000000000e+03 1.364060816307517632e+00
4.075000000000000000e+03 1.363993263806341005e+00
4.076000000000000000e+03 1.363893315367172843e+00
4.077000000000000000e+03 1.363646732323762656e+00
4.078000000000000000e+03 1.363434371978861526e+00
4.079000000000000000e+03 1.363368070577781976e+00
4.080000000000000000e+03 1.363266912866264446e+00
4.081000000000000000e+03 1.363021931646331453e+00
4.082000000000000000e+03 1.362810120947829162e+00
4.083000000000000000e+03 1.362742787395577970e+00
4.084000000000000000e+03 1.362643097884067345e+00
4.085000000000000000e+03 1.362397247057420602e+00
4.086000000000000000e+03 1.362185413506725284e+00
4.087000000000000000e+03 1.362119350444660926e+00
4.088000000000000000e+03 1.362018503022407234e+00
4.089000000000000000e+03 1.361774230265063279e+00
4.090000000000000000e+03 1.361563065261627736e+00
4.091000000000000000e+03 1.361495844451215298e+00
4.092000000000000000e+03 1.361396530846715525e+00
4.093000000000000000e+03 1.361151370955550277e+00
4.094000000000000000e+03 1.360940160835645507e+00
4.095000000000000000e+03 1.360874264294761549e+00
4.096000000000000000e+03 1.360773624994102482e+00
4.097000000000000000e+03 1.360530100705735324e+00
4.098000000000000000e+03 1.360319533757636146e+00
4.099000000000000000e+03 1.360252542228692185e+00
5.000000000000000000e+03 1.239568634914129941e+00
5.001000000000000000e+03 1.239387167945824153e+00
5.002000000000000000e+03 1.239230182267953229e+00
5.003000000000000000e+03 1.239179570657152007e+00
5.004000000000000000e+03 1.239106141124443949e+00
5.005000000000000000e+03 1.238923823248649025e+00
5.006000000000000000e+03 1.238766229202108438e+00
5.007000000000000000e+03 1.238717136639617467e+00
5.008000000000000000e+03 1.238641782335239361e+00
5.009000000000000000e+03 1.238460728844327674e+00
5.010000000000000000e+03 1.238304094700084068e+00
5.011000000000000000e+03 1.238253566206233725e+00
5.012000000000000000e+03 1.238180323005032113e+00
5.013000000000000000e+03 1.237998475576672641e+00
5.014000000000000000e+03 1.237841252993800767e+00
5.015000000000000000e+03 1.237792257513888439e+00
5.016000000000000000e+03 1.237717090059836877e+00
5.017000000000000000e+03 1.237536474045165313e+00
5.018000000000000000e+03 1.237380195097711910e+00
5.019000000000000000e+03 1.237329791741353713e+00
5.020000000000000000e+03 1.237256689200855853e+00
5.021000000000000000e+03 1.237075296602352381e+00
5.022000000000000000e+03 1.236918463477314267e+00
5.023000000000000000e+03 1.236869563978666653e+00
5.024000000000000000e+03 1.236794573733327907e+00
5.025000000000000000e+03 1.236614376283026617e+00
5.026000000000000000e+03 1.236458487887669877e+00
5.027000000000000000e+03 1.236408167378029610e+00
5.028000000000000000e+03 1.236335223320677912e+00
5.029000000000000000e+03 1.236154264548830373e+00
5.030000000000000000e+03 1.235997819844847356e+00
5.031000000000000000e+03 1.235949047886975682e+00
5.032000000000000000e+03 1.235874171250180398e+00
5.033000000000000000e+03 1.235694432778728480e+00
5.034000000000000000e+03 1.235538924513803538e+00
5.035000000000000000e+03 1.235488724905267954e+00
5.036000000000000000e+03 1.235415959166537014e+00
5.037000000000000000e+03 1.235235395418222692e+00
5.038000000000000000e+03 1.235079299072854964e+00
5.039000000000000000e+03 1.235030698481548672e+00
5.040000000000000000e+03 1.234955970067196152e+00
5.041000000000000000e+03 1.234776631576973038e+00
5.042000000000000000e+03 1.234621475340776042e+00
5.043000000000000000e+03 1.234571392699001624e+00
5.044000000000000000e+03 1.234498823027175618e+00
5.045000000000000000e+03 1.234318645546681914e+00
5.046000000000000000e+03 1.234162933259242756e+00
5.047000000000000000e+03 1.234114481949905029e+00
5.048000000000000000e+03 1.234039943142664519e+00
5.049000000000000000e+03 1.233860965844873814e+00
5.050000000000000000e+03 1.233706155313383901e+00
5.051000000000000000e+03 1.233656174807269190e+00
5.052000000000000000e+03 1.233583786252249848e+00
5.053000000000000000e+03 1.233404014699944984e+00
5.054000000000000000e+03 1.233248697873454258e+00
5.055000000000000000e+03 1.233200382492986691e+00
5.056000000000000000e+03 1.233125986571825150e+00
5.057000000000000000e+03 1.232947404631771215e+00
5.058000000000000000e+03 1.232792947888877499e+00
5.059000000000000000e+03 1.232743106812129952e+00
5.060000000000000000e+03 1.232670879730477287e+00
5.061000000000000000e+03 1.232491542808924478e+00
5.062000000000000000e+03 1.232336521180388056e+00
5.063000000000000000e+03 1.232288327098657543e+00
5.064000000000000000e+03 1.232214159758018068e+00
5.065000000000000000e+03 1.232035966754931877e+00
5.066000000000000000e+03 1.231881839666554512e+00
5.067000000000000000e+03 1.231832123485896879e+00
5.068000000000000000e+03 1.231760038459109197e+00
5.069000000000000000e+03 1.231581141897703624e+00
5.070000000000000000e+03 1.231426484992886650e+00
5.071000000000000000e+03 1.231378430933823820e+00
5.072000000000000000e+03 1.231304491795262912e+00
5.073000000000000000e+03 1.231126640592915322e+00
5.074000000000000000e+03 1.230972834855479592e+00
5.075000000000000000e+03 1.230923209534637408e+00
5.076000000000000000e+03 1.230851302287988114e+00
5.077000000000000000e+03 1.230672848991074986e+00
5.078000000000000000e+03 1.230518517285300595e+00
5.079000000000000000e+03 1.230470556128373971e+00
5.080000000000000000e+03 1.230396814346967460e+00
5.081000000000000000e+03 1.230219386421012695e+00
5.082000000000000000e+03 1.230065962685998215e+00
5.083000000000000000e+03 1.230016445655485402e+00
5.084000000000000000e+03 1.229944681745037016e+00
5.085000000000000000e+03 1.229766655787215557e+00
5.086000000000000000e+03 1.229612709773646895e+00
5.087000000000000000e+03 1.229564826730229488e+00
5.088000000000000000e+03 1.229491222878276169e+00
5.089000000000000000e+03 1.229314232811953955e+00
5.090000000000000000e+03 1.229161114695640267e+00
5.091000000000000000e+03 1.229111712325794414e+00
5.092000000000000000e+03 1.229040154324582801e+00
5.093000000000000000e+03 1.228862535003208523e+00
5.094000000000000000e+03 1.228708974580515756e+00
5.095000000000000000e+03 1.228661194566508907e+00
5.096000000000000000e+03 1.228587782836360054e+00
5.097000000000000000e+03 1.228411184703561698e+00
5.098000000000000000e+03 1.228258405213569437e+00
5.099000000000000000e+03 1.228209127362390962e+00
6.000000000000000000e+03 1.138194839055624463e+00
6.001000000000000000e+03 1.138055698882286526e+00
6.002000000000000000e+03 1.137935510547694928e+00
6.003000000000000000e+03 1.137896760225375559e+00
6.004000000000000000e+03 1.137840021533790935e+00
6.005000000000000000e+03 1.137700722085892568e+00
6.006000000000000000e+03 1.137580273773599382e+00
6.007000000000000000e+03 1.137542581850107482e+00
6.008000000000000000e+03 1.137485183736572036e+00
6.009000000000000000e+03 1.137346341702174524e+00
6.010000000000000000e+03 1.137226351246615641e+00
6.011000000000000000e+03 1.137187690208882884e+00
6.012000000000000000e+03 1.137131078057284750e+00
6.013000000000000000e+03 1.136992056616886293e+00
6.014000000000000000e+03 1.136871839925022387e+00
6.015000000000000000e+03 1.136834222927265881e+00
6.016000000000000000e+03 1.136776939476062509e+00
6.017000000000000000e+03 1.136638359923423103e+00
6.018000000000000000e+03 1.136518598565609217e+00
6.019000000000000000e+03 1.136479985073356236e+00
6.020000000000000000e+03 1.136423503100204346e+00
6.021000000000000000e+03 1.136284764441673811e+00
6.022000000000000000e+03 1.136164749013578446e+00
6.023000000000000000e+03 1.136127220789162173e+00
6.024000000000000000e+03 1.136070053381728506e+00
6.025000000000000000e+03 1.135931752901718994e+00
6.026000000000000000e+03 1.135812242179315978e+00
6.027000000000000000e+03 1.135773712770562049e+00
6.028000000000000000e+03 1.135717358722975190e+00
6.029000000000000000e+03 1.135578863647386028e+00
6.030000000000000000e+03 1.135459077201120603e+00
6.031000000000000000e+03 1.135421593446049648e+00
6.032000000000000000e+03 1.135364533916736196e+00
6.033000000000000000e+03 1.135226523939650400e+00
6.034000000000000000e+03 1.135107262243628679e+00
6.035000000000000000e+03 1.135068808405773177e+00
6.036000000000000000e+03 1.135012528635359619e+00
6.037000000000000000e+03 1.134874319691365763e+00
6.038000000000000000e+03 1.134754779280872761e+00
6.039000000000000000e+03 1.134717360490813842e+00
6.040000000000000000e+03 1.134660394082627421e+00
6.041000000000000000e+03 1.134522657299665616e+00
6.042000000000000000e+03 1.134403625740493249e+00
6.043000000000000000e+03 1.134365206179493546e+00
6.044000000000000000e+03 1.134309061507718042e+00
6.045000000000000000e+03 1.134171134273237680e+00
6.046000000000000000e+03 1.134051811827222700e+00
6.047000000000000000e+03 1.134014490728421309e+00
6.048000000000000000e+03 1.133957640519759336e+00
6.049000000000000000e+03 1.133820162470187576e+00
6.050000000000000000e+03 1.133701373181885241e+00
6.051000000000000000e+03 1.133663040115949983e+00
6.052000000000000000e+03 1.133606992730038288e+00
6.053000000000000000e+03 1.133469323730241118e+00
6.054000000000000000e+03 1.133350214040746540e+00
6.055000000000000000e+03 1.133312967739730448e+00
6.056000000000000000e+03 1.133256260024849027e+00
6.057000000000000000e+03 1.133119028965706043e+00
6.058000000000000000e+03 1.133000475608760382e+00
6.059000000000000000e+03 1.132962225492214481e+00
6.060000000000000000e+03 1.132906234699038617e+00
6.061000000000000000e+03 1.132768852000834769e+00
6.062000000000000000e+03 1.132649977316662060e+00
6.063000000000000000e+03 1.132612812604523400e+00
6.064000000000000000e+03 1.132556207717497987e+00
6.065000000000000000e+03 1.132419245015021669e+00
6.066000000000000000e+03 1.132300935847560197e+00
6.067000000000000000e+03 1.132262767501400091e+00
6.068000000000000000e+03 1.132206889791201210e+00
6.069000000000000000e+03 1.132069748082298766e+00
6.070000000000000000e+03 1.131951114733934061e+00
6.071000000000000000e+03 1.131914015131958662e+00
6.072000000000000000e+03 1.131857515781603318e+00
6.073000000000000000e+03 1.131720812160968981e+00
6.074000000000000000e+03 1.131602735032909424e+00
6.075000000000000000e+03 1.131564633495339756e+00
6.076000000000000000e+03 1.131508862480141042e+00
6.077000000000000000e+03 1.131371996788048451e+00
6.078000000000000000e+03 1.131253580307794548e+00
6.079000000000000000e+03 1.131216541069191450e+00
6.080000000000000000e+03 1.131160167201203048e+00
6.081000000000000000e+03 1.131023725215714482e+00
6.082000000000000000e+03 1.130905887091145701e+00
6.083000000000000000e+03 1.130867865691803198e+00
6.084000000000000000e+03 1.130812193790743603e+00
6.085000000000000000e+03 1.130675594127418027e+00
6.086000000000000000e+03 1.130557404441588698e+00
6.087000000000000000e+03 1.130520462077750699e+00
6.088000000000000000e+03 1.130464172275722268e+00
6.089000000000000000e+03 1.130327993751240712e+00
6.090000000000000000e+03 1.130210379834350132e+00
6.091000000000000000e+03 1.130172415301799127e+00
6.092000000000000000e+03 1.130116881279840113e+00
6.093000000000000000e+03 1.129980538496480946e+00
6.094000000000000000e+03 1.129862572096878237e+00
6.095000000000000000e+03 1.129825680357762430e+00
6.096000000000000000e+03 1.129769519484236540e+00
6.097000000000000000e+03 1.129633607797111416e+00
6.098000000000000000e+03 1.129516214031417221e+00
6.099000000000000000e+03 1.129478332417905406e+00
7.000000000000000000e+03 1.058949376249713747e+00
7.001000000000000000e+03 1.058838694522032053e+00
7.002000000000000000e+03 1.058742983366093737e+00
7.003000000000000000e+03 1.058711995858845789e+00
7.004000000000000000e+03 1.058666727611197622e+00
7.005000000000000000e+03 1.058555658077476425e+00
7.006000000000000000e+03 1.058459352262081099e+00
7.007000000000000000e+03 1.058428959480431253e+00
7.008000000000000000e+03 1.058383184049689341e+00
7.009000000000000000e+03 1.058272678558151769e+00
7.010000000000000000e+03 1.058177136929858708e+00
7.011000000000000000e+03 1.058146231218128008e+00
7.012000000000000000e+03 1.058101012809873120e+00
7.013000000000000000e+03 1.057990115141082432e+00
7.014000000000000000e+03 1.057893980414681190e+00
7.015000000000000000e+03 1.057863636462497592e+00
7.016000000000000000e+03 1.057817947235930589e+00
7.017000000000000000e+03 1.057707608919278508e+00
7.018000000000000000e+03 1.057612222253976109e+00
7.019000000000000000e+03 1.057581375247942601e+00
7.020000000000000000e+03 1.057536232480695171e+00
7.021000000000000000e+03 1.057425517852029317e+00
7.022000000000000000e+03 1.057329517477239023e+00
7.023000000000000000e+03 1.057299235627686462e+00
7.024000000000000000e+03 1.057253619324168392e+00
7.025000000000000000e+03 1.057143472294730380e+00
7.026000000000000000e+03 1.057048255258473013e+00
7.027000000000000000e+03 1.057017434626084995e+00
7.028000000000000000e+03 1.056972379412848939e+00
7.029000000000000000e+03 1.056861861965226801e+00
7.030000000000000000e+03 1.056766006782140499e+00
7.031000000000000000e+03 1.056735754785319559e+00
7.032000000000000000e+03 1.056690223145165586e+00
7.033000000000000000e+03 1.056580279527898458e+00
7.034000000000000000e+03 1.056485217177896008e+00
7.035000000000000000e+03 1.056454441831624624e+00
7.036000000000000000e+03 1.056409455508289685e+00
7.037000000000000000e+03 1.056299136746336353e+00
7.038000000000000000e+03 1.056203443612887760e+00
7.039000000000000000e+03 1.056173246880989236e+00
7.040000000000000000e+03 1.056127802384304815e+00
7.041000000000000000e+03 1.056018025573580488e+00
7.042000000000000000e+03 1.055923129165855290e+00
7.043000000000000000e+03 1.055892415259340966e+00
7.044000000000000000e+03 1.055847495478216658e+00
7.045000000000000000e+03 1.055737352302209331e+00
7.046000000000000000e+03 1.055641799108345769e+00
7.047000000000000000e+03 1.055611643804239774e+00
7.048000000000000000e+03 1.055566284610880201e+00
7.049000000000000000e+03 1.055456704465144169e+00
7.050000000000000000e+03 1.055361977080981450e+00
7.051000000000000000e+03 1.055331316692544430e+00
7.052000000000000000e+03 1.055286462299912520e+00
7.053000000000000000e+03 1.055176503764971629e+00
7.054000000000000000e+03 1.055081106001276137e+00
7.055000000000000000e+03 1.055051001214171169e+00
7.056000000000000000e+03 1.055005731144060599e+00
7.057000000000000000e+03 1.054896323717575468e+00
7.058000000000000000e+03 1.054801748806603934e+00
7.059000000000000000e+03 1.054771142424014041e+00
7.060000000000000000e+03 1.054726343849149206e+00
7.061000000000000000e+03 1.054616581901244965e+00
7.062000000000000000e+03 1.054521345882634353e+00
7.063000000000000000e+03 1.054491312468130548e+00
7.064000000000000000e+03 1.054446112011760972e+00
7.065000000000000000e+03 1.054336874659818513e+00
7.066000000000000000e+03 1.054242464880250640e+00
7.067000000000000000e+03 1.054211888148448573e+00
7.068000000000000000e+03 1.054167183113729589e+00
7.069000000000000000e+03 1.054057598516404015e+00
7.070000000000000000e+03 1.053962517703898483e+00
7.071000000000000000e+03 1.053932536632267380e+00
7.072000000000000000e+03 1.053887410655808043e+00
7.073000000000000000e+03 1.053778350576298539e+00
7.074000000000000000e+03 1.053684094725890752e+00
7.075000000000000000e+03 1.053653580020848635e+00
7.076000000000000000e+03 1.053608941789202946e+00
7.077000000000000000e+03 1.053499535199765580e+00
7.078000000000000000e+03 1.053404580582431027e+00
7.079000000000000000e+03 1.053374660340330449e+00
7.080000000000000000e+03 1.053329642307069047e+00
7.081000000000000000e+03 1.053220753248923280e+00
7.082000000000000000e+03 1.053126648259624876e+00
7.083000000000000000e+03 1.053096197087015629e+00
7.084000000000000000e+03 1.053051623628147082e+00
7.085000000000000000e+03 1.052942392057779175e+00
7.086000000000000000e+03 1.052847605884490889e+00
7.087000000000000000e+03 1.052817751482078679e+00
7.088000000000000000e+03 1.052772812201736796e+00
7.089000000000000000e+03 1.052664076539999050e+00
7.090000000000000000e+03 1.052570132861283092e+00
7.091000000000000000e+03 1.052539733661440380e+00
7.092000000000000000e+03 1.052495222217648241e+00
7.093000000000000000e+03 1.052386164001315461e+00
7.094000000000000000e+03 1.052291541924257556e+00
7.095000000000000000e+03 1.052261750125246254e+00
7.096000000000000000e+03 1.052216869688690659e+00
7.097000000000000000e+03 1.052108315486748324e+00
7.098000000000000000e+03 1.052014536168130343e+00
7.099000000000000000e+03 1.051984177964376821e+00
8.000000000000000000e+03 9.947551537296982493e-01
8.001000000000000000e+03 9.946639998392174942e-01
8.002000000000000000e+03 9.945853032497318225e-01
8.003000000000000000e+03 9.945599459056131408e-01
8.004000000000000000e+03 9.945225171298703870e-01
8.005000000000000000e+03 9.944312021711225746e-01
8.006000000000000000e+03 9.943520874912155083e-01
8.007000000000000000e+03 9.943270929598340135e-01
8.008000000000000000e+03 9.942895489751828464e-01
8.009000000000000000e+03 9.941985207147502335e-01
8.010000000000000000e+03 9.941199371815587771e-01
8.011000000000000000e+03 9.940946192118784719e-01
8.012000000000000000e+03 9.940572360234909421e-01
8.013000000000000000e+03 9.939660612278745644e-01
8.014000000000000000e+03 9.938870533853449984e-01
8.015000000000000000e+03 9.938620948981407022e-01
8.016000000000000000e+03 9.938246037662645804e-01
8.017000000000000000e+03 9.937337205070042589e-01
8.018000000000000000e+03 9.936552590433510579e-01
8.019000000000000000e+03 9.936299639735594047e-01
8.020000000000000000e+03 9.935926521520782595e-01
8.021000000000000000e+03 9.935016041551902877e-01
8.022000000000000000e+03 9.934227085730625850e-01
8.023000000000000000e+03 9.933977977357246747e-01
8.024000000000000000e+03 9.933603454107762243e-01
8.025000000000000000e+03 9.932695964048056103e-01
8.026000000000000000e+03 9.931912594454432863e-01
8.027000000000000000e+03 9.931659927008312794e-01
8.028000000000000000e+03 9.931287408940028261e-01
8.029000000000000000e+03 9.930378231070013939e-01
8.030000000000000000e+03 9.929590500480283133e-01
8.031000000000000000e+03 9.929341772300995794e-01
8.032000000000000000e+03 9.928967711207625779e-01
8.033000000000000000e+03 9.928061570652706447e-01
8.034000000000000000e+03 9.927279383441370841e-01
8.035000000000000000e+03 9.927027012280480456e-01
8.036000000000000000e+03 9.926655032867677253e-01
8.037000000000000000e+03 9.925747185589506305e-01
8.038000000000000000e+03 9.924960594364674593e-01
8.039000000000000000e+03 9.924712272706720517e-01
8.040000000000000000e+03 9.924338722634223897e-01
8.041000000000000000e+03 9.923433946785923387e-01
8.042000000000000000e+03 9.922652964076996707e-01
8.043000000000000000e+03 9.922401073989801645e-01
8.044000000000000000e+03 9.922029475973820345e-01
8.045000000000000000e+03 9.921122867276258583e-01
8.046000000000000000e+03 9.920337511241145156e-01
8.047000000000000000e+03 9.920089544812210614e-01
8.048000000000000000e+03 9.919716522698438510e-01
8.049000000000000000e+03 9.918813007716418273e-01
8.050000000000000000e+03 9.918033139320890923e-01
8.051000000000000000e+03 9.917781490016941426e-01
8.052000000000000000e+03 9.917410422059479425e-01
8.053000000000000000e+03 9.916505305141735116e-01
8.054000000000000000e+03 9.915721085380607702e-01
8.055000000000000000e+03 9.915473478768024318e-01
8.056000000000000000e+03 9.915101050173955599e-01
8.057000000000000000e+03 9.914198832048692900e-01
8.058000000000000000e+03 9.913420175070760676e-01
8.059000000000000000e+03 9.913168927671313080e-01
8.060000000000000000e+03 9.912798323298831482e-01
8.061000000000000000e+03 9.911894493071130574e-01
8.062000000000000000e+03 9.911111480217259517e-01
8.063000000000000000e+03 9.910864296347521307e-01
8.064000000000000000e+03 9.910492303229875288e-01
8.065000000000000000e+03 9.909591387551762720e-01
8.066000000000000000e+03 9.908813898518167296e-01
8.067000000000000000e+03 9.908562889091383497e-01
8.068000000000000000e+03 9.908192852091528557e-01
8.069000000000000000e+03 9.907290334396277043e-01
8.070000000000000000e+03 9.906508348294968958e-01
8.071000000000000000e+03 9.906261626640152640e-01
8.072000000000000000e+03 9.905890195561370959e-01
8.073000000000000000e+03 9.904990606140522402e-01
8.074000000000000000e+03 9.904214308697190106e-01
8.075000000000000000e+03 9.903963465659511023e-01
8.076000000000000000e+03 9.903593952240348219e-01
8.077000000000000000e+03 9.902692891380888707e-01
8.078000000000000000e+03 9.901912028020005696e-01
8.079000000000000000e+03 9.901665697642303421e-01
8.080000000000000000e+03 9.901294905871338425e-01
8.081000000000000000e+03 9.900396557393419394e-01
8.082000000000000000e+03 9.899621431578933262e-01
8.083000000000000000e+03 9.899370930010780167e-01
8.084000000000000000e+03 9.899001801430588054e-01
8.085000000000000000e+03 9.898102115666984613e-01
8.086000000000000000e+03 9.897322347785352248e-01
8.087000000000000000e+03 9.897076351778650860e-01
8.088000000000000000e+03 9.896706156954580003e-01
8.089000000000000000e+03 9.895809103469174195e-01
8.090000000000000000e+03 9.895035059395898003e-01
8.091000000000000000e+03 9.894785090136206662e-01
8.092000000000000000e+03 9.894416387694077164e-01
8.093000000000000000e+03 9.893517948754210201e-01
8.094000000000000000e+03 9.892739381848711933e-01
8.095000000000000000e+03 9.892493743632960745e-01
8.096000000000000000e+03 9.892124163383069213e-01
8.097000000000000000e+03 9.891228285878364002e-01
8.098000000000000000e+03 9.890455450714461527e-01
8.099000000000000000e+03 9.890205838361967317e-01
9.000000000000000000e+03 9.413516406544781834e-01
9.001000000000000000e+03 9.412748583705472516e-01
9.002000000000000000e+03 9.412087084258206060e-01
9.003000000000000000e+03 9.411874178419781245e-01
9.004000000000000000e+03 9.411558516741125313e-01
9.005000000000000000e+03 9.410789904489079705e-01
9.006000000000000000e+03 9.410124391846889091e-01
9.007000000000000000e+03 9.409914509211638745e-01
9.008000000000000000e+03 9.409598126603406776e-01
9.009000000000000000e+03 9.408831348334348865e-01
9.010000000000000000e+03 9.408170697146384098e-01
9.011000000000000000e+03 9.407958100072696395e-01
9.012000000000000000e+03 9.407642934973261539e-01
9.013000000000000000e+03 9.406875284949939298e-01
9.014000000000000000e+03 9.406210606624596515e-01
9.015000000000000000e+03 9.406001035634599106e-01
9.016000000000000000e+03 9.405685035504532943e-01
9.017000000000000000e+03 9.404919235852888804e-01
9.018000000000000000e+03 9.404259468089497531e-01
9.019000000000000000e+03 9.404047165177441547e-01
9.020000000000000000e+03 9.403732456863140854e-01
9.021000000000000000e+03 9.402965721853207004e-01
9.022000000000000000e+03 9.402301964205953544e-01
9.023000000000000000e+03 9.402092627665957769e-01
9.024000000000000000e+03 9.401777072973890315e-01
9.025000000000000000e+03 9.401012226741743971e-01
9.026000000000000000e+03 9.400353226916622340e-01
9.027000000000000000e+03 9.400141345304150464e-01
9.028000000000000000e+03 9.399826975294738318e-01
9.029000000000000000e+03 9.399061229043329524e-01
9.030000000000000000e+03 9.398398332905272268e-01
9.031000000000000000e+03 9.398189117683138916e-01
9.032000000000000000e+03 9.397874076863480530e-01
9.033000000000000000e+03 9.397110265072189383e-01
9.034000000000000000e+03 9.396452105015085099e-01
9.035000000000000000e+03 9.396240520620302572e-01
9.036000000000000000e+03 9.395926568754032759e-01
9.037000000000000000e+03 9.395161794573835268e-01
9.038000000000000000e+03 9.394499690701956229e-01
9.039000000000000000e+03 9.394290745037618962e-01
9.040000000000000000e+03 9.393976105968205870e-01
9.041000000000000000e+03 9.393213390315402478e-01
9.042000000000000000e+03 9.392556111971546162e-01
9.043000000000000000e+03 9.392344634542477699e-01
9.044000000000000000e+03 9.392031132242388836e-01
9.045000000000000000e+03 9.391267392239917022e-01
9.046000000000000000e+03 9.390606228945319600e-01
9.047000000000000000e+03 9.390397565876804631e-01
9.048000000000000000e+03 9.390083277879304191e-01
9.049000000000000000e+03 9.389321558279560831e-01
9.050000000000000000e+03 9.388665131804216912e-01
9.051000000000000000e+03 9.388454021337523381e-01
9.052000000000000000e+03 9.388140919825127551e-01
9.053000000000000000e+03 9.387378070362227822e-01
9.054000000000000000e+03 9.386717744866487356e-01
9.055000000000000000e+03 9.386509318265630064e-01
9.056000000000000000e+03 9.386195390094653757e-01
9.057000000000000000e+03 9.385434747741414618e-01
9.058000000000000000e+03 9.384779151040508749e-01
9.059000000000000000e+03 9.384568253087894885e-01
9.060000000000000000e+03 9.384255523194967585e-01
9.061000000000000000e+03 9.383493754685794386e-01
9.062000000000000000e+03 9.382834343706865088e-01
9.063000000000000000e+03 9.382626274888092865e-01
9.064000000000000000e+03 9.382312654623561343e-01
9.065000000000000000e+03 9.381552963373707144e-01
9.066000000000000000e+03 9.380898268671075124e-01
9.067000000000000000e+03 9.380687576062629596e-01
9.068000000000000000e+03 9.380375281521593500e-01
9.069000000000000000e+03 9.379614474568617188e-01
9.070000000000000000e+03 9.378955991473039155e-01
9.071000000000000000e+03 9.378748021396144940e-01
9.072000000000000000e+03 9.378434836252048656e-01
9.073000000000000000e+03 9.377676207252831908e-01
9.074000000000000000e+03 9.377022279230846635e-01
9.075000000000000000e+03 9.376811929951339719e-01
9.076000000000000000e+03 9.376499977216754544e-01
9.077000000000000000e+03 9.375740219040029633e-01
9.078000000000000000e+03 9.375082582125652264e-01
9.079000000000000000e+03 9.374874873884031512e-01
9.080000000000000000e+03 9.374562136272840407e-01
9.081000000000000000e+03 9.373804423648522954e-01
9.082000000000000000e+03 9.373151326414218554e-01
9.083000000000000000e+03 9.372941247969812650e-01
9.084000000000000000e+03 9.372629660836214738e-01
9.085000000000000000e+03 9.371870978009674280e-01
9.086000000000000000e+03 9.371214241490177788e-01
9.087000000000000000e+03 9.371006763805627138e-01
9.088000000000000000e+03 9.370694430251460538e-01
9.089000000000000000e+03 9.369937662598797345e-01
9.090000000000000000e+03 9.369285465432131144e-01
9.091000000000000000e+03 9.369075633118922886e-01
9.092000000000000000e+03 9.368764387948084194e-01
9.093000000000000000e+03 9.368006701003177561e-01
9.094000000000000000e+03 9.367350817601481916e-01
9.095000000000000000e+03 9.367143601055322177e-01
9.096000000000000000e+03 9.366831677481961549e-01
9.097000000000000000e+03 9.366075885094680142e-01
9.098000000000000000e+03 9.365424593323663505e-01
9.099000000000000000e+03 9.365214967139734448e-01
