1.600000000000000000e+01 3.435642633004638924e+01
1.016000000000000000e+03 2.642210907461770120e+00
2.003500000000000000e+03 2.041269631638773951e+00
2.094750000000000000e+03 2.007782198870389223e+00
3.054000000000000000e+03 1.717839788551342783e+00
3.803500000000000000e+03 1.571772399290663813e+00
4.791500000000000000e+03 1.421525042561775365e+00
5.310250000000000000e+03 1.360006973150544418e+00
6.039000000000000000e+03 1.279565704116743863e+00
6.315750000000000000e+03 1.254436924145915455e+00
7.028500000000000000e+03 1.193124184704025037e+00
7.311250000000000000e+03 1.175761993067550248e+00
8.037750000000000000e+03 1.128112528772285739e+00
8.303750000000000000e+03 1.113077227927027346e+00
8.795000000000000000e+03 1.083741095964399825e+00
9.286750000000000000e+03 1.058803909776219854e+00
9.559500000000000000e+03 1.043432626635749205e+00
1.004975000000000000e+04 1.016585164187264079e+00
1.053800000000000000e+04 9.932039053298044040e-01
1.080950000000000000e+04 9.811945284264487199e-01
1.152225000000000000e+04 9.526960198668286139e-01
1.156175000000000000e+04 9.512084553435443679e-01
1.182050000000000000e+04 9.423961486272196542e-01
1.252325000000000000e+04 9.167382857527593965e-01
1.256150000000000000e+04 9.154724331459758169e-01
1.304775000000000000e+04 9.010869041472576724e-01
1.353350000000000000e+04 8.861880512169172386e-01
1.357000000000000000e+04 8.852284937247151264e-01
1.427725000000000000e+04 8.656423050705135402e-01
1.453525000000000000e+04 8.586297781675937824e-01
1.457075000000000000e+04 8.577552683843855386e-01
1.527275000000000000e+04 8.397499421965517463e-01
1.553125000000000000e+04 8.334047064562497553e-01
1.556575000000000000e+04 8.327655352768325026e-01
1.627175000000000000e+04 8.157936686595322895e-01
1.653075000000000000e+04 8.100743256436295781e-01
1.656425000000000000e+04 8.093092131708901071e-01
1.727525000000000000e+04 7.941846050684002734e-01
1.753550000000000000e+04 7.888277301619245341e-01
1.756800000000000000e+04 7.880794788756384506e-01
1.828450000000000000e+04 7.744755689257711850e-01
1.854600000000000000e+04 7.697211120120938110e-01
1.857750000000000000e+04 7.690735141488460602e-01
1.928450000000000000e+04 7.560516872550578915e-01
1.954150000000000000e+04 7.510325738396728124e-01
1.957375000000000000e+04 7.498018906495370617e-01
2.005350000000000000e+04 7.416107992913405500e-01
2.053525000000000000e+04 7.326245422357460235e-01
2.056700000000000000e+04 7.315400111469951838e-01
2.104875000000000000e+04 7.244534894189287311e-01
2.153150000000000000e+04 7.171192561524031284e-01
2.156100000000000000e+04 7.167097124710034572e-01
2.181750000000000000e+04 7.127723754028307823e-01
2.252250000000000000e+04 7.029530814155514618e-01
2.255125000000000000e+04 7.025254246565638683e-01
2.280475000000000000e+04 6.990004652413307484e-01
2.328200000000000000e+04 6.927291014880759823e-01
2.353425000000000000e+04 6.890476024437641733e-01
2.356250000000000000e+04 6.887463343442929986e-01
2.381450000000000000e+04 6.854535991950156948e-01
2.429450000000000000e+04 6.791811895332909854e-01
2.454525000000000000e+04 6.763874683703186008e-01
2.457275000000000000e+04 6.760386629603054587e-01
2.528025000000000000e+04 6.676435648770600029e-01
2.553675000000000000e+04 6.647062885902027540e-01
2.556375000000000000e+04 6.643515245403863734e-01
2.581725000000000000e+04 6.615802626586715363e-01
2.628950000000000000e+04 6.561304195945107942e-01
2.653825000000000000e+04 6.531465665262233822e-01
2.656475000000000000e+04 6.528824639694753573e-01
2.681225000000000000e+04 6.502533547691241589e-01
2.728675000000000000e+04 6.449048492038520486e-01
2.753375000000000000e+04 6.423153573243364223e-01
2.755975000000000000e+04 6.420857151044416788e-01
2.804025000000000000e+04 6.371422847156438252e-01
2.829350000000000000e+04 6.346413401180859282e-01
2.854675000000000000e+04 6.321652016442314004e-01
2.857250000000000000e+04 6.319114704728810983e-01
2.905075000000000000e+04 6.271228360238210175e-01
2.929875000000000000e+04 6.243824431440438971e-01
2.955100000000000000e+04 6.218638223186070402e-01
2.980250000000000000e+04 6.191080512981117501e-01
3.005425000000000000e+04 6.166847638534301845e-01
3.053100000000000000e+04 6.119366666887117168e-01
3.055725000000000000e+04 6.113888680272601128e-01
3.080850000000000000e+04 6.088233069843710377e-01
3.105350000000000000e+04 6.067327877456593077e-01
3.153100000000000000e+04 6.023526941698513770e-01
3.155550000000000000e+04 6.021263571899564404e-01
3.180675000000000000e+04 6.000952507558675597e-01
3.183100000000000000e+04 5.998641055762060637e-01
3.252675000000000000e+04 5.940429784609431163e-01
3.255075000000000000e+04 5.938361572442689695e-01
3.279675000000000000e+04 5.915990425786399332e-01
3.282075000000000000e+04 5.914225393916932028e-01
3.352275000000000000e+04 5.856175233865792418e-01
3.354675000000000000e+04 5.854224627848685358e-01
3.379875000000000000e+04 5.834403406496329048e-01
3.382275000000000000e+04 5.832475250557851432e-01
3.452450000000000000e+04 5.777040510129718420e-01
3.454800000000000000e+04 5.775155035936321291e-01
3.479925000000000000e+04 5.755487796854781291e-01
3.482250000000000000e+04 5.753647138412723017e-01
3.529425000000000000e+04 5.719295078091367612e-01
3.554050000000000000e+04 5.701830039007119710e-01
3.578775000000000000e+04 5.684269070750241903e-01
3.581075000000000000e+04 5.682636223638140027e-01
3.606375000000000000e+04 5.665629367682438744e-01
3.653525000000000000e+04 5.631926707430079393e-01
3.678825000000000000e+04 5.613919464972372264e-01
3.681125000000000000e+04 5.612463524535935555e-01
3.706000000000000000e+04 5.595853196761069182e-01
3.731050000000000000e+04 5.578602014018043675e-01
3.778375000000000000e+04 5.545299131435617035e-01
3.780600000000000000e+04 5.543291302123569686e-01
3.805375000000000000e+04 5.526535154228358060e-01
3.830150000000000000e+04 5.511217738276932288e-01
3.877800000000000000e+04 5.478856729571406348e-01
3.880000000000000000e+04 5.477261114867280067e-01
3.882200000000000000e+04 5.476061202902400282e-01
3.906950000000000000e+04 5.461030089048544145e-01
3.953800000000000000e+04 5.429072304813995498e-01
3.978775000000000000e+04 5.409920085828113789e-01
3.981225000000000000e+04 5.404254292939744131e-01
4.006100000000000000e+04 5.387882979761919877e-01
4.008300000000000000e+04 5.386545415831143213e-01
4.077050000000000000e+04 5.345621768220060188e-01
4.079350000000000000e+04 5.342404006643812764e-01
4.104050000000000000e+04 5.325794453808825324e-01
4.106225000000000000e+04 5.324083415431588584e-01
4.130825000000000000e+04 5.310208961068381139e-01
4.178125000000000000e+04 5.282381511391915918e-01
4.180250000000000000e+04 5.280843233072385345e-01
4.204950000000000000e+04 5.265886254281270107e-01
4.207075000000000000e+04 5.264817064297949711e-01
4.254350000000000000e+04 5.236887766401582267e-01
4.278500000000000000e+04 5.222999358305507878e-01
4.280600000000000000e+04 5.221776611801773882e-01
4.305275000000000000e+04 5.209648120981114072e-01
4.307375000000000000e+04 5.208683150933921535e-01
4.354100000000000000e+04 5.184907846228885564e-01
4.378775000000000000e+04 5.172035231751073159e-01
4.403450000000000000e+04 5.158868625124279905e-01
4.405550000000000000e+04 5.157719790308648022e-01
4.430225000000000000e+04 5.144945797065914039e-01
4.454900000000000000e+04 5.133067820475856191e-01
4.479575000000000000e+04 5.118180818093029938e-01
4.503950000000000000e+04 5.105814492917948311e-01
4.506025000000000000e+04 5.104595257461079783e-01
4.530675000000000000e+04 5.091690860412195763e-01
4.578000000000000000e+04 5.067960583169524025e-01
4.580025000000000000e+04 5.067013975334465625e-01
4.604550000000000000e+04 5.056310090241566968e-01
4.606575000000000000e+04 5.055352082441971762e-01
4.631025000000000000e+04 5.042703381336812729e-01
4.678025000000000000e+04 5.017766231987099701e-01
4.680025000000000000e+04 5.016948645514608396e-01
4.704525000000000000e+04 5.005485773495192969e-01
4.706525000000000000e+04 5.004604713199627408e-01
4.731025000000000000e+04 4.993003839279078759e-01
4.778025000000000000e+04 4.970179172187943473e-01
4.780025000000000000e+04 4.969139682512804801e-01
4.804525000000000000e+04 4.958925826430767847e-01
4.806525000000000000e+04 4.958142158022135759e-01
4.831025000000000000e+04 4.946955282059332104e-01
4.878025000000000000e+04 4.924861125845477750e-01
4.880025000000000000e+04 4.924017059489328441e-01
4.904525000000000000e+04 4.912355138173308822e-01
4.906625000000000000e+04 4.910341074311011522e-01
4.931225000000000000e+04 4.898068290231438193e-01
4.978325000000000000e+04 4.875639578347885639e-01
4.980500000000000000e+04 4.872437283348939885e-01
5.005275000000000000e+04 4.859168096003506077e-01
5.007200000000000000e+04 4.858298105668711342e-01
5.054050000000000000e+04 4.838047600692216288e-01
5.078325000000000000e+04 4.826715578303013010e-01
5.080350000000000000e+04 4.824614437648854781e-01
5.104575000000000000e+04 4.812793238933228968e-01
5.129375000000000000e+04 4.801835157178069857e-01
5.131275000000000000e+04 4.800623061863268926e-01
5.155500000000000000e+04 4.790458632155358831e-01
5.179725000000000000e+04 4.779432233384844908e-01
5.181625000000000000e+04 4.778676777163766709e-01
5.228175000000000000e+04 4.758956112618366596e-01
5.230075000000000000e+04 4.758066201626962588e-01
5.254775000000000000e+04 4.747962815931066616e-01
5.279475000000000000e+04 4.738289909338316841e-01
5.281375000000000000e+04 4.737667305072914559e-01
5.328875000000000000e+04 4.718569017981084079e-01
5.330775000000000000e+04 4.717931669031910635e-01
5.355000000000000000e+04 4.708611821003574338e-01
5.379225000000000000e+04 4.699576625968166499e-01
5.381125000000000000e+04 4.698637174102026637e-01
5.427675000000000000e+04 4.679384394784825152e-01
5.429575000000000000e+04 4.678601325636047026e-01
5.431475000000000000e+04 4.677863216346124786e-01
5.455700000000000000e+04 4.668207759082970698e-01
5.479925000000000000e+04 4.658212237456104132e-01
5.481825000000000000e+04 4.657304793337864179e-01
5.528375000000000000e+04 4.638565910246842394e-01
5.530275000000000000e+04 4.638051883492324556e-01
5.554975000000000000e+04 4.629143323659764553e-01
5.579675000000000000e+04 4.620069142411354912e-01
5.581575000000000000e+04 4.619117028700270300e-01
5.628975000000000000e+04 4.602643562639127661e-01
5.630850000000000000e+04 4.602015516670957540e-01
5.655175000000000000e+04 4.593433976972866040e-01
5.679350000000000000e+04 4.583775522667821178e-01
5.681175000000000000e+04 4.583175167371932868e-01
5.727900000000000000e+04 4.565704447072073124e-01
5.729700000000000000e+04 4.565092757292206205e-01
5.754000000000000000e+04 4.556880019137330984e-01
5.755800000000000000e+04 4.556115210443191232e-01
5.780100000000000000e+04 4.547438826816187496e-01
5.781900000000000000e+04 4.546721684104408912e-01
5.828700000000000000e+04 4.530331067229281805e-01
5.830500000000000000e+04 4.529914587252587554e-01
5.854800000000000000e+04 4.519661697223150698e-01
5.879100000000000000e+04 4.510634718700688439e-01
5.880900000000000000e+04 4.510016061768156725e-01
5.927700000000000000e+04 4.494291799377688745e-01
5.929600000000000000e+04 4.492723884354624664e-01
5.931500000000000000e+04 4.491365803617732300e-01
5.955900000000000000e+04 4.481415164994544953e-01
5.980300000000000000e+04 4.471981805209262473e-01
6.004800000000000000e+04 4.462501228147320309e-01
6.029200000000000000e+04 4.453868541546862070e-01
6.031100000000000000e+04 4.452443644210075657e-01
6.055500000000000000e+04 4.443325434470078994e-01
6.079800000000000000e+04 4.434529509383983714e-01
6.081600000000000000e+04 4.433857119819195058e-01
6.128400000000000000e+04 4.418417598497379473e-01
6.130200000000000000e+04 4.417642355852286484e-01
6.154500000000000000e+04 4.409924785479717446e-01
6.178800000000000000e+04 4.401386050335433509e-01
6.180600000000000000e+04 4.400733292648801864e-01
6.227400000000000000e+04 4.386530587793955882e-01
6.229200000000000000e+04 4.385979556707400029e-01
6.231000000000000000e+04 4.385543994243989441e-01
6.255300000000000000e+04 4.377747680439579292e-01
6.279600000000000000e+04 4.370000424616347079e-01
6.281400000000000000e+04 4.369437582962184541e-01
6.328225000000000000e+04 4.353831534421653826e-01
6.330000000000000000e+04 4.353344647843687687e-01
6.354600000000000000e+04 4.345350908082790120e-01
6.356350000000000000e+04 4.344657650937043813e-01
6.380350000000000000e+04 4.337204059154355917e-01
6.382075000000000000e+04 4.336703165896426126e-01
6.428600000000000000e+04 4.322477747386615499e-01
6.452825000000000000e+04 4.314703653308238906e-01
6.454525000000000000e+04 4.314250329338242262e-01
6.456225000000000000e+04 4.313862432588381202e-01
6.480450000000000000e+04 4.305993534063811135e-01
6.482150000000000000e+04 4.305561755802915780e-01
6.528475000000000000e+04 4.292378004502882538e-01
6.552700000000000000e+04 4.284618583243874346e-01
6.554400000000000000e+04 4.284151449903779718e-01
6.556100000000000000e+04 4.283635245400926328e-01
6.580325000000000000e+04 4.276630131015954350e-01
6.582025000000000000e+04 4.275876703009961477e-01
6.628775000000000000e+04 4.262363472064527037e-01
6.653000000000000000e+04 4.254806032335706201e-01
6.654700000000000000e+04 4.254470232261999274e-01
6.656400000000000000e+04 4.254101226402035030e-01
6.680625000000000000e+04 4.247395704061509014e-01
6.682325000000000000e+04 4.246755720999264572e-01
6.729075000000000000e+04 4.233546162294541948e-01
6.753300000000000000e+04 4.226664023283173144e-01
6.755000000000000000e+04 4.226240868968142994e-01
6.779225000000000000e+04 4.219301914802651710e-01
6.780925000000000000e+04 4.218766050954273483e-01
6.805150000000000000e+04 4.212204988141488582e-01
6.829375000000000000e+04 4.205576323390654014e-01
6.853600000000000000e+04 4.199254647521824535e-01
6.855300000000000000e+04 4.198724817151402999e-01
6.879525000000000000e+04 4.191320099712902425e-01
6.881225000000000000e+04 4.190921050715636365e-01
6.905450000000000000e+04 4.184397256042181601e-01
6.929675000000000000e+04 4.177651534453938331e-01
6.953975000000000000e+04 4.170702458573456450e-01
6.955825000000000000e+04 4.169052755399821342e-01
6.980100000000000000e+04 4.161445136570408598e-01
6.981850000000000000e+04 4.160407457220651750e-01
7.028675000000000000e+04 4.146584379695156253e-01
7.053050000000000000e+04 4.138121261174304566e-01
7.054800000000000000e+04 4.137080485828162901e-01
7.079100000000000000e+04 4.129725832067762115e-01
7.080775000000000000e+04 4.129267444305644852e-01
7.105000000000000000e+04 4.123022689190541379e-01
7.129450000000000000e+04 4.116591144094641774e-01
7.153700000000000000e+04 4.109542138788984111e-01
7.155350000000000000e+04 4.109198376999866342e-01
7.179775000000000000e+04 4.102292555724256218e-01
7.181400000000000000e+04 4.102005197683943338e-01
7.205550000000000000e+04 4.095889504424574112e-01
7.229550000000000000e+04 4.089574816999848039e-01
7.253550000000000000e+04 4.083367863250564334e-01
7.255150000000000000e+04 4.082949614713796138e-01
7.279150000000000000e+04 4.076502507505683215e-01
7.280750000000000000e+04 4.076176611423436569e-01
7.305150000000000000e+04 4.070212345435276768e-01
7.329550000000000000e+04 4.064512052561535249e-01
7.353950000000000000e+04 4.057997042916138830e-01
7.355550000000000000e+04 4.057601264658354800e-01
7.379950000000000000e+04 4.051513652875339266e-01
7.381550000000000000e+04 4.051224225302825221e-01
7.405550000000000000e+04 4.045204514079244751e-01
7.429550000000000000e+04 4.039013857103698757e-01
7.453550000000000000e+04 4.032734140572256654e-01
7.455150000000000000e+04 4.032225858467342050e-01
7.479150000000000000e+04 4.026199128791364545e-01
7.480750000000000000e+04 4.025756093871026287e-01
7.505150000000000000e+04 4.019728206218841637e-01
7.529550000000000000e+04 4.013739956998482183e-01
7.553950000000000000e+04 4.007895034384008071e-01
7.555550000000000000e+04 4.007515069944230790e-01
7.579950000000000000e+04 4.001715535293533521e-01
7.581550000000000000e+04 4.001340577127329712e-01
7.605550000000000000e+04 3.995306029100552658e-01
7.629550000000000000e+04 3.989644422338741170e-01
7.653550000000000000e+04 3.984405867805346779e-01
7.655150000000000000e+04 3.984049908116704675e-01
7.679150000000000000e+04 3.978087643341497448e-01
7.680750000000000000e+04 3.977795116172927470e-01
7.705150000000000000e+04 3.971360372037152642e-01
7.729550000000000000e+04 3.966210809069642962e-01
7.753950000000000000e+04 3.960504853398171266e-01
7.755550000000000000e+04 3.960242223766939906e-01
7.779950000000000000e+04 3.954691526836023319e-01
7.781550000000000000e+04 3.954310109110527605e-01
7.805550000000000000e+04 3.948471791646570028e-01
7.829550000000000000e+04 3.942859027566524288e-01
7.853550000000000000e+04 3.937250132240168177e-01
7.855150000000000000e+04 3.936912331215288163e-01
7.879150000000000000e+04 3.931299324995575217e-01
7.880750000000000000e+04 3.930922481849520866e-01
7.905150000000000000e+04 3.925407068891991202e-01
7.929550000000000000e+04 3.919750258579332014e-01
7.954025000000000000e+04 3.913370952930584346e-01
7.955775000000000000e+04 3.912136592621315301e-01
7.980225000000000000e+04 3.905495305707764042e-01
7.981875000000000000e+04 3.904628048362665527e-01
8.028750000000000000e+04 3.893016807251499234e-01
8.030400000000000000e+04 3.891996346077913338e-01
8.054475000000000000e+04 3.886842918546946080e-01
8.056150000000000000e+04 3.886121081861999560e-01
8.080125000000000000e+04 3.880941805300743841e-01
8.081725000000000000e+04 3.880675260579315999e-01
8.128050000000000000e+04 3.870879977230941571e-01
8.129625000000000000e+04 3.870388559609921342e-01
8.153900000000000000e+04 3.865021239359711092e-01
8.155450000000000000e+04 3.864685886468541831e-01
8.179525000000000000e+04 3.859645996921448607e-01
8.181050000000000000e+04 3.859323477243242762e-01
8.205375000000000000e+04 3.854415962185126499e-01
8.229375000000000000e+04 3.849360671274000834e-01
8.253375000000000000e+04 3.844429197650398033e-01
8.254875000000000000e+04 3.844173428689808270e-01
8.256375000000000000e+04 3.843894148544372280e-01
8.280375000000000000e+04 3.838605464714209270e-01
8.304375000000000000e+04 3.833569837539885783e-01
8.305875000000000000e+04 3.833310776289591826e-01
8.329875000000000000e+04 3.828225515010169611e-01
8.353875000000000000e+04 3.822914475625779351e-01
8.355375000000000000e+04 3.822514500795811676e-01
8.379375000000000000e+04 3.817403141442489711e-01
8.380875000000000000e+04 3.817085130115436820e-01
8.404875000000000000e+04 3.812240479181220887e-01
8.428875000000000000e+04 3.807310718208346545e-01
8.430375000000000000e+04 3.806986274690580263e-01
8.454375000000000000e+04 3.802247184401053581e-01
8.455875000000000000e+04 3.801748965949605097e-01
8.479875000000000000e+04 3.796600399885920463e-01
8.481375000000000000e+04 3.796350146613171606e-01
8.505375000000000000e+04 3.791682587941242466e-01
8.529375000000000000e+04 3.786839965001158603e-01
8.553375000000000000e+04 3.782114181145379561e-01
8.554875000000000000e+04 3.781878826905132329e-01
8.556375000000000000e+04 3.781643675189360065e-01
8.580375000000000000e+04 3.777079185924326898e-01
8.604375000000000000e+04 3.771997170058172810e-01
8.605875000000000000e+04 3.771660142998676801e-01
8.629875000000000000e+04 3.767288050852727888e-01
8.653875000000000000e+04 3.762408292389639031e-01
8.655375000000000000e+04 3.762102140915645210e-01
8.679375000000000000e+04 3.757628483448797740e-01
8.680875000000000000e+04 3.757369296869458863e-01
8.704875000000000000e+04 3.753148947411851788e-01
8.728875000000000000e+04 3.748264960451788697e-01
8.730375000000000000e+04 3.748048155352698418e-01
8.754375000000000000e+04 3.743438286755758071e-01
8.755875000000000000e+04 3.743112854821106783e-01
8.779875000000000000e+04 3.738235902749906803e-01
8.781375000000000000e+04 3.738071757701286746e-01
8.805375000000000000e+04 3.733402248597627038e-01
