1.000000000000000000e+02 1.355162067681515836e+01
2.000000000000000000e+02 9.384305405221670782e+00
3.000000000000000000e+02 7.640339572893047659e+00
4.000000000000000000e+02 6.550144362340051707e+00
5.000000000000000000e+02 5.871081446645392887e+00
6.000000000000000000e+02 5.324937351056176382e+00
7.000000000000000000e+02 4.925636547988501590e+00
8.000000000000000000e+02 4.576480743155002529e+00
9.000000000000000000e+02 4.295073354759781026e+00
1.000000000000000000e+03 4.044985448038936227e+00
1.100000000000000000e+03 3.835778817793463080e+00
1.200000000000000000e+03 3.674240046106584501e+00
1.300000000000000000e+03 3.509989936082168693e+00
1.400000000000000000e+03 3.371671354456819536e+00
1.500000000000000000e+03 3.237032989533062288e+00
1.600000000000000000e+03 3.121900356035079316e+00
1.700000000000000000e+03 3.023244230957053968e+00
1.800000000000000000e+03 2.928089810529644677e+00
1.900000000000000000e+03 2.842359931376384097e+00
2.000000000000000000e+03 2.760154407888695705e+00
2.100000000000000000e+03 2.680937929810169429e+00
2.200000000000000000e+03 2.610740622456216187e+00
2.300000000000000000e+03 2.548451099395893760e+00
2.400000000000000000e+03 2.488568183782520205e+00
2.500000000000000000e+03 2.430958500982387971e+00
2.600000000000000000e+03 2.377274988148045942e+00
2.700000000000000000e+03 2.325679109231460373e+00
2.800000000000000000e+03 2.280180273238211264e+00
2.900000000000000000e+03 2.236709944523743054e+00
3.000000000000000000e+03 2.195139823158674730e+00
3.100000000000000000e+03 2.156316328365278423e+00
3.200000000000000000e+03 2.114914101144607095e+00
3.300000000000000000e+03 2.076706414554196911e+00
3.400000000000000000e+03 2.040390348487133743e+00
3.500000000000000000e+03 2.008296286859343915e+00
3.600000000000000000e+03 1.977022198643731521e+00
3.700000000000000000e+03 1.945996996240440424e+00
3.800000000000000000e+03 1.916159969616546999e+00
3.900000000000000000e+03 1.887773900597982779e+00
4.000000000000000000e+03 1.859291226005889142e+00
4.100000000000000000e+03 1.834034235980162908e+00
4.200000000000000000e+03 1.809277320456319504e+00
4.300000000000000000e+03 1.784821211403558205e+00
4.400000000000000000e+03 1.761896153387484398e+00
4.500000000000000000e+03 1.737154398294030733e+00
4.600000000000000000e+03 1.717303335286270549e+00
4.700000000000000000e+03 1.697109335070597247e+00
4.800000000000000000e+03 1.678215892893794692e+00
4.900000000000000000e+03 1.656431312620177732e+00
5.000000000000000000e+03 1.637757991094040744e+00
5.100000000000000000e+03 1.619647042707364371e+00
5.200000000000000000e+03 1.600744438234909195e+00
5.300000000000000000e+03 1.583706327146391590e+00
5.400000000000000000e+03 1.566598011893874265e+00
5.500000000000000000e+03 1.551171295134700312e+00
5.600000000000000000e+03 1.533723665150668047e+00
5.700000000000000000e+03 1.517666476949683041e+00
5.800000000000000000e+03 1.503108776706272298e+00
5.900000000000000000e+03 1.488692887199517756e+00
6.000000000000000000e+03 1.474726154045332915e+00
6.100000000000000000e+03 1.459788597971548585e+00
6.200000000000000000e+03 1.446453906496086628e+00
6.300000000000000000e+03 1.432305810824023418e+00
6.400000000000000000e+03 1.420491896037572754e+00
6.500000000000000000e+03 1.407179263366814537e+00
6.600000000000000000e+03 1.394474966720565590e+00
6.700000000000000000e+03 1.382046394025770120e+00
6.800000000000000000e+03 1.371192252488919738e+00
6.900000000000000000e+03 1.359119346869535505e+00
7.000000000000000000e+03 1.347305157653432284e+00
7.100000000000000000e+03 1.336317640138305896e+00
7.200000000000000000e+03 1.326106345775264650e+00
7.300000000000000000e+03 1.315524023967124201e+00
7.400000000000000000e+03 1.304675522409939337e+00
7.500000000000000000e+03 1.294977447873012721e+00
7.600000000000000000e+03 1.285561695034850960e+00
7.700000000000000000e+03 1.276331091083491076e+00
7.800000000000000000e+03 1.266403417345414839e+00
7.900000000000000000e+03 1.258503669983540352e+00
8.000000000000000000e+03 1.248976676082467430e+00
8.100000000000000000e+03 1.240243939287512198e+00
8.200000000000000000e+03 1.231474118816795027e+00
8.300000000000000000e+03 1.223183358677708554e+00
8.400000000000000000e+03 1.214521025206081850e+00
8.500000000000000000e+03 1.206878516906829013e+00
8.600000000000000000e+03 1.199202477968951186e+00
8.700000000000000000e+03 1.191286397300608701e+00
8.800000000000000000e+03 1.183638719699226183e+00
8.900000000000000000e+03 1.176258702978182580e+00
9.000000000000000000e+03 1.168948790055910791e+00
9.100000000000000000e+03 1.161132197721355563e+00
9.200000000000000000e+03 1.154271818156245910e+00
9.300000000000000000e+03 1.146959811077653102e+00
9.400000000000000000e+03 1.139762321300642700e+00
9.500000000000000000e+03 1.132645377583449964e+00
9.600000000000000000e+03 1.125531019140526112e+00
9.700000000000000000e+03 1.119005424913777968e+00
9.800000000000000000e+03 1.112383339094211276e+00
9.900000000000000000e+03 1.106229678117844450e+00
