1.600000000000000000e+01 3.435638004219600816e+01
2.400000000000000000e+01 2.836796821888257369e+01
3.200000000000000000e+01 2.570529285614625792e+01
4.000000000000000000e+01 2.530297635700348025e+01
4.800000000000000000e+01 2.135815633976581651e+01
5.600000000000000000e+01 1.983609723591932905e+01
6.400000000000000000e+01 1.881549651297022407e+01
7.200000000000000000e+01 1.707803216792182610e+01
8.000000000000000000e+01 1.597708486497505653e+01
8.800000000000000000e+01 1.461606127919160159e+01
9.600000000000000000e+01 1.392171059890164386e+01
1.000000000000000000e+03 3.985261003565268467e+00
1.008000000000000000e+03 3.975274191762760534e+00
1.016000000000000000e+03 3.958849757476963216e+00
1.024000000000000000e+03 3.940937772825546137e+00
1.032000000000000000e+03 3.924644412663339743e+00
1.040000000000000000e+03 3.911643504224257217e+00
1.048000000000000000e+03 3.885620351760803004e+00
1.056000000000000000e+03 3.877830477365603823e+00
1.064000000000000000e+03 3.860409403614428303e+00
1.072000000000000000e+03 3.842079366302125543e+00
1.080000000000000000e+03 3.822822841988067211e+00
1.088000000000000000e+03 3.807880650206390438e+00
1.096000000000000000e+03 3.792014218962744376e+00
2.000000000000000000e+03 2.732803426951865511e+00
2.008000000000000000e+03 2.725923622746583064e+00
2.016000000000000000e+03 2.721003865596360871e+00
2.024000000000000000e+03 2.713967961404280871e+00
2.032000000000000000e+03 2.707063800159334122e+00
2.040000000000000000e+03 2.700777776524803109e+00
2.048000000000000000e+03 2.692234839667274393e+00
2.056000000000000000e+03 2.687251563209636540e+00
2.064000000000000000e+03 2.683583296787461769e+00
2.072000000000000000e+03 2.678830442995505656e+00
2.080000000000000000e+03 2.672701898347831229e+00
2.088000000000000000e+03 2.667645764729843716e+00
2.096000000000000000e+03 2.659972225053777617e+00
3.000000000000000000e+03 2.177840380452288116e+00
3.008000000000000000e+03 2.174362396752441029e+00
3.016000000000000000e+03 2.172459190444478772e+00
3.024000000000000000e+03 2.167678305103807546e+00
3.032000000000000000e+03 2.164800561769995468e+00
3.040000000000000000e+03 2.162216025599542846e+00
3.048000000000000000e+03 2.157940096331387281e+00
3.056000000000000000e+03 2.155175686185279549e+00
3.064000000000000000e+03 2.151719088900183596e+00
3.072000000000000000e+03 2.149880387744143029e+00
3.080000000000000000e+03 2.147230297345196881e+00
3.088000000000000000e+03 2.144140501338688054e+00
3.096000000000000000e+03 2.141649340769671284e+00
4.000000000000000000e+03 1.836816248653366568e+00
4.008000000000000000e+03 1.833879802203708387e+00
4.016000000000000000e+03 1.833079561096010890e+00
4.024000000000000000e+03 1.831084179621999208e+00
4.032000000000000000e+03 1.829445883817247820e+00
4.040000000000000000e+03 1.826639722893898199e+00
4.048000000000000000e+03 1.825459426080951575e+00
4.056000000000000000e+03 1.823848345718616537e+00
4.064000000000000000e+03 1.821775537635581976e+00
4.072000000000000000e+03 1.820014258210595148e+00
4.080000000000000000e+03 1.818772863099142434e+00
4.088000000000000000e+03 1.815567379101641343e+00
4.096000000000000000e+03 1.813434841140064258e+00
5.000000000000000000e+03 1.611045007659213102e+00
5.008000000000000000e+03 1.609804473615123133e+00
5.016000000000000000e+03 1.608622897450850076e+00
5.024000000000000000e+03 1.606613756197144305e+00
5.032000000000000000e+03 1.605087996326274968e+00
5.040000000000000000e+03 1.603503432990334820e+00
5.048000000000000000e+03 1.602567635108797184e+00
5.056000000000000000e+03 1.601147906709203150e+00
5.064000000000000000e+03 1.599501633404192269e+00
5.072000000000000000e+03 1.598230655405369127e+00
5.080000000000000000e+03 1.596530836753120797e+00
5.088000000000000000e+03 1.595186392961231769e+00
5.096000000000000000e+03 1.593669486642224520e+00
6.000000000000000000e+03 1.447073501064748635e+00
6.008000000000000000e+03 1.446386553806439101e+00
6.016000000000000000e+03 1.445526005163222161e+00
6.024000000000000000e+03 1.443522752775056706e+00
6.032000000000000000e+03 1.442490777328974350e+00
6.040000000000000000e+03 1.441110248270644822e+00
6.048000000000000000e+03 1.439870448779521972e+00
6.056000000000000000e+03 1.438553511912794347e+00
6.064000000000000000e+03 1.437115083032347140e+00
6.072000000000000000e+03 1.436442594065870493e+00
6.080000000000000000e+03 1.435222307052578028e+00
6.088000000000000000e+03 1.434348058553728267e+00
6.096000000000000000e+03 1.433620509093361584e+00
7.000000000000000000e+03 1.319795704102777689e+00
7.008000000000000000e+03 1.318846487849827387e+00
7.016000000000000000e+03 1.318026299537335078e+00
7.024000000000000000e+03 1.317221813043763401e+00
7.032000000000000000e+03 1.316216849306501846e+00
7.040000000000000000e+03 1.315436867015762124e+00
7.048000000000000000e+03 1.314445799061551678e+00
7.056000000000000000e+03 1.313255166162882182e+00
7.064000000000000000e+03 1.312335045337283734e+00
7.072000000000000000e+03 1.311510312341627404e+00
7.080000000000000000e+03 1.310362065682252108e+00
7.088000000000000000e+03 1.309717265239475292e+00
7.096000000000000000e+03 1.309210953221486395e+00
8.000000000000000000e+03 1.219037322365176257e+00
8.008000000000000000e+03 1.218583026345247067e+00
8.016000000000000000e+03 1.217559153278969353e+00
8.024000000000000000e+03 1.216760637555341917e+00
8.032000000000000000e+03 1.216187895417100151e+00
8.040000000000000000e+03 1.215270220366056808e+00
8.048000000000000000e+03 1.214587394060756775e+00
8.056000000000000000e+03 1.213811039896105282e+00
8.064000000000000000e+03 1.213466300467480163e+00
8.072000000000000000e+03 1.212750750050916704e+00
8.080000000000000000e+03 1.212141988119955549e+00
8.088000000000000000e+03 1.211486299347483975e+00
8.096000000000000000e+03 1.210724031181633187e+00
9.000000000000000000e+03 1.138363477416542313e+00
9.008000000000000000e+03 1.137765742868009911e+00
9.016000000000000000e+03 1.136957277357922624e+00
9.024000000000000000e+03 1.136444980561125195e+00
9.032000000000000000e+03 1.135770049751118282e+00
9.040000000000000000e+03 1.135220962370327769e+00
9.048000000000000000e+03 1.134770157259950452e+00
9.056000000000000000e+03 1.134129173189631468e+00
9.064000000000000000e+03 1.133680983559508526e+00
9.072000000000000000e+03 1.133113321721449740e+00
9.080000000000000000e+03 1.132508429206835920e+00
9.088000000000000000e+03 1.132023821424350540e+00
9.096000000000000000e+03 1.131397720760776160e+00
