4.000000000000000000e+02 7.843762234042474191e+00
8.000000000000000000e+02 5.685049644339103203e+00
1.200000000000000000e+03 4.680963785114386155e+00
1.600000000000000000e+03 4.063703401785900837e+00
2.000000000000000000e+03 3.650166006973567079e+00
2.400000000000000000e+03 3.330368252451225697e+00
2.800000000000000000e+03 3.087183055504329143e+00
3.200000000000000000e+03 2.891665612790718320e+00
3.600000000000000000e+03 2.725749004274232945e+00
4.000000000000000000e+03 2.580490913077401860e+00
4.400000000000000000e+03 2.455235940694801222e+00
4.800000000000000000e+03 2.351047577559830515e+00
5.200000000000000000e+03 2.255472880270148917e+00
5.600000000000000000e+03 2.170249634653727000e+00
6.000000000000000000e+03 2.094217107857077487e+00
6.400000000000000000e+03 2.024604425255849272e+00
6.800000000000000000e+03 1.960650375827758918e+00
7.200000000000000000e+03 1.904008452982774324e+00
7.600000000000000000e+03 1.850487853902947677e+00
8.000000000000000000e+03 1.801235948384523722e+00
8.400000000000000000e+03 1.754064017563486066e+00
8.800000000000000000e+03 1.710557128141798833e+00
9.200000000000000000e+03 1.670675198467915568e+00
9.600000000000000000e+03 1.633833231270512831e+00
1.000000000000000000e+04 1.599042898018796066e+00
