6.000000000000000000e+00 8.218877303238061813e+02
6.900000000000000000e+01 3.143028291555253873e+02
1.014000000000000000e+03 1.166738524417633442e+02
1.077000000000000000e+03 1.136860024467799377e+02
2.022000000000000000e+03 8.599045554115373591e+01
2.085000000000000000e+03 8.480076347002207626e+01
3.030000000000000000e+03 7.158457063917676066e+01
3.093000000000000000e+03 7.091068998712020743e+01
4.038000000000000000e+03 6.276295264215557523e+01
5.046000000000000000e+03 5.664917408591300330e+01
6.054000000000000000e+03 5.207698115981690989e+01
7.062000000000000000e+03 4.850169627351830570e+01
8.007000000000000000e+03 4.575722065637940972e+01
8.070000000000000000e+03 4.559200551695892045e+01
9.015000000000000000e+03 4.330739148350221512e+01
9.078000000000000000e+03 4.316946284078548501e+01
1.002300000000000000e+04 4.122540274442161490e+01
1.008600000000000000e+04 4.110381448608028876e+01
1.103100000000000000e+04 3.942846058628879291e+01
1.109400000000000000e+04 3.932256763589467141e+01
1.203900000000000000e+04 3.785400967609746914e+01
1.304700000000000000e+04 3.646233387465982645e+01
1.405500000000000000e+04 3.521708209581872495e+01
1.500000000000000000e+04 3.416423556940910800e+01
1.506300000000000000e+04 3.409701278358522103e+01
1.600800000000000000e+04 3.313896455480933412e+01
1.607100000000000000e+04 3.307992258637055016e+01
1.701600000000000000e+04 3.220861497874523849e+01
1.707900000000000000e+04 3.215321817561005702e+01
1.802400000000000000e+04 3.135321198271002530e+01
1.808700000000000000e+04 3.130209859549550799e+01
1.903200000000000000e+04 3.056558661695699541e+01
1.909500000000000000e+04 3.051942328456613751e+01
2.004000000000000000e+04 2.983777923147785316e+01
2.104800000000000000e+04 2.915946578617794671e+01
2.205600000000000000e+04 2.852765863912151900e+01
2.300100000000000000e+04 2.797179764148389935e+01
2.306400000000000000e+04 2.793607082220093218e+01
2.400900000000000000e+04 2.741478952699128513e+01
2.407200000000000000e+04 2.738126639855594036e+01
2.501700000000000000e+04 2.689045779165871863e+01
2.508000000000000000e+04 2.685878602958950268e+01
2.602500000000000000e+04 2.639635432812428562e+01
2.608800000000000000e+04 2.636645352657859576e+01
2.703300000000000000e+04 2.592977704545260309e+01
2.709600000000000000e+04 2.590146781987579772e+01
2.804100000000000000e+04 2.548742246808333078e+01
2.904900000000000000e+04 2.506827529792860787e+01
3.005700000000000000e+04 2.466982413247469452e+01
3.100200000000000000e+04 2.431380602748603437e+01
3.106500000000000000e+04 2.429057951990099440e+01
3.201000000000000000e+04 2.395111067507490787e+01
3.207300000000000000e+04 2.392890138131881272e+01
3.301800000000000000e+04 2.360460888580404770e+01
3.308100000000000000e+04 2.358341903247507432e+01
3.402600000000000000e+04 2.327348033387798765e+01
3.408900000000000000e+04 2.325319591054969237e+01
3.503400000000000000e+04 2.295607436982461991e+01
3.509700000000000000e+04 2.293667253505105919e+01
3.604200000000000000e+04 2.265183950927901435e+01
3.705000000000000000e+04 2.235987495909964551e+01
3.805800000000000000e+04 2.207921839930620678e+01
3.900300000000000000e+04 2.182603266590874469e+01
3.906600000000000000e+04 2.180944860802557272e+01
4.001100000000000000e+04 2.156562933190809872e+01
4.007400000000000000e+04 2.154967518672249938e+01
4.101900000000000000e+04 2.131462385536195114e+01
4.108200000000000000e+04 2.129925762168343084e+01
4.202700000000000000e+04 2.107249186658198781e+01
4.209000000000000000e+04 2.105765616546629815e+01
4.303500000000000000e+04 2.083869976869929275e+01
4.309800000000000000e+04 2.082433158602903589e+01
4.404300000000000000e+04 2.061279035722735742e+01
4.505100000000000000e+04 2.039437214336944848e+01
4.605900000000000000e+04 2.018310764412335701e+01
4.700400000000000000e+04 1.999103700232631198e+01
4.706700000000000000e+04 1.997841602263524763e+01
4.801200000000000000e+04 1.979224499564287498e+01
4.807500000000000000e+04 1.978001829147505930e+01
4.902000000000000000e+04 1.959940722487068143e+01
4.908300000000000000e+04 1.958755375084986028e+01
5.002800000000000000e+04 1.941241266382563779e+01
5.009100000000000000e+04 1.940088202289930663e+01
5.103600000000000000e+04 1.923076074349514997e+01
5.109900000000000000e+04 1.921961293649719948e+01
5.204400000000000000e+04 1.905451918933396627e+01
5.305200000000000000e+04 1.888326621234625691e+01
5.406000000000000000e+04 1.871744253751186093e+01
5.500500000000000000e+04 1.856545184736766174e+01
5.506800000000000000e+04 1.855546215584319825e+01
5.601300000000000000e+04 1.840729607772306764e+01
5.607600000000000000e+04 1.839755840816581411e+01
5.702100000000000000e+04 1.825324198575991375e+01
5.708400000000000000e+04 1.824372517800556537e+01
5.802900000000000000e+04 1.810302799879909230e+01
5.809200000000000000e+04 1.809377026253402931e+01
5.903700000000000000e+04 1.795663563223761017e+01
6.004500000000000000e+04 1.781385909778868637e+01
6.105300000000000000e+04 1.767562501305957667e+01
6.206100000000000000e+04 1.753881346291024457e+01
6.300600000000000000e+04 1.741741793034446317e+01
6.306900000000000000e+04 1.740659559076270213e+01
6.401400000000000000e+04 1.728777035134821460e+01
6.407700000000000000e+04 1.727711174769494562e+01
6.502200000000000000e+04 1.715992955315642732e+01
6.508500000000000000e+04 1.715227005997723353e+01
6.603000000000000000e+04 1.703525895643172916e+01
6.609300000000000000e+04 1.702844579956828142e+01
6.703800000000000000e+04 1.691591388455941924e+01
6.804600000000000000e+04 1.679633952522306117e+01
6.905400000000000000e+04 1.668021141671042429e+01
7.006200000000000000e+04 1.656648316465073378e+01
7.100700000000000000e+04 1.646305125476222386e+01
7.107000000000000000e+04 1.645634972216796399e+01
7.201500000000000000e+04 1.635411786521247990e+01
7.207800000000000000e+04 1.634752802260753057e+01
7.302300000000000000e+04 1.624775059144021938e+01
7.308600000000000000e+04 1.624112730855829412e+01
7.403100000000000000e+04 1.614294770866009898e+01
7.409400000000000000e+04 1.613647679844472904e+01
7.503900000000000000e+04 1.604021815587645250e+01
7.604700000000000000e+04 1.593950336046089333e+01
7.705500000000000000e+04 1.584067535751760403e+01
7.800000000000000000e+04 1.574984641351906056e+01
7.806300000000000000e+04 1.574385195339248966e+01
7.900800000000000000e+04 1.565463220847544967e+01
7.907100000000000000e+04 1.564874166184107196e+01
8.001600000000000000e+04 1.556118401029394249e+01
8.007900000000000000e+04 1.555540756046700857e+01
8.102400000000000000e+04 1.546943487641499715e+01
8.108700000000000000e+04 1.546376299380062314e+01
8.203200000000000000e+04 1.537940833797881623e+01
8.209500000000000000e+04 1.537384739614237361e+01
8.304000000000000000e+04 1.529097933995734948e+01
8.404800000000000000e+04 1.520406909084421621e+01
8.505600000000000000e+04 1.511870633195022329e+01
8.600100000000000000e+04 1.503999165084281842e+01
8.606400000000000000e+04 1.503479974087414561e+01
8.700900000000000000e+04 1.495744268527226062e+01
8.707200000000000000e+04 1.495233073392023115e+01
8.801700000000000000e+04 1.487628958075374364e+01
8.808000000000000000e+04 1.487126953280060171e+01
8.902500000000000000e+04 1.479651674605579537e+01
8.908800000000000000e+04 1.479157392112942304e+01
9.003300000000000000e+04 1.471807226019263126e+01
9.009600000000000000e+04 1.471321687112802223e+01
9.104100000000000000e+04 1.464086449191938399e+01
9.204900000000000000e+04 1.456489905265295270e+01
9.305700000000000000e+04 1.449016594283391157e+01
9.400200000000000000e+04 1.442119962438215808e+01
9.406500000000000000e+04 1.441662953200859221e+01
9.501000000000000000e+04 1.434870890831394874e+01
9.507300000000000000e+04 1.434422549998348906e+01
9.601800000000000000e+04 1.427737697505199144e+01
9.608100000000000000e+04 1.427294416086884965e+01
9.702600000000000000e+04 1.420713408429067925e+01
9.708900000000000000e+04 1.420277068852394287e+01
9.803400000000000000e+04 1.413820053366785778e+01
9.809700000000000000e+04 1.413375736899725865e+01
9.904200000000000000e+04 1.407028246563856300e+01
