6.000000000000000000e+00 8.218877303238061813e+02
1.200000000000000000e+01 6.045742159681436760e+02
1.800000000000000000e+01 5.044702720595938672e+02
2.400000000000000000e+01 4.434213938788243468e+02
3.000000000000000000e+01 4.010867783882887920e+02
3.600000000000000000e+01 3.694473476061504584e+02
4.200000000000000000e+01 3.446083600258165802e+02
4.800000000000000000e+01 3.244174843354471705e+02
5.400000000000000000e+01 3.075720664211291933e+02
6.000000000000000000e+01 2.932293042876603977e+02
6.600000000000000000e+01 2.808202816315268819e+02
7.200000000000000000e+01 2.699436411800058409e+02
7.800000000000000000e+01 2.603018326896678900e+02
8.400000000000000000e+01 2.516764282362708798e+02
9.000000000000000000e+01 2.438987087883165543e+02
9.600000000000000000e+01 2.368369035556353026e+02
1.002000000000000000e+03 8.062018207460464225e+01
1.008000000000000000e+03 8.039746993692932620e+01
1.014000000000000000e+03 8.017668222956299928e+01
1.020000000000000000e+03 7.995779110873357354e+01
1.026000000000000000e+03 7.974076929142378845e+01
1.032000000000000000e+03 7.952559004330886694e+01
1.038000000000000000e+03 7.931222716478552570e+01
1.044000000000000000e+03 7.910065497727549655e+01
1.050000000000000000e+03 7.889084830994423214e+01
1.056000000000000000e+03 7.868457051616064746e+01
1.062000000000000000e+03 7.847834921628039240e+01
1.068000000000000000e+03 7.827368862288084017e+01
1.074000000000000000e+03 7.807068734537085675e+01
1.080000000000000000e+03 7.786933228393706941e+01
1.086000000000000000e+03 7.766960182874285579e+01
1.092000000000000000e+03 7.747147408194673801e+01
1.098000000000000000e+03 7.727492750402052479e+01
2.004000000000000000e+03 5.844944943819963612e+01
2.010000000000000000e+03 5.836821707230055978e+01
2.016000000000000000e+03 5.828913676197385740e+01
2.022000000000000000e+03 5.820710987962993954e+01
2.028000000000000000e+03 5.812846869269381500e+01
2.034000000000000000e+03 5.804710241986614250e+01
2.040000000000000000e+03 5.796912941184992007e+01
2.046000000000000000e+03 5.789025287214998627e+01
2.052000000000000000e+03 5.781148411075211158e+01
2.058000000000000000e+03 5.773300855211177662e+01
2.064000000000000000e+03 5.765485860226933568e+01
2.070000000000000000e+03 5.757703833222849710e+01
2.076000000000000000e+03 5.749954658178581468e+01
2.082000000000000000e+03 5.742238124046851055e+01
2.088000000000000000e+03 5.734554004055628695e+01
2.094000000000000000e+03 5.726902070378939413e+01
3.000000000000000000e+03 4.844707121019244767e+01
3.006000000000000000e+03 4.840195975595271705e+01
3.012000000000000000e+03 4.835697961359931440e+01
3.018000000000000000e+03 4.831213024344828000e+01
3.024000000000000000e+03 4.826741103577126069e+01
3.030000000000000000e+03 4.822282136418992593e+01
3.036000000000000000e+03 4.817836060072846749e+01
3.042000000000000000e+03 4.813402812003770492e+01
3.048000000000000000e+03 4.808982330056087307e+01
3.054000000000000000e+03 4.804574552483635586e+01
3.060000000000000000e+03 4.800179417955666850e+01
3.066000000000000000e+03 4.795796865555891486e+01
3.072000000000000000e+03 4.791426834779623789e+01
3.078000000000000000e+03 4.787069265530421092e+01
3.084000000000000000e+03 4.782724098116594291e+01
3.090000000000000000e+03 4.778391273247725479e+01
3.096000000000000000e+03 4.774070732031194098e+01
4.002000000000000000e+03 4.235855825575378475e+01
4.008000000000000000e+03 4.232762594440933412e+01
4.014000000000000000e+03 4.229939929246755526e+01
4.020000000000000000e+03 4.226858767007962570e+01
4.026000000000000000e+03 4.224047938710791072e+01
4.032000000000000000e+03 4.220979999004642025e+01
4.038000000000000000e+03 4.218181328327746371e+01
4.044000000000000000e+03 4.215126682341018949e+01
4.050000000000000000e+03 4.212340135621086290e+01
4.056000000000000000e+03 4.209298709184173504e+01
4.062000000000000000e+03 4.206524205672461392e+01
4.068000000000000000e+03 4.203495905835463731e+01
4.074000000000000000e+03 4.200733359199296757e+01
4.080000000000000000e+03 4.197897446130929211e+01
4.086000000000000000e+03 4.194855988320341567e+01
4.092000000000000000e+03 4.192100501441211691e+01
4.098000000000000000e+03 4.189278657184735977e+01
5.004000000000000000e+03 3.816490687818355099e+01
5.010000000000000000e+03 3.814251088034176007e+01
5.016000000000000000e+03 3.812073552185226788e+01
5.022000000000000000e+03 3.809924853651490650e+01
5.028000000000000000e+03 3.807969912087921927e+01
5.034000000000000000e+03 3.805742027231701741e+01
5.040000000000000000e+03 3.803577980308226358e+01
5.046000000000000000e+03 3.801622763659389648e+01
5.052000000000000000e+03 3.799401023384403686e+01
5.058000000000000000e+03 3.797245891336497436e+01
5.064000000000000000e+03 3.795299916490569103e+01
5.070000000000000000e+03 3.793089235094315370e+01
5.076000000000000000e+03 3.790945078672874047e+01
5.082000000000000000e+03 3.789009108322863995e+01
5.088000000000000000e+03 3.786809829797029181e+01
5.094000000000000000e+03 3.784855880901274361e+01
6.000000000000000000e+03 3.506240315598007840e+01
6.006000000000000000e+03 3.504655580706392470e+01
6.012000000000000000e+03 3.502865131294699808e+01
6.018000000000000000e+03 3.501331247933173074e+01
6.024000000000000000e+03 3.499752441964914595e+01
6.030000000000000000e+03 3.497969223854227039e+01
6.036000000000000000e+03 3.496441782484590988e+01
6.042000000000000000e+03 3.494869727502453571e+01
6.048000000000000000e+03 3.493094199857076632e+01
6.054000000000000000e+03 3.491573373321699592e+01
6.060000000000000000e+03 3.490008136862099519e+01
6.066000000000000000e+03 3.488240312659983999e+01
6.072000000000000000e+03 3.486726082381214553e+01
6.078000000000000000e+03 3.485167630501257463e+01
6.084000000000000000e+03 3.483586765162526433e+01
6.090000000000000000e+03 3.481814543326431988e+01
6.096000000000000000e+03 3.480302769531109419e+01
7.002000000000000000e+03 3.261969559648240846e+01
7.008000000000000000e+03 3.260769496399924350e+01
7.014000000000000000e+03 3.259526725753509879e+01
7.020000000000000000e+03 3.258076664620500651e+01
7.026000000000000000e+03 3.256870348132915183e+01
7.032000000000000000e+03 3.255625885420219134e+01
7.038000000000000000e+03 3.254176965115761533e+01
7.044000000000000000e+03 3.252973170522616897e+01
7.050000000000000000e+03 3.251732184802508385e+01
7.056000000000000000e+03 3.250287883385205134e+01
7.062000000000000000e+03 3.249088213635653233e+01
7.068000000000000000e+03 3.247851638974488253e+01
7.074000000000000000e+03 3.246412573318831818e+01
7.080000000000000000e+03 3.245217302545042060e+01
7.086000000000000000e+03 3.243985288465538019e+01
7.092000000000000000e+03 3.242551545505467203e+01
7.098000000000000000e+03 3.241360701808145706e+01
8.004000000000000000e+03 3.064346379433461109e+01
8.010000000000000000e+03 3.063179080412115951e+01
8.016000000000000000e+03 3.062050508528956527e+01
8.022000000000000000e+03 3.061122359886105926e+01
8.028000000000000000e+03 3.059958890798161235e+01
8.034000000000000000e+03 3.058834020824922817e+01
8.040000000000000000e+03 3.057908915278052930e+01
8.046000000000000000e+03 3.056749258758204491e+01
8.052000000000000000e+03 3.055807704341821918e+01
8.058000000000000000e+03 3.054636149114284649e+01
8.064000000000000000e+03 3.053508887394532678e+01
8.070000000000000000e+03 3.052584593386789891e+01
8.076000000000000000e+03 3.051427945210603454e+01
8.082000000000000000e+03 3.050489872842159045e+01
8.088000000000000000e+03 3.049323403670103261e+01
8.094000000000000000e+03 3.048381252244544015e+01
9.000000000000000000e+03 2.900679624581336213e+01
9.006000000000000000e+03 2.899773384148042510e+01
9.012000000000000000e+03 2.898868028294440435e+01
9.018000000000000000e+03 2.897963555569307204e+01
9.024000000000000000e+03 2.897059964524763132e+01
9.030000000000000000e+03 2.896157253716260982e+01
9.036000000000000000e+03 2.895255421702578502e+01
9.042000000000000000e+03 2.894354467045808477e+01
9.048000000000000000e+03 2.893454388311347003e+01
9.054000000000000000e+03 2.892555184067883900e+01
9.060000000000000000e+03 2.891656852887395956e+01
9.066000000000000000e+03 2.890759393345136274e+01
9.072000000000000000e+03 2.889862804019623255e+01
9.078000000000000000e+03 2.888967083492629939e+01
9.084000000000000000e+03 2.888072230349178682e+01
9.090000000000000000e+03 2.887178243177528003e+01
9.096000000000000000e+03 2.886285120569166196e+01
1.000200000000000000e+04 2.760793153157427327e+01
1.000800000000000000e+04 2.760125663823698261e+01
1.001400000000000000e+04 2.759241859203811842e+01
1.002000000000000000e+04 2.758575242977135389e+01
1.002600000000000000e+04 2.757692712795214618e+01
1.003200000000000000e+04 2.757027122723517465e+01
1.003800000000000000e+04 2.756146007190781688e+01
1.004400000000000000e+04 2.755481514685552469e+01
1.005000000000000000e+04 2.754601878496728062e+01
1.005600000000000000e+04 2.753938515930396136e+01
1.006200000000000000e+04 2.753060387670684506e+01
1.006800000000000000e+04 2.752398168750781693e+01
1.007400000000000000e+04 2.751521559744031009e+01
1.008000000000000000e+04 2.750860489258044694e+01
1.008600000000000000e+04 2.749985402581730654e+01
1.009200000000000000e+04 2.749325481058001941e+01
1.009800000000000000e+04 2.748451915855006078e+01
1.100400000000000000e+04 2.640105984852231558e+01
1.101000000000000000e+04 2.639458998937895728e+01
1.101600000000000000e+04 2.638804849455868151e+01
1.102200000000000000e+04 2.638145623243163485e+01
1.102800000000000000e+04 2.637482841408961676e+01
1.103400000000000000e+04 2.636817612647223186e+01
1.104000000000000000e+04 2.636150745001578599e+01
1.104600000000000000e+04 2.635482827341930800e+01
1.105200000000000000e+04 2.634814288760903978e+01
1.105800000000000000e+04 2.634145441873847204e+01
1.106400000000000000e+04 2.633476514384536671e+01
1.107000000000000000e+04 2.632807672096579310e+01
1.107600000000000000e+04 2.632139035688713591e+01
1.108200000000000000e+04 2.631470692944013479e+01
1.108800000000000000e+04 2.630802707664970086e+01
1.109400000000000000e+04 2.630135126172587690e+01
1.200000000000000000e+04 2.535007389839153191e+01
1.200600000000000000e+04 2.534404820195891617e+01
1.201200000000000000e+04 2.533984130896214992e+01
1.201800000000000000e+04 2.533337456958798484e+01
1.202400000000000000e+04 2.532705504140474773e+01
1.203000000000000000e+04 2.532084400302787941e+01
1.203600000000000000e+04 2.531471322512780375e+01
1.204200000000000000e+04 2.530864212708548777e+01
1.204800000000000000e+04 2.530261570419439110e+01
1.205400000000000000e+04 2.529841418890024585e+01
1.206000000000000000e+04 2.529196185229682925e+01
1.206600000000000000e+04 2.528566100351244472e+01
1.207200000000000000e+04 2.527947175216662146e+01
1.207800000000000000e+04 2.527336501674902181e+01
1.208400000000000000e+04 2.526731959541808337e+01
1.209000000000000000e+04 2.526311325847004952e+01
1.209600000000000000e+04 2.525666231546481555e+01
1.300200000000000000e+04 2.441619982950292211e+01
1.300800000000000000e+04 2.441004843682467396e+01
1.301400000000000000e+04 2.440590213795115204e+01
1.302000000000000000e+04 2.439968325227761525e+01
1.302600000000000000e+04 2.439550380987036959e+01
1.303200000000000000e+04 2.438924856000840080e+01
1.303800000000000000e+04 2.438505188115228606e+01
1.304400000000000000e+04 2.437877864044124721e+01
1.305000000000000000e+04 2.437457411282201392e+01
1.305600000000000000e+04 2.436829372265042082e+01
1.306200000000000000e+04 2.436408688433065350e+01
1.306800000000000000e+04 2.435780573857047671e+01
1.307400000000000000e+04 2.435359985446555342e+01
1.308000000000000000e+04 2.434732172079963064e+01
1.308600000000000000e+04 2.434311871357090240e+01
1.309200000000000000e+04 2.433684580896857597e+01
1.309800000000000000e+04 2.433264680870644270e+01
1.400400000000000000e+04 2.358012294965189071e+01
1.401000000000000000e+04 2.357611424400221978e+01
1.401600000000000000e+04 2.357196813766292465e+01
1.402200000000000000e+04 2.356589654353418695e+01
1.402800000000000000e+04 2.356189538122128013e+01
1.403400000000000000e+04 2.355775707426123589e+01
1.404000000000000000e+04 2.355169689778228914e+01
1.404600000000000000e+04 2.354770325683066545e+01
1.405200000000000000e+04 2.354357272611959573e+01
1.405800000000000000e+04 2.353752393297646250e+01
1.406400000000000000e+04 2.353353779053362160e+01
1.407000000000000000e+04 2.352941501225447496e+01
1.407600000000000000e+04 2.352337756737334828e+01
1.408200000000000000e+04 2.351939890022194746e+01
1.408800000000000000e+04 2.351528385028563051e+01
1.409400000000000000e+04 2.350925771831180100e+01
1.500000000000000000e+04 2.283341362512799932e+01
1.500600000000000000e+04 2.282933684732060442e+01
1.501200000000000000e+04 2.282522165044377971e+01
1.501800000000000000e+04 2.282107581010082598e+01
1.502400000000000000e+04 2.281690562406210532e+01
1.503000000000000000e+04 2.281271619305388043e+01
1.503600000000000000e+04 2.280851164819736354e+01
1.504200000000000000e+04 2.280429533523433960e+01
1.504800000000000000e+04 2.279826862116966524e+01
1.505400000000000000e+04 2.279437864055278951e+01
1.506000000000000000e+04 2.279041854416363933e+01
1.506600000000000000e+04 2.278640212625033001e+01
1.507200000000000000e+04 2.278234055969062410e+01
1.507800000000000000e+04 2.277824289405295133e+01
1.508400000000000000e+04 2.277411645902581228e+01
1.509000000000000000e+04 2.276996719119558676e+01
1.509600000000000000e+04 2.276579989873659926e+01
1.600200000000000000e+04 2.215085775214008734e+01
1.600800000000000000e+04 2.214695408381406594e+01
1.601400000000000000e+04 2.214305256242350595e+01
1.602000000000000000e+04 2.213915318598390058e+01
1.602600000000000000e+04 2.213525595251334011e+01
1.603200000000000000e+04 2.213136086003247982e+01
1.603800000000000000e+04 2.212746790656454010e+01
1.604400000000000000e+04 2.212357709013530993e+01
1.605000000000000000e+04 2.211968840877313980e+01
1.605600000000000000e+04 2.211580186050893815e+01
1.606200000000000000e+04 2.211191744337615006e+01
1.606800000000000000e+04 2.210803515541078923e+01
1.607400000000000000e+04 2.210415499465138822e+01
1.608000000000000000e+04 2.210027695913903756e+01
1.608600000000000000e+04 2.209640104691735729e+01
1.609200000000000000e+04 2.209252725603249701e+01
1.609800000000000000e+04 2.208865558453312516e+01
1.700400000000000000e+04 2.152844155763101952e+01
1.701000000000000000e+04 2.152644476550271690e+01
1.701600000000000000e+04 2.152235364740672097e+01
1.702200000000000000e+04 2.151836358774558633e+01
1.702800000000000000e+04 2.151445573466637029e+01
1.703400000000000000e+04 2.151061481786508267e+01
1.704000000000000000e+04 2.150862200219540910e+01
1.704600000000000000e+04 2.150453942857833312e+01
1.705200000000000000e+04 2.150055803316593028e+01
1.705800000000000000e+04 2.149665893983700471e+01
1.706400000000000000e+04 2.149282685863210318e+01
1.707000000000000000e+04 2.149083872481685731e+01
1.707600000000000000e+04 2.148676589435470774e+01
1.708200000000000000e+04 2.148279412657701215e+01
1.708800000000000000e+04 2.147890456580859464e+01
1.709400000000000000e+04 2.147508193865311910e+01
1.800000000000000000e+04 2.096176567467495389e+01
1.800600000000000000e+04 2.095789465222395265e+01
1.801200000000000000e+04 2.095591675644772067e+01
1.801800000000000000e+04 2.095191238471836925e+01
1.802400000000000000e+04 2.094804697725389531e+01
1.803000000000000000e+04 2.094607195458516102e+01
1.803600000000000000e+04 2.094207340588791055e+01
1.804200000000000000e+04 2.093821362435168254e+01
1.804800000000000000e+04 2.093624147827713955e+01
1.805400000000000000e+04 2.093224875633870852e+01
1.806000000000000000e+04 2.092839460151645881e+01
1.806600000000000000e+04 2.092642533119719417e+01
1.807200000000000000e+04 2.092243843235528544e+01
1.807800000000000000e+04 2.091858989905529498e+01
1.808400000000000000e+04 2.091662350110818025e+01
1.809000000000000000e+04 2.091264241735750673e+01
1.809600000000000000e+04 2.090879949687793982e+01
1.900200000000000000e+04 2.043518833048603511e+01
1.900800000000000000e+04 2.043321758856812664e+01
1.901400000000000000e+04 2.042927263853614051e+01
1.902000000000000000e+04 2.042728836222767796e+01
1.902600000000000000e+04 2.042332079996556615e+01
1.903200000000000000e+04 2.042132716326671016e+01
1.903800000000000000e+04 2.041734412548906263e+01
1.904400000000000000e+04 2.041534417045983218e+01
1.905000000000000000e+04 2.041135085826541484e+01
1.905600000000000000e+04 2.040754315094919491e+01
1.906200000000000000e+04 2.040561835994156326e+01
1.906800000000000000e+04 2.040175437157549965e+01
1.907400000000000000e+04 2.039980586511283178e+01
1.908000000000000000e+04 2.039590185119496724e+01
1.908600000000000000e+04 2.039393655882195233e+01
1.909200000000000000e+04 2.039000436805610761e+01
1.909800000000000000e+04 2.038802734063241218e+01
2.000400000000000000e+04 1.994918430886777472e+01
2.001000000000000000e+04 1.994529351583340926e+01
2.001600000000000000e+04 1.994335413615008790e+01
2.002200000000000000e+04 1.993950475213520335e+01
2.002800000000000000e+04 1.993758327229448923e+01
2.003400000000000000e+04 1.993376496505986850e+01
2.004000000000000000e+04 1.993185697990125860e+01
2.004600000000000000e+04 1.992985973570688785e+01
2.005200000000000000e+04 1.992591257220741596e+01
2.005800000000000000e+04 1.992395002214805899e+01
2.006400000000000000e+04 1.992006265194534365e+01
2.007000000000000000e+04 1.991812583796631131e+01
2.007600000000000000e+04 1.991428294209992345e+01
2.008200000000000000e+04 1.991236533312535428e+01
2.008800000000000000e+04 1.990855574277007278e+01
2.009400000000000000e+04 1.990665257699301449e+01
2.100000000000000000e+04 1.949902073780885914e+01
2.100600000000000000e+04 1.949702085890801584e+01
2.101200000000000000e+04 1.949310443654954028e+01
2.101800000000000000e+04 1.949117352934444725e+01
2.102400000000000000e+04 1.948917454766679924e+01
2.103000000000000000e+04 1.948526028269766286e+01
2.103600000000000000e+04 1.948333062295827744e+01
2.104200000000000000e+04 1.948133309150595949e+01
2.104800000000000000e+04 1.947742192824655305e+01
2.105400000000000000e+04 1.947549391786107975e+01
2.106000000000000000e+04 1.947349819764364298e+01
2.106600000000000000e+04 1.946959075211096035e+01
2.107200000000000000e+04 1.946766465300871474e+01
2.107800000000000000e+04 1.946567097907477262e+01
2.108400000000000000e+04 1.946176765189645863e+01
2.109000000000000000e+04 1.945984363418491370e+01
2.109600000000000000e+04 1.945785215894544606e+01
2.200200000000000000e+04 1.907575467346086029e+01
2.200800000000000000e+04 1.907389029049294038e+01
2.201400000000000000e+04 1.907196822008765835e+01
2.202000000000000000e+04 1.906999432852216358e+01
2.202600000000000000e+04 1.906615550555281402e+01
2.203200000000000000e+04 1.906427512137768687e+01
2.203800000000000000e+04 1.906233903962691656e+01
2.204400000000000000e+04 1.906035292732990882e+01
2.205000000000000000e+04 1.905649394642409789e+01
2.205600000000000000e+04 1.905460535755939944e+01
2.206200000000000000e+04 1.905266228028421693e+01
2.206800000000000000e+04 1.905067026045085044e+01
2.207400000000000000e+04 1.904680191519088694e+01
2.208000000000000000e+04 1.904490972206933108e+01
2.208600000000000000e+04 1.904296378861830163e+01
2.209200000000000000e+04 1.904096958562239905e+01
2.209800000000000000e+04 1.903709824271356155e+01
2.300400000000000000e+04 1.868099514464174860e+01
2.301000000000000000e+04 1.867914156184665586e+01
2.301600000000000000e+04 1.867724463684057312e+01
2.302200000000000000e+04 1.867530879124426590e+01
2.302800000000000000e+04 1.867333800446030878e+01
2.303400000000000000e+04 1.866953392598607664e+01
2.304000000000000000e+04 1.866768383603972836e+01
2.304600000000000000e+04 1.866579049103508581e+01
2.305200000000000000e+04 1.866385830359751097e+01
2.305800000000000000e+04 1.866189124503393870e+01
2.306400000000000000e+04 1.865989288946479974e+01
2.307000000000000000e+04 1.865604266121279764e+01
2.307600000000000000e+04 1.865417341910233162e+01
2.308200000000000000e+04 1.865226335902999111e+01
2.308800000000000000e+04 1.865031664957698609e+01
2.309400000000000000e+04 1.864833704241081591e+01
2.400000000000000000e+04 1.831386151232818449e+01
2.400600000000000000e+04 1.831191341638375292e+01
2.401200000000000000e+04 1.830994520538399684e+01
2.401800000000000000e+04 1.830795896956843194e+01
2.402400000000000000e+04 1.830415444858631346e+01
2.403000000000000000e+04 1.830231783262707523e+01
2.403600000000000000e+04 1.830045026825927579e+01
2.404200000000000000e+04 1.829855492886413515e+01
2.404800000000000000e+04 1.829663467043643976e+01
2.405400000000000000e+04 1.829469206332322173e+01
2.406000000000000000e+04 1.829272942078862130e+01
2.406600000000000000e+04 1.829074882472216501e+01
2.407200000000000000e+04 1.828875214877629318e+01
2.407800000000000000e+04 1.828493111656253944e+01
2.408400000000000000e+04 1.828308816716593199e+01
2.409000000000000000e+04 1.828121560783229427e+01
2.409600000000000000e+04 1.827931647766244794e+01
2.500200000000000000e+04 1.796565500351434608e+01
2.500800000000000000e+04 1.796369078639797578e+01
2.501400000000000000e+04 1.796172057363098773e+01
2.502000000000000000e+04 1.795974503596521998e+01
2.502600000000000000e+04 1.795776477703526197e+01
2.503200000000000000e+04 1.795578034007019497e+01
2.503800000000000000e+04 1.795379221393420721e+01
2.504400000000000000e+04 1.795180083856309494e+01
2.505000000000000000e+04 1.794980660985714138e+01
2.505600000000000000e+04 1.794780988408470535e+01
2.506200000000000000e+04 1.794581098184545098e+01
2.506800000000000000e+04 1.794200948044983690e+01
2.507400000000000000e+04 1.794018713299769630e+01
2.508000000000000000e+04 1.793834538367491049e+01
2.508600000000000000e+04 1.793648624339445874e+01
2.509200000000000000e+04 1.793461152193632913e+01
2.509800000000000000e+04 1.793272284806085537e+01
2.600400000000000000e+04 1.763670652430302255e+01
2.601000000000000000e+04 1.763478915740535058e+01
2.601600000000000000e+04 1.763287244038835411e+01
2.602200000000000000e+04 1.763095637288202511e+01
2.602800000000000000e+04 1.762904095451661846e+01
2.603400000000000000e+04 1.762712618492268035e+01
2.604000000000000000e+04 1.762521206373104832e+01
2.604600000000000000e+04 1.762329859057282277e+01
2.605200000000000000e+04 1.762138576507940613e+01
2.605800000000000000e+04 1.761947358688248499e+01
2.606400000000000000e+04 1.761756205561403377e+01
2.607000000000000000e+04 1.761565117090630750e+01
2.607600000000000000e+04 1.761374093239184901e+01
2.608200000000000000e+04 1.761183133970349957e+01
2.608800000000000000e+04 1.760992239247437396e+01
2.609400000000000000e+04 1.760801409033788900e+01
2.700000000000000000e+04 1.732705536995036155e+01
2.700600000000000000e+04 1.732524102687640521e+01
2.701200000000000000e+04 1.732342727607647959e+01
2.701800000000000000e+04 1.732161411722568545e+01
2.702400000000000000e+04 1.731980154999936872e+01
2.703000000000000000e+04 1.731798957407312400e+01
2.703600000000000000e+04 1.731617818912280526e+01
2.704200000000000000e+04 1.731436739482450804e+01
2.704800000000000000e+04 1.731255719085458011e+01
2.705400000000000000e+04 1.731074757688961796e+01
2.706000000000000000e+04 1.730893855260646319e+01
2.706600000000000000e+04 1.730713011768220611e+01
2.707200000000000000e+04 1.730532227179419635e+01
2.707800000000000000e+04 1.730351501462002517e+01
2.708400000000000000e+04 1.730170834583752892e+01
2.709000000000000000e+04 1.729990226512478912e+01
2.709600000000000000e+04 1.729809677216014663e+01
2.800200000000000000e+04 1.703202947749991125e+01
2.800800000000000000e+04 1.703030972414065758e+01
2.801400000000000000e+04 1.702859051208710994e+01
2.802000000000000000e+04 1.702687184105295159e+01
2.802600000000000000e+04 1.702515371075207895e+01
2.803200000000000000e+04 1.702343612089860514e+01
2.803800000000000000e+04 1.702171907120686001e+01
2.804400000000000000e+04 1.702000256139137235e+01
2.805000000000000000e+04 1.701828659116690190e+01
2.805600000000000000e+04 1.701657116024840022e+01
2.806200000000000000e+04 1.701485626835104270e+01
2.806800000000000000e+04 1.701314191519021435e+01
2.807400000000000000e+04 1.701142810048150622e+01
2.808000000000000000e+04 1.700971482394072609e+01
2.808600000000000000e+04 1.700800208528388779e+01
2.809200000000000000e+04 1.700628988422722188e+01
2.809800000000000000e+04 1.700457822048716139e+01
2.900400000000000000e+04 1.675212188185747664e+01
2.901000000000000000e+04 1.675048871403761197e+01
2.901600000000000000e+04 1.674885604251019444e+01
2.902200000000000000e+04 1.674722386702179477e+01
2.902800000000000000e+04 1.674559218731916133e+01
2.903400000000000000e+04 1.674396100314922364e+01
2.904000000000000000e+04 1.674233031425909246e+01
2.904600000000000000e+04 1.674070012039606681e+01
2.905200000000000000e+04 1.673907042130761980e+01
2.905800000000000000e+04 1.673744121674140928e+01
2.906400000000000000e+04 1.673581250644527074e+01
2.907000000000000000e+04 1.673418429016722442e+01
2.907600000000000000e+04 1.673255656765546817e+01
2.908200000000000000e+04 1.673092933865837750e+01
2.908800000000000000e+04 1.672930260292451266e+01
2.909400000000000000e+04 1.672767636020260795e+01
3.000000000000000000e+04 1.648762840019635689e+01
3.000600000000000000e+04 1.648607427734883402e+01
3.001200000000000000e+04 1.648452061109384914e+01
3.001800000000000000e+04 1.648296740120598614e+01
3.002400000000000000e+04 1.648141464745999230e+01
3.003000000000000000e+04 1.647986234963075702e+01
3.003600000000000000e+04 1.647831050749333315e+01
3.004200000000000000e+04 1.647675912082293337e+01
3.004800000000000000e+04 1.647520818939491605e+01
3.005400000000000000e+04 1.647365771298481008e+01
3.006000000000000000e+04 1.647210769136828645e+01
3.006600000000000000e+04 1.647055812432117605e+01
3.007200000000000000e+04 1.646900901161946251e+01
3.007800000000000000e+04 1.646746035303928934e+01
3.008400000000000000e+04 1.646591214835695993e+01
3.009000000000000000e+04 1.646436439734891266e+01
3.009600000000000000e+04 1.646281709979176000e+01
3.100200000000000000e+04 1.623425161567116604e+01
3.100800000000000000e+04 1.623277073426753958e+01
3.101400000000000000e+04 1.623129027387726708e+01
3.102000000000000000e+04 1.622981023429922232e+01
3.102600000000000000e+04 1.622833061533241050e+01
3.103200000000000000e+04 1.622685141677596476e+01
3.103800000000000000e+04 1.622537263842917099e+01
3.104400000000000000e+04 1.622389428009142165e+01
3.105000000000000000e+04 1.622241634156226553e+01
3.105600000000000000e+04 1.622093882264138642e+01
3.106200000000000000e+04 1.621946172312858891e+01
3.106800000000000000e+04 1.621798504282381970e+01
3.107400000000000000e+04 1.621650878152716047e+01
3.108000000000000000e+04 1.621503293903882792e+01
3.108600000000000000e+04 1.621355751515915955e+01
3.109200000000000000e+04 1.621208250968864917e+01
3.109800000000000000e+04 1.621060792242790072e+01
3.200400000000000000e+04 1.599263085812604857e+01
3.201000000000000000e+04 1.599121759746584104e+01
3.201600000000000000e+04 1.598980472601603786e+01
3.202200000000000000e+04 1.598839224359652178e+01
3.202800000000000000e+04 1.598698015002729811e+01
3.203400000000000000e+04 1.598556844512848407e+01
3.204000000000000000e+04 1.598415712872031946e+01
3.204600000000000000e+04 1.598274620062315421e+01
3.205200000000000000e+04 1.598133566065746258e+01
3.205800000000000000e+04 1.597992550864382189e+01
3.206400000000000000e+04 1.597851574440294087e+01
3.207000000000000000e+04 1.597710636775564375e+01
3.207600000000000000e+04 1.597569737852285421e+01
3.208200000000000000e+04 1.597428877652563450e+01
3.208800000000000000e+04 1.597288056158514991e+01
3.209400000000000000e+04 1.597147273352268115e+01
3.300000000000000000e+04 1.576322845853703924e+01
3.300600000000000000e+04 1.576187742490744981e+01
3.301200000000000000e+04 1.576052675212248388e+01
3.301800000000000000e+04 1.575917644002019280e+01
3.302400000000000000e+04 1.575782648843872735e+01
3.303000000000000000e+04 1.575647689721635203e+01
3.303600000000000000e+04 1.575512766619142013e+01
3.304200000000000000e+04 1.575377879520239333e+01
3.304800000000000000e+04 1.575243028408783985e+01
3.305400000000000000e+04 1.575108213268641677e+01
3.306000000000000000e+04 1.574973434083689838e+01
3.306600000000000000e+04 1.574838690837814426e+01
3.307200000000000000e+04 1.574703983514912764e+01
3.307800000000000000e+04 1.574569312098891771e+01
3.308400000000000000e+04 1.574434676573668845e+01
3.309000000000000000e+04 1.574300076923171332e+01
3.309600000000000000e+04 1.574165513131336525e+01
3.400200000000000000e+04 1.554248715809395698e+01
3.400800000000000000e+04 1.554119421610634433e+01
3.401400000000000000e+04 1.553990160927287079e+01
3.402000000000000000e+04 1.553860933744756068e+01
3.402600000000000000e+04 1.553731740048451293e+01
3.403200000000000000e+04 1.553602579823792595e+01
3.403800000000000000e+04 1.553473453056208697e+01
3.404400000000000000e+04 1.553344359731136137e+01
3.405000000000000000e+04 1.553215299834021934e+01
3.405600000000000000e+04 1.553086273350320923e+01
3.406200000000000000e+04 1.552957280265497531e+01
3.406800000000000000e+04 1.552828320565023645e+01
3.407400000000000000e+04 1.552699394234381991e+01
3.408000000000000000e+04 1.552570501259063107e+01
3.408600000000000000e+04 1.552441641624566060e+01
3.409200000000000000e+04 1.552312815316399863e+01
3.409800000000000000e+04 1.552184022320081169e+01
3.500400000000000000e+04 1.533110284881860252e+01
3.501000000000000000e+04 1.532986392006587728e+01
3.501600000000000000e+04 1.532862530327468775e+01
3.502200000000000000e+04 1.532738699831302043e+01
3.502800000000000000e+04 1.532614900504897548e+01
3.503400000000000000e+04 1.532491132335071349e+01
3.504000000000000000e+04 1.532367395308648028e+01
3.504600000000000000e+04 1.532243689412459631e+01
3.505200000000000000e+04 1.532120014633346194e+01
3.505800000000000000e+04 1.531996370958156639e+01
3.506400000000000000e+04 1.531872758373744858e+01
3.507000000000000000e+04 1.531749176866975404e+01
3.507600000000000000e+04 1.531625626424719400e+01
3.508200000000000000e+04 1.531502107033856142e+01
3.508800000000000000e+04 1.531378618681272030e+01
3.509400000000000000e+04 1.531255161353861816e+01
3.600000000000000000e+04 1.512961650806939318e+01
3.600600000000000000e+04 1.512842761427018345e+01
3.601200000000000000e+04 1.512723901155313655e+01
3.601800000000000000e+04 1.512605069979850470e+01
3.602400000000000000e+04 1.512486267888660052e+01
3.603000000000000000e+04 1.512367494869781837e+01
3.603600000000000000e+04 1.512248750911261652e+01
3.604200000000000000e+04 1.512130036001152789e+01
3.604800000000000000e+04 1.512011350127513332e+01
3.605400000000000000e+04 1.511892693278410960e+01
3.606000000000000000e+04 1.511774065441918502e+01
3.606600000000000000e+04 1.511655466606116605e+01
3.607200000000000000e+04 1.511536896759092130e+01
3.607800000000000000e+04 1.511418355888939757e+01
3.608400000000000000e+04 1.511299843983760027e+01
3.609000000000000000e+04 1.511181361031659875e+01
3.609600000000000000e+04 1.511062907020754942e+01
3.700200000000000000e+04 1.493501675401583739e+01
3.700800000000000000e+04 1.493387486229213401e+01
3.701400000000000000e+04 1.493273324257393853e+01
3.702000000000000000e+04 1.493159189475237980e+01
3.702600000000000000e+04 1.493045081871865420e+01
3.703200000000000000e+04 1.492931001436400607e+01
3.703800000000000000e+04 1.492816948157975254e+01
3.704400000000000000e+04 1.492702922025726764e+01
3.705000000000000000e+04 1.492588923028798042e+01
3.705600000000000000e+04 1.492474951156339280e+01
3.706200000000000000e+04 1.492361006397506173e+01
3.706800000000000000e+04 1.492247088741460281e+01
3.707400000000000000e+04 1.492133198177369025e+01
3.708000000000000000e+04 1.492019334694407107e+01
3.708600000000000000e+04 1.491905498281754205e+01
3.709200000000000000e+04 1.491791688928596749e+01
3.709800000000000000e+04 1.491677906624126493e+01
3.800400000000000000e+04 1.474800997574855010e+01
3.801000000000000000e+04 1.474691204521173127e+01
3.801600000000000000e+04 1.474581436931496370e+01
3.802200000000000000e+04 1.474471694795900945e+01
3.802800000000000000e+04 1.474361978104469628e+01
3.803400000000000000e+04 1.474252286847289994e+01
3.804000000000000000e+04 1.474142621014454946e+01
3.804600000000000000e+04 1.474032980596063069e+01
3.805200000000000000e+04 1.473923365582217926e+01
3.805800000000000000e+04 1.473813775963028405e+01
3.806400000000000000e+04 1.473704211728610325e+01
3.807000000000000000e+04 1.473594672869082700e+01
3.807600000000000000e+04 1.473485159374571296e+01
3.808200000000000000e+04 1.473375671235206852e+01
3.808800000000000000e+04 1.473266208441125968e+01
3.809400000000000000e+04 1.473156770982470221e+01
3.900000000000000000e+04 1.456916813095516261e+01
3.900600000000000000e+04 1.456811115121063338e+01
3.901200000000000000e+04 1.456705441034984361e+01
3.901800000000000000e+04 1.456599790828207830e+01
3.902400000000000000e+04 1.456494164491667043e+01
3.903000000000000000e+04 1.456388562016300625e+01
3.903600000000000000e+04 1.456282983393050756e+01
3.904200000000000000e+04 1.456177428612865299e+01
3.904800000000000000e+04 1.456071897666697623e+01
3.905400000000000000e+04 1.455966390545504474e+01
3.906000000000000000e+04 1.455860907240248636e+01
3.906600000000000000e+04 1.455755447741897157e+01
3.907200000000000000e+04 1.455650012041422059e+01
3.907800000000000000e+04 1.455544600129800159e+01
3.908400000000000000e+04 1.455439211998012539e+01
3.909000000000000000e+04 1.455333847637045963e+01
3.909600000000000000e+04 1.455228507037891106e+01
4.000200000000000000e+04 1.439589600366611677e+01
4.000800000000000000e+04 1.439487769598920330e+01
4.001400000000000000e+04 1.439385961269295144e+01
4.002000000000000000e+04 1.439284175369428631e+01
4.002600000000000000e+04 1.439182411891017566e+01
4.003200000000000000e+04 1.439080670825763164e+01
4.003800000000000000e+04 1.438978952165371439e+01
4.004400000000000000e+04 1.438877255901552488e+01
4.005000000000000000e+04 1.438775582026019961e+01
4.005600000000000000e+04 1.438673930530493017e+01
4.006200000000000000e+04 1.438572301406694010e+01
4.006800000000000000e+04 1.438470694646350267e+01
4.007400000000000000e+04 1.438369110241193738e+01
4.008000000000000000e+04 1.438267548182959565e+01
4.008600000000000000e+04 1.438166008463387868e+01
4.009200000000000000e+04 1.438064491074223206e+01
4.009800000000000000e+04 1.437962996007214223e+01
4.100400000000000000e+04 1.422888675244820078e+01
4.101000000000000000e+04 1.422790479692469390e+01
4.101600000000000000e+04 1.422692305248621558e+01
4.102200000000000000e+04 1.422594151905652637e+01
4.102800000000000000e+04 1.422496019655942767e+01
4.103400000000000000e+04 1.422397908491874574e+01
4.104000000000000000e+04 1.422299818405836902e+01
4.104600000000000000e+04 1.422201749390220371e+01
4.105200000000000000e+04 1.422103701437420042e+01
4.105800000000000000e+04 1.422005674539835063e+01
4.106400000000000000e+04 1.421907668689868842e+01
4.107000000000000000e+04 1.421809683879927633e+01
4.107600000000000000e+04 1.421711720102422483e+01
4.108200000000000000e+04 1.421613777349767815e+01
4.108800000000000000e+04 1.421515855614381607e+01
4.109400000000000000e+04 1.421417954888686452e+01
4.200000000000000000e+04 1.406871702232241361e+01
4.200600000000000000e+04 1.406776909100654116e+01
4.201200000000000000e+04 1.406682135863120209e+01
4.201800000000000000e+04 1.406587382512623918e+01
4.202400000000000000e+04 1.406492649042154675e+01
4.203000000000000000e+04 1.406397935444703329e+01
4.203600000000000000e+04 1.406303241713266416e+01
4.204200000000000000e+04 1.406208567840841894e+01
4.204800000000000000e+04 1.406113913820432337e+01
4.205400000000000000e+04 1.406019279645043696e+01
4.206000000000000000e+04 1.405924665307684762e+01
4.206600000000000000e+04 1.405830070801368414e+01
4.207200000000000000e+04 1.405735496119111794e+01
4.207800000000000000e+04 1.405640941253932574e+01
4.208400000000000000e+04 1.405546406198855358e+01
4.209000000000000000e+04 1.405451890946905635e+01
4.209600000000000000e+04 1.405357395491114403e+01
4.300200000000000000e+04 1.391311759180972984e+01
4.300800000000000000e+04 1.391220193702437591e+01
4.301400000000000000e+04 1.391128646992974716e+01
4.302000000000000000e+04 1.391037119046120374e+01
4.302600000000000000e+04 1.390945609855412712e+01
4.303200000000000000e+04 1.390854119414394496e+01
4.303800000000000000e+04 1.390762647716610267e+01
4.304400000000000000e+04 1.390671194755609008e+01
4.305000000000000000e+04 1.390579760524941833e+01
4.305600000000000000e+04 1.390488345018163585e+01
4.306200000000000000e+04 1.390396948228831953e+01
4.306800000000000000e+04 1.390305570150507819e+01
4.307400000000000000e+04 1.390214210776755444e+01
4.308000000000000000e+04 1.390122870101140684e+01
4.308600000000000000e+04 1.390031548117234550e+01
4.309200000000000000e+04 1.389940244818610182e+01
4.309800000000000000e+04 1.389848960198843386e+01
4.400400000000000000e+04 1.376275650216195778e+01
4.401000000000000000e+04 1.376187131898158356e+01
4.401600000000000000e+04 1.376098631311592690e+01
4.402200000000000000e+04 1.376010148450531645e+01
4.402800000000000000e+04 1.375921683309009680e+01
4.403400000000000000e+04 1.375833235881064986e+01
4.404000000000000000e+04 1.375744806160738420e+01
4.404600000000000000e+04 1.375656394142073147e+01
4.405200000000000000e+04 1.375567999819115705e+01
4.405800000000000000e+04 1.375479623185914768e+01
4.406400000000000000e+04 1.375391264236523270e+01
4.407000000000000000e+04 1.375302922964995567e+01
4.407600000000000000e+04 1.375214599365389212e+01
4.408200000000000000e+04 1.375126293431764601e+01
4.408800000000000000e+04 1.375038005158184973e+01
4.409400000000000000e+04 1.374949734538716228e+01
4.500000000000000000e+04 1.361820058540856415e+01
4.500600000000000000e+04 1.361734403980275943e+01
4.501200000000000000e+04 1.361648766197917837e+01
4.501800000000000000e+04 1.361563145188259938e+01
4.502400000000000000e+04 1.361477540945782749e+01
4.503000000000000000e+04 1.361391953464969973e+01
4.503600000000000000e+04 1.361306382740306731e+01
4.504200000000000000e+04 1.361220828766281521e+01
4.504800000000000000e+04 1.361135291537384795e+01
4.505400000000000000e+04 1.361049771048110202e+01
4.506000000000000000e+04 1.360964267292953167e+01
4.506600000000000000e+04 1.360878780266412846e+01
4.507200000000000000e+04 1.360793309962989994e+01
4.507800000000000000e+04 1.360707856377188563e+01
4.508400000000000000e+04 1.360622419503513925e+01
4.509000000000000000e+04 1.360536999336474651e+01
4.509600000000000000e+04 1.360451595870582508e+01
4.600200000000000000e+04 1.347744178467644538e+01
4.600800000000000000e+04 1.347661251230581492e+01
4.601400000000000000e+04 1.347578339883841458e+01
4.602000000000000000e+04 1.347495444422307465e+01
4.602600000000000000e+04 1.347412564840867333e+01
4.603200000000000000e+04 1.347329701134409241e+01
4.603800000000000000e+04 1.347246853297824387e+01
4.604400000000000000e+04 1.347164021326006278e+01
4.605000000000000000e+04 1.347081205213850552e+01
4.605600000000000000e+04 1.346998404956255158e+01
4.606200000000000000e+04 1.346915620548120884e+01
4.606800000000000000e+04 1.346832851984350299e+01
4.607400000000000000e+04 1.346750099259847921e+01
4.608000000000000000e+04 1.346667362369520937e+01
4.608600000000000000e+04 1.346584641308279906e+01
4.609200000000000000e+04 1.346501936071035921e+01
4.609800000000000000e+04 1.346419246652702739e+01
4.700400000000000000e+04 1.334111756549248540e+01
4.701000000000000000e+04 1.334031413808574840e+01
4.701600000000000000e+04 1.333951086134957009e+01
4.702200000000000000e+04 1.333870773523647557e+01
4.702800000000000000e+04 1.333790475969902012e+01
4.703400000000000000e+04 1.333710193468975724e+01
4.704000000000000000e+04 1.333629926016128486e+01
4.704600000000000000e+04 1.333549673606621155e+01
4.705200000000000000e+04 1.333469436235717254e+01
4.705800000000000000e+04 1.333389213898680836e+01
4.706400000000000000e+04 1.333309006590780399e+01
4.707000000000000000e+04 1.333228814307285148e+01
4.707600000000000000e+04 1.333148637043466422e+01
4.708200000000000000e+04 1.333068474794597691e+01
4.708800000000000000e+04 1.332988327555955088e+01
4.709400000000000000e+04 1.332908195322815459e+01
4.800000000000000000e+04 1.320977713707430468e+01
4.800600000000000000e+04 1.320899808620291438e+01
4.801200000000000000e+04 1.320821917840051540e+01
4.801800000000000000e+04 1.320744041362296528e+01
4.802400000000000000e+04 1.320666179182614641e+01
4.803000000000000000e+04 1.320588331296594475e+01
4.803600000000000000e+04 1.320510497699827823e+01
4.804200000000000000e+04 1.320432678387908254e+01
4.804800000000000000e+04 1.320354873356430403e+01
4.805400000000000000e+04 1.320277082600991747e+01
4.806000000000000000e+04 1.320199306117191362e+01
4.806600000000000000e+04 1.320121543900630101e+01
4.807200000000000000e+04 1.320043795946910947e+01
4.807800000000000000e+04 1.319966062251638483e+01
4.808400000000000000e+04 1.319888342810419601e+01
4.809000000000000000e+04 1.319810637618862614e+01
4.809600000000000000e+04 1.319732946672578322e+01
4.900200000000000000e+04 1.308162565539279143e+01
4.900800000000000000e+04 1.308086989943372203e+01
4.901400000000000000e+04 1.308011427942901861e+01
4.902000000000000000e+04 1.307935879533759049e+01
4.902600000000000000e+04 1.307860344711836653e+01
4.903200000000000000e+04 1.307784823473028979e+01
4.903800000000000000e+04 1.307709315813231932e+01
4.904400000000000000e+04 1.307633821728344259e+01
4.905000000000000000e+04 1.307558341214264352e+01
4.905600000000000000e+04 1.307482874266894513e+01
4.906200000000000000e+04 1.307407420882137572e+01
4.906800000000000000e+04 1.307331981055898851e+01
4.907400000000000000e+04 1.307256554784084912e+01
4.908000000000000000e+04 1.307181142062603563e+01
4.908600000000000000e+04 1.307105742887365274e+01
4.909200000000000000e+04 1.307030357254281761e+01
4.909800000000000000e+04 1.306954985159266869e+01
5.000400000000000000e+04 1.295726808396464946e+01
5.001000000000000000e+04 1.295653447583891094e+01
5.001600000000000000e+04 1.295580099704018195e+01
5.002200000000000000e+04 1.295506764753016782e+01
5.002800000000000000e+04 1.295433442727057738e+01
5.003400000000000000e+04 1.295360133622313903e+01
5.004000000000000000e+04 1.295286837434959359e+01
5.004600000000000000e+04 1.295213554161170322e+01
5.005200000000000000e+04 1.295140283797124248e+01
5.005800000000000000e+04 1.295067026339000016e+01
5.006400000000000000e+04 1.294993781782978637e+01
5.007000000000000000e+04 1.294920550125242009e+01
5.007600000000000000e+04 1.294847331361974341e+01
5.008200000000000000e+04 1.294774125489361083e+01
5.008800000000000000e+04 1.294700932503588930e+01
5.009400000000000000e+04 1.294627752400846887e+01
5.100000000000000000e+04 1.283723206962742402e+01
5.100600000000000000e+04 1.283651941688625087e+01
5.101200000000000000e+04 1.283580688732562791e+01
5.101800000000000000e+04 1.283509448090978289e+01
5.102400000000000000e+04 1.283438219760295951e+01
5.103000000000000000e+04 1.283367003736941925e+01
5.103600000000000000e+04 1.283295800017342891e+01
5.104200000000000000e+04 1.283224608597928196e+01
5.104800000000000000e+04 1.283153429475127538e+01
5.105400000000000000e+04 1.283082262645372751e+01
5.106000000000000000e+04 1.283011108105096731e+01
5.106600000000000000e+04 1.282939965850733799e+01
5.107200000000000000e+04 1.282868835878720049e+01
5.107800000000000000e+04 1.282797718185492997e+01
5.108400000000000000e+04 1.282726612767491936e+01
5.109000000000000000e+04 1.282655519621156692e+01
5.109600000000000000e+04 1.282584438742928867e+01
5.200200000000000000e+04 1.271989964541982765e+01
5.200800000000000000e+04 1.271920707889391977e+01
5.201400000000000000e+04 1.271851462977132385e+01
5.202000000000000000e+04 1.271782229801860531e+01
5.202600000000000000e+04 1.271713008360233843e+01
5.203200000000000000e+04 1.271643798648911527e+01
5.203800000000000000e+04 1.271574600664554033e+01
5.204400000000000000e+04 1.271505414403822343e+01
5.205000000000000000e+04 1.271436239863379924e+01
5.205600000000000000e+04 1.271367077039890958e+01
5.206200000000000000e+04 1.271297925930021577e+01
5.206800000000000000e+04 1.271228786530437915e+01
5.207400000000000000e+04 1.271159658837809125e+01
5.208000000000000000e+04 1.271090542848804361e+01
5.208600000000000000e+04 1.271021438560095262e+01
5.209200000000000000e+04 1.270952345968353114e+01
5.209800000000000000e+04 1.270883265070252222e+01
5.300400000000000000e+04 1.260584328339192339e+01
5.301000000000000000e+04 1.260516986973857279e+01
5.301600000000000000e+04 1.260449656808489038e+01
5.302200000000000000e+04 1.260382337839958211e+01
5.302800000000000000e+04 1.260315030065136632e+01
5.303400000000000000e+04 1.260247733480897026e+01
5.304000000000000000e+04 1.260180448084113891e+01
5.304600000000000000e+04 1.260113173871662440e+01
5.305200000000000000e+04 1.260045910840419303e+01
5.305800000000000000e+04 1.259978658987262179e+01
5.306400000000000000e+04 1.259911418309070541e+01
5.307000000000000000e+04 1.259844188802724219e+01
5.307600000000000000e+04 1.259776970465105173e+01
5.308200000000000000e+04 1.259709763293095719e+01
5.308800000000000000e+04 1.259642567283580306e+01
5.309400000000000000e+04 1.259575382433443380e+01
5.400000000000000000e+04 1.249556739182277276e+01
5.400600000000000000e+04 1.249491215054068505e+01
5.401200000000000000e+04 1.249425701622699592e+01
5.401800000000000000e+04 1.249360198885237239e+01
5.402400000000000000e+04 1.249294706838748681e+01
5.403000000000000000e+04 1.249229225480302397e+01
5.403600000000000000e+04 1.249163754806967930e+01
5.404200000000000000e+04 1.249098294815816246e+01
5.404800000000000000e+04 1.249032845503918665e+01
5.405400000000000000e+04 1.248967406868348817e+01
5.406000000000000000e+04 1.248901978906180332e+01
5.406600000000000000e+04 1.248836561614488616e+01
5.407200000000000000e+04 1.248771154990349785e+01
5.407800000000000000e+04 1.248705759030841556e+01
5.408400000000000000e+04 1.248640373733042708e+01
5.409000000000000000e+04 1.248574999094032556e+01
5.409600000000000000e+04 1.248509635110892191e+01
5.500200000000000000e+04 1.238760276848956821e+01
5.500800000000000000e+04 1.238696499272279894e+01
5.501400000000000000e+04 1.238632731917750718e+01
5.502000000000000000e+04 1.238568974782615939e+01
5.502600000000000000e+04 1.238505227864125047e+01
5.503200000000000000e+04 1.238441491159526997e+01
5.503800000000000000e+04 1.238377764666072345e+01
5.504400000000000000e+04 1.238314048381012888e+01
5.505000000000000000e+04 1.238250342301601137e+01
5.505600000000000000e+04 1.238186646425091197e+01
5.506200000000000000e+04 1.238122960748737356e+01
5.506800000000000000e+04 1.238059285269795851e+01
5.507400000000000000e+04 1.237995619985522566e+01
5.508000000000000000e+04 1.237931964893176229e+01
5.508600000000000000e+04 1.237868319990015742e+01
5.509200000000000000e+04 1.237804685273300720e+01
5.509800000000000000e+04 1.237741060740292021e+01
5.600400000000000000e+04 1.228249044354040720e+01
5.601000000000000000e+04 1.228186936501278304e+01
5.601600000000000000e+04 1.228124838425044274e+01
5.602200000000000000e+04 1.228062750122753677e+01
5.602800000000000000e+04 1.228000671591821558e+01
5.603400000000000000e+04 1.227938602829664561e+01
5.604000000000000000e+04 1.227876543833699863e+01
5.604600000000000000e+04 1.227814494601346240e+01
5.605200000000000000e+04 1.227752455130022824e+01
5.605800000000000000e+04 1.227690425417149989e+01
5.606400000000000000e+04 1.227628405460148819e+01
5.607000000000000000e+04 1.227566395256441822e+01
5.607600000000000000e+04 1.227504394803451859e+01
5.608200000000000000e+04 1.227442404098603568e+01
5.608800000000000000e+04 1.227380423139321408e+01
5.609400000000000000e+04 1.227318451923031617e+01
5.700000000000000000e+04 1.218071123583416338e+01
5.700600000000000000e+04 1.218010603931934810e+01
5.701200000000000000e+04 1.217950093640614817e+01
5.701800000000000000e+04 1.217889592707024349e+01
5.702400000000000000e+04 1.217829101128731750e+01
5.703000000000000000e+04 1.217768618903307321e+01
5.703600000000000000e+04 1.217708146028321181e+01
5.704200000000000000e+04 1.217647682501344697e+01
5.704800000000000000e+04 1.217587228319950654e+01
5.705400000000000000e+04 1.217526783481712016e+01
5.706000000000000000e+04 1.217466347984202812e+01
5.706600000000000000e+04 1.217405921824998138e+01
5.707200000000000000e+04 1.217345505001673800e+01
5.707800000000000000e+04 1.217285097511806491e+01
5.708400000000000000e+04 1.217224699352974326e+01
5.709000000000000000e+04 1.217164310522755422e+01
5.709600000000000000e+04 1.217103931018728957e+01
5.800200000000000000e+04 1.208092256189751090e+01
5.800800000000000000e+04 1.208033266637879066e+01
5.801400000000000000e+04 1.207974286052002455e+01
5.802000000000000000e+04 1.207915314429831355e+01
5.802600000000000000e+04 1.207856351769077818e+01
5.803200000000000000e+04 1.207797398067453898e+01
5.803800000000000000e+04 1.207738453322672356e+01
5.804400000000000000e+04 1.207679517532446667e+01
5.805000000000000000e+04 1.207620590694492435e+01
5.805600000000000000e+04 1.207561672806524555e+01
5.806200000000000000e+04 1.207502763866259343e+01
5.806800000000000000e+04 1.207443863871413647e+01
5.807400000000000000e+04 1.207384972819705737e+01
5.808000000000000000e+04 1.207326090708854238e+01
5.808600000000000000e+04 1.207267217536579196e+01
5.809200000000000000e+04 1.207208353300600479e+01
5.809800000000000000e+04 1.207149497998639376e+01
5.900400000000000000e+04 1.198363558606382995e+01
5.901000000000000000e+04 1.198306035256168300e+01
5.901600000000000000e+04 1.198248520500712289e+01
5.902200000000000000e+04 1.198191014337857219e+01
5.902800000000000000e+04 1.198133516765446771e+01
5.903400000000000000e+04 1.198076027781325692e+01
5.904000000000000000e+04 1.198018547383338728e+01
5.904600000000000000e+04 1.197961075569330447e+01
5.905200000000000000e+04 1.197903612337148438e+01
5.905800000000000000e+04 1.197846157684639579e+01
5.906400000000000000e+04 1.197788711609651457e+01
5.907000000000000000e+04 1.197731274110032906e+01
5.907600000000000000e+04 1.197673845183633468e+01
5.908200000000000000e+04 1.197616424828303394e+01
5.908800000000000000e+04 1.197559013041893294e+01
5.909400000000000000e+04 1.197501609822255553e+01
6.000000000000000000e+04 1.188930795412432317e+01
6.000600000000000000e+04 1.188874669805901441e+01
6.001200000000000000e+04 1.188818552446168120e+01
6.001800000000000000e+04 1.188762443331196650e+01
6.002400000000000000e+04 1.188706342458952037e+01
6.003000000000000000e+04 1.188650249827400174e+01
6.003600000000000000e+04 1.188594165434507133e+01
6.004200000000000000e+04 1.188538089278240584e+01
6.004800000000000000e+04 1.188482021356567842e+01
6.005400000000000000e+04 1.188425961667457997e+01
6.006000000000000000e+04 1.188369910208879787e+01
6.006600000000000000e+04 1.188313866978803190e+01
6.007200000000000000e+04 1.188257831975198897e+01
6.007800000000000000e+04 1.188201805196038485e+01
6.008400000000000000e+04 1.188145786639293888e+01
6.009000000000000000e+04 1.188089776302937750e+01
6.009600000000000000e+04 1.188033774184943425e+01
6.100200000000000000e+04 1.179670597809872845e+01
6.100800000000000000e+04 1.179615821730271996e+01
6.101400000000000000e+04 1.179561053567057627e+01
6.102000000000000000e+04 1.179506293318307897e+01
6.102600000000000000e+04 1.179451540982100965e+01
6.103200000000000000e+04 1.179396796556516769e+01
6.103800000000000000e+04 1.179342060039634887e+01
6.104400000000000000e+04 1.179287331429535968e+01
6.105000000000000000e+04 1.179232610724301011e+01
6.105600000000000000e+04 1.179177897922012264e+01
6.106200000000000000e+04 1.179123193020751970e+01
6.106800000000000000e+04 1.179068496018603440e+01
6.107400000000000000e+04 1.179013806913650342e+01
6.108000000000000000e+04 1.178959125703977584e+01
6.108600000000000000e+04 1.178904452387670254e+01
6.109200000000000000e+04 1.178849786962813440e+01
6.109800000000000000e+04 1.178795129427494359e+01
6.200400000000000000e+04 1.170631276472871107e+01
6.201000000000000000e+04 1.170577796279316019e+01
6.201600000000000000e+04 1.170524323690038671e+01
6.202200000000000000e+04 1.170470858703222206e+01
6.202800000000000000e+04 1.170417401317051009e+01
6.203400000000000000e+04 1.170363951529709823e+01
6.204000000000000000e+04 1.170310509339384097e+01
6.204600000000000000e+04 1.170257074744259818e+01
6.205200000000000000e+04 1.170203647742523145e+01
6.205800000000000000e+04 1.170150228332362019e+01
6.206400000000000000e+04 1.170096816511963844e+01
6.207000000000000000e+04 1.170043412279516915e+01
6.207600000000000000e+04 1.169990015633210589e+01
6.208200000000000000e+04 1.169936626571234406e+01
6.208800000000000000e+04 1.169883245091778612e+01
6.209400000000000000e+04 1.169829871193033988e+01
6.300000000000000000e+04 1.161856363367845013e+01
6.300600000000000000e+04 1.161804121056681893e+01
6.301200000000000000e+04 1.161751886056422478e+01
6.301800000000000000e+04 1.161699658365347787e+01
6.302400000000000000e+04 1.161647437981739728e+01
6.303000000000000000e+04 1.161595224903880741e+01
6.303600000000000000e+04 1.161543019130053800e+01
6.304200000000000000e+04 1.161490820658542233e+01
6.304800000000000000e+04 1.161438629487630259e+01
6.305400000000000000e+04 1.161386445615602447e+01
6.306000000000000000e+04 1.161334269040744083e+01
6.306600000000000000e+04 1.161282099761341158e+01
6.307200000000000000e+04 1.161229937775679311e+01
6.307800000000000000e+04 1.161177783082045956e+01
6.308400000000000000e+04 1.161125635678728507e+01
6.309000000000000000e+04 1.161073495564014912e+01
6.309600000000000000e+04 1.161021362736194007e+01
6.400200000000000000e+04 1.153231941035045693e+01
6.400800000000000000e+04 1.153180896246416154e+01
6.401400000000000000e+04 1.153129858489345949e+01
6.402000000000000000e+04 1.153078827762207581e+01
6.402600000000000000e+04 1.153027804063374262e+01
6.403200000000000000e+04 1.152976787391220270e+01
6.403800000000000000e+04 1.152925777744119706e+01
6.404400000000000000e+04 1.152874775120447559e+01
6.405000000000000000e+04 1.152823779518578995e+01
6.405600000000000000e+04 1.152772790936890424e+01
6.406200000000000000e+04 1.152721809373758077e+01
6.406800000000000000e+04 1.152670834827558721e+01
6.407400000000000000e+04 1.152619867296670364e+01
6.408000000000000000e+04 1.152568906779471014e+01
6.408600000000000000e+04 1.152517953274338858e+01
6.409200000000000000e+04 1.152467006779653502e+01
6.409800000000000000e+04 1.152416067293794200e+01
6.500400000000000000e+04 1.144803701574274868e+01
6.501000000000000000e+04 1.144753808897719516e+01
6.501600000000000000e+04 1.144703922988145806e+01
6.502200000000000000e+04 1.144654043844012570e+01
6.502800000000000000e+04 1.144604171463777753e+01
6.503400000000000000e+04 1.144554305845901077e+01
6.504000000000000000e+04 1.144504446988841728e+01
6.504600000000000000e+04 1.144454594891060140e+01
6.505200000000000000e+04 1.144404749551016920e+01
6.505800000000000000e+04 1.144354910967172856e+01
6.506400000000000000e+04 1.144305079137989800e+01
6.507000000000000000e+04 1.144255254061929605e+01
6.507600000000000000e+04 1.144205435737455190e+01
6.508200000000000000e+04 1.144155624163029472e+01
6.508800000000000000e+04 1.144105819337115904e+01
6.509400000000000000e+04 1.144056021258178646e+01
6.600000000000000000e+04 1.136613051618833836e+01
6.600600000000000000e+04 1.136564261508993035e+01
6.601200000000000000e+04 1.136515477916796257e+01
6.601800000000000000e+04 1.136466700840781030e+01
6.602400000000000000e+04 1.136417930279485233e+01
6.603000000000000000e+04 1.136369166231446926e+01
6.603600000000000000e+04 1.136320408695204875e+01
6.604200000000000000e+04 1.136271657669298563e+01
6.604800000000000000e+04 1.136222913152267466e+01
6.605400000000000000e+04 1.136174175142651777e+01
6.606000000000000000e+04 1.136125443638991683e+01
6.606600000000000000e+04 1.136076718639828442e+01
6.607200000000000000e+04 1.136028000143704020e+01
6.607800000000000000e+04 1.135979288149160027e+01
6.608400000000000000e+04 1.135930582654738963e+01
6.609000000000000000e+04 1.135881883658983327e+01
6.609600000000000000e+04 1.135833191160437039e+01
6.700200000000000000e+04 1.128554343516287872e+01
6.700800000000000000e+04 1.128506621925173725e+01
6.701400000000000000e+04 1.128458906613695412e+01
6.702000000000000000e+04 1.128411197580464176e+01
6.702600000000000000e+04 1.128363494824092328e+01
6.703200000000000000e+04 1.128315798343192888e+01
6.703800000000000000e+04 1.128268108136378345e+01
6.704400000000000000e+04 1.128220424202262961e+01
6.705000000000000000e+04 1.128172746539460469e+01
6.705600000000000000e+04 1.128125075146585132e+01
6.706200000000000000e+04 1.128077410022251925e+01
6.706800000000000000e+04 1.128029751165076000e+01
6.707400000000000000e+04 1.127982098573673220e+01
6.708000000000000000e+04 1.127934452246659802e+01
6.708600000000000000e+04 1.127886812182652321e+01
6.709200000000000000e+04 1.127839178380267526e+01
6.709800000000000000e+04 1.127791550838123413e+01
6.800400000000000000e+04 1.120670834858345444e+01
6.801000000000000000e+04 1.120624143048430099e+01
6.801600000000000000e+04 1.120577457292174373e+01
6.802200000000000000e+04 1.120530777588259852e+01
6.802800000000000000e+04 1.120484103935368125e+01
6.803400000000000000e+04 1.120437436332182024e+01
6.804000000000000000e+04 1.120390774777384024e+01
6.804600000000000000e+04 1.120344119269656957e+01
6.805200000000000000e+04 1.120297469807685076e+01
6.805800000000000000e+04 1.120250826390151744e+01
6.806400000000000000e+04 1.120204189015741392e+01
6.807000000000000000e+04 1.120157557683138805e+01
6.807600000000000000e+04 1.120110932391028769e+01
6.808200000000000000e+04 1.120064313138097134e+01
6.808800000000000000e+04 1.120017699923030108e+01
6.809400000000000000e+04 1.119971092744513541e+01
6.900000000000000000e+04 1.113001924331618042e+01
6.900600000000000000e+04 1.112956219669711011e+01
6.901200000000000000e+04 1.112910520848002172e+01
6.901800000000000000e+04 1.112864827865237949e+01
6.902400000000000000e+04 1.112819140720164945e+01
6.903000000000000000e+04 1.112773459411530297e+01
6.903600000000000000e+04 1.112727783938081316e+01
6.904200000000000000e+04 1.112682114298566560e+01
6.904800000000000000e+04 1.112636450491733520e+01
6.905400000000000000e+04 1.112590792516331106e+01
6.906000000000000000e+04 1.112545140371108232e+01
6.906600000000000000e+04 1.112499494054814519e+01
6.907200000000000000e+04 1.112453853566199236e+01
6.907800000000000000e+04 1.112408218904013246e+01
6.908400000000000000e+04 1.112362590067006529e+01
6.909000000000000000e+04 1.112316967053929950e+01
6.909600000000000000e+04 1.112271349863535086e+01
7.000200000000000000e+04 1.105449252727002829e+01
7.000800000000000000e+04 1.105404506285116994e+01
7.001400000000000000e+04 1.105359765479201073e+01
7.002000000000000000e+04 1.105315030308062774e+01
7.002600000000000000e+04 1.105270300770509451e+01
7.003200000000000000e+04 1.105225576865349524e+01
7.003800000000000000e+04 1.105180858591391946e+01
7.004400000000000000e+04 1.105136145947445137e+01
7.005000000000000000e+04 1.105091438932318582e+01
7.005600000000000000e+04 1.105046737544822122e+01
7.006200000000000000e+04 1.105002041783765598e+01
7.006800000000000000e+04 1.104957351647959385e+01
7.007400000000000000e+04 1.104912667136213855e+01
7.008000000000000000e+04 1.104867988247340271e+01
7.008600000000000000e+04 1.104823314980150428e+01
7.009200000000000000e+04 1.104778647333455055e+01
7.009800000000000000e+04 1.104733985306067368e+01
7.100400000000000000e+04 1.098053818950247873e+01
7.101000000000000000e+04 1.098009997452230735e+01
7.101600000000000000e+04 1.097966181395849006e+01
7.102200000000000000e+04 1.097922370779967416e+01
7.102800000000000000e+04 1.097878565603450873e+01
7.103400000000000000e+04 1.097834765865165174e+01
7.104000000000000000e+04 1.097790971563975759e+01
7.104600000000000000e+04 1.097747182698749668e+01
7.105200000000000000e+04 1.097703399268352698e+01
7.105800000000000000e+04 1.097659621271652064e+01
7.106400000000000000e+04 1.097615848707514807e+01
7.107000000000000000e+04 1.097572081574808323e+01
7.107600000000000000e+04 1.097528319872400715e+01
7.108200000000000000e+04 1.097484563599159912e+01
7.108800000000000000e+04 1.097440812753955086e+01
7.109400000000000000e+04 1.097397067335654341e+01
7.200000000000000000e+04 1.090853133670737307e+01
7.200600000000000000e+04 1.090810200183788936e+01
7.201200000000000000e+04 1.090767271954507400e+01
7.201800000000000000e+04 1.090724348981810721e+01
7.202400000000000000e+04 1.090681431264617807e+01
7.203000000000000000e+04 1.090638518801847567e+01
7.203600000000000000e+04 1.090595611592419800e+01
7.204200000000000000e+04 1.090552709635253592e+01
7.204800000000000000e+04 1.090509812929268918e+01
7.205400000000000000e+04 1.090466921473386464e+01
7.206000000000000000e+04 1.090424035266526559e+01
7.206600000000000000e+04 1.090381154307610245e+01
7.207200000000000000e+04 1.090338278595558563e+01
7.207800000000000000e+04 1.090295408129293264e+01
7.208400000000000000e+04 1.090252542907736100e+01
7.209000000000000000e+04 1.090209682929809532e+01
7.209600000000000000e+04 1.090166828194435311e+01
7.300200000000000000e+04 1.083755302964907941e+01
7.300800000000000000e+04 1.083713232751081179e+01
7.301400000000000000e+04 1.083671167618541098e+01
7.302000000000000000e+04 1.083629107566256700e+01
7.302600000000000000e+04 1.083587052593197342e+01
7.303200000000000000e+04 1.083545002698332738e+01
7.303800000000000000e+04 1.083502957880632778e+01
7.304400000000000000e+04 1.083460918139067530e+01
7.305000000000000000e+04 1.083418883472607774e+01
7.305600000000000000e+04 1.083376853880224111e+01
7.306200000000000000e+04 1.083334829360887852e+01
7.306800000000000000e+04 1.083292809913569954e+01
7.307400000000000000e+04 1.083250795537242439e+01
7.308000000000000000e+04 1.083208786230877152e+01
7.308600000000000000e+04 1.083166781993446293e+01
7.309200000000000000e+04 1.083124782823922772e+01
7.309800000000000000e+04 1.083082788721278966e+01
7.400400000000000000e+04 1.076799232087932268e+01
7.401000000000000000e+04 1.076757996379516058e+01
7.401600000000000000e+04 1.076716765584208346e+01
7.402200000000000000e+04 1.076675539701025741e+01
7.402800000000000000e+04 1.076634318728984852e+01
7.403400000000000000e+04 1.076593102667103352e+01
7.404000000000000000e+04 1.076551891514398207e+01
7.404600000000000000e+04 1.076510685269887801e+01
7.405200000000000000e+04 1.076469483932589810e+01
7.405800000000000000e+04 1.076428287501522263e+01
7.406400000000000000e+04 1.076387095975704256e+01
7.407000000000000000e+04 1.076345909354154173e+01
7.407600000000000000e+04 1.076304727635891823e+01
7.408200000000000000e+04 1.076263550819935944e+01
7.408800000000000000e+04 1.076222378905306698e+01
7.409400000000000000e+04 1.076181211891023892e+01
7.500000000000000000e+04 1.070020661654420735e+01
7.500600000000000000e+04 1.069980228259035826e+01
7.501200000000000000e+04 1.069939799617236531e+01
7.501800000000000000e+04 1.069899375728084223e+01
7.502400000000000000e+04 1.069858956590639920e+01
7.503000000000000000e+04 1.069818542203965706e+01
7.503600000000000000e+04 1.069778132567123663e+01
7.504200000000000000e+04 1.069737727679175521e+01
7.504800000000000000e+04 1.069697327539184428e+01
7.505400000000000000e+04 1.069656932146212824e+01
7.506000000000000000e+04 1.069616541499323681e+01
7.506600000000000000e+04 1.069576155597579969e+01
7.507200000000000000e+04 1.069535774440046261e+01
7.507800000000000000e+04 1.069495398025785704e+01
7.508400000000000000e+04 1.069455026353862337e+01
7.509000000000000000e+04 1.069414659423340552e+01
7.509600000000000000e+04 1.069374297233284921e+01
7.600200000000000000e+04 1.063333466431649654e+01
7.600800000000000000e+04 1.063293814068195076e+01
7.601400000000000000e+04 1.063254166305088333e+01
7.602000000000000000e+04 1.063214523141433787e+01
7.602600000000000000e+04 1.063174884576334378e+01
7.603200000000000000e+04 1.063135250608894822e+01
7.603800000000000000e+04 1.063095621238218413e+01
7.604400000000000000e+04 1.063055996463410224e+01
7.605000000000000000e+04 1.063016376283574616e+01
7.605600000000000000e+04 1.062976760697816658e+01
7.606200000000000000e+04 1.062937149705241424e+01
7.606800000000000000e+04 1.062897543304954340e+01
7.607400000000000000e+04 1.062857941496061187e+01
7.608000000000000000e+04 1.062818344277667570e+01
7.608600000000000000e+04 1.062778751648879805e+01
7.609200000000000000e+04 1.062739163608804560e+01
7.609800000000000000e+04 1.062699580156548151e+01
7.700400000000000000e+04 1.056774611256497920e+01
7.701000000000000000e+04 1.056735714908558421e+01
7.701600000000000000e+04 1.056696823014580389e+01
7.702200000000000000e+04 1.056657935573707263e+01
7.702800000000000000e+04 1.056619052585082130e+01
7.703400000000000000e+04 1.056580174047849496e+01
7.704000000000000000e+04 1.056541299961152802e+01
7.704600000000000000e+04 1.056502430324136199e+01
7.705200000000000000e+04 1.056463565135943838e+01
7.705800000000000000e+04 1.056424704395721115e+01
7.706400000000000000e+04 1.056385848102612535e+01
7.707000000000000000e+04 1.056346996255763315e+01
7.707600000000000000e+04 1.056308148854318674e+01
7.708200000000000000e+04 1.056269305897424005e+01
7.708800000000000000e+04 1.056230467384225591e+01
7.709400000000000000e+04 1.056191633313869360e+01
7.800000000000000000e+04 1.050378180084696744e+01
7.800600000000000000e+04 1.050340011532319195e+01
7.801200000000000000e+04 1.050301847294796964e+01
7.801800000000000000e+04 1.050263687371310439e+01
7.802400000000000000e+04 1.050225531761040365e+01
7.803000000000000000e+04 1.050187380463168196e+01
7.803600000000000000e+04 1.050149233476874855e+01
7.804200000000000000e+04 1.050111090801341973e+01
7.804800000000000000e+04 1.050072952435751361e+01
7.805400000000000000e+04 1.050034818379284829e+01
7.806000000000000000e+04 1.049996688631124364e+01
7.806600000000000000e+04 1.049958563190452665e+01
7.807200000000000000e+04 1.049920442056452075e+01
7.807800000000000000e+04 1.049882325228305469e+01
7.808400000000000000e+04 1.049844212705195901e+01
7.809000000000000000e+04 1.049806104486306424e+01
7.809600000000000000e+04 1.049768000570820625e+01
7.900200000000000000e+04 1.044063222142799674e+01
7.900800000000000000e+04 1.044025762978125371e+01
7.901400000000000000e+04 1.043988307994443154e+01
7.902000000000000000e+04 1.043950857190969295e+01
7.902600000000000000e+04 1.043913410566920064e+01
7.903200000000000000e+04 1.043875968121512088e+01
7.903800000000000000e+04 1.043838529853961639e+01
7.904400000000000000e+04 1.043801095763486053e+01
7.905000000000000000e+04 1.043763665849302313e+01
7.905600000000000000e+04 1.043726240110627934e+01
7.906200000000000000e+04 1.043688818546680253e+01
7.906800000000000000e+04 1.043651401156676783e+01
7.907400000000000000e+04 1.043613987939836107e+01
7.908000000000000000e+04 1.043576578895376272e+01
7.908600000000000000e+04 1.043539174022515326e+01
7.909200000000000000e+04 1.043501773320471848e+01
7.909800000000000000e+04 1.043464376788464776e+01
8.000400000000000000e+04 1.037864903151836948e+01
8.001000000000000000e+04 1.037828131502539719e+01
8.001600000000000000e+04 1.037791363906133668e+01
8.002200000000000000e+04 1.037754600361868462e+01
8.002800000000000000e+04 1.037717840868993946e+01
8.003400000000000000e+04 1.037681085426760141e+01
8.004000000000000000e+04 1.037644334034417426e+01
8.004600000000000000e+04 1.037607586691215644e+01
8.005200000000000000e+04 1.037570843396406062e+01
8.005800000000000000e+04 1.037534104149239411e+01
8.006400000000000000e+04 1.037497368948966425e+01
8.007000000000000000e+04 1.037460637794838547e+01
8.007600000000000000e+04 1.037423910686106687e+01
8.008200000000000000e+04 1.037387187622022822e+01
8.008800000000000000e+04 1.037350468601838571e+01
8.009400000000000000e+04 1.037313753624806090e+01
8.100000000000000000e+04 1.031815757836948499e+01
8.100600000000000000e+04 1.031779648835513186e+01
8.101200000000000000e+04 1.031743543765033522e+01
8.101800000000000000e+04 1.031707442624790616e+01
8.102400000000000000e+04 1.031671345414065755e+01
8.103000000000000000e+04 1.031635252132140579e+01
8.103600000000000000e+04 1.031599162778296375e+01
8.104200000000000000e+04 1.031563077351815494e+01
8.104800000000000000e+04 1.031526995851979933e+01
8.105400000000000000e+04 1.031490918278072044e+01
8.106000000000000000e+04 1.031454844629374001e+01
8.106600000000000000e+04 1.031418774905168689e+01
8.107200000000000000e+04 1.031382709104738638e+01
8.107800000000000000e+04 1.031346647227367264e+01
8.108400000000000000e+04 1.031310589272337452e+01
8.109000000000000000e+04 1.031274535238932799e+01
8.109600000000000000e+04 1.031238485126436544e+01
8.200200000000000000e+04 1.025839499270173150e+01
8.200800000000000000e+04 1.025804036913347694e+01
8.201400000000000000e+04 1.025768578369945061e+01
8.202000000000000000e+04 1.025733123639276556e+01
8.202600000000000000e+04 1.025697672720653308e+01
8.203200000000000000e+04 1.025662225613386624e+01
8.203800000000000000e+04 1.025626782316788699e+01
8.204400000000000000e+04 1.025591342830171193e+01
8.205000000000000000e+04 1.025555907152846125e+01
8.205600000000000000e+04 1.025520475284125865e+01
8.206200000000000000e+04 1.025485047223322610e+01
8.206800000000000000e+04 1.025449622969748731e+01
8.207400000000000000e+04 1.025414202522717488e+01
8.208000000000000000e+04 1.025378785881541432e+01
8.208600000000000000e+04 1.025343373045533824e+01
8.209200000000000000e+04 1.025307964014007922e+01
8.209800000000000000e+04 1.025272558786276988e+01
8.300400000000000000e+04 1.019969623806150594e+01
8.301000000000000000e+04 1.019934788874541809e+01
8.301600000000000000e+04 1.019899957643701072e+01
8.302200000000000000e+04 1.019865130112968110e+01
8.302800000000000000e+04 1.019830306281682297e+01
8.303400000000000000e+04 1.019795486149183894e+01
8.304000000000000000e+04 1.019760669714812806e+01
8.304600000000000000e+04 1.019725856977909118e+01
8.305200000000000000e+04 1.019691047937813622e+01
8.305800000000000000e+04 1.019656242593866757e+01
8.306400000000000000e+04 1.019621440945408963e+01
8.307000000000000000e+04 1.019586642991781744e+01
8.307600000000000000e+04 1.019551848732325539e+01
8.308200000000000000e+04 1.019517058166382029e+01
8.308800000000000000e+04 1.019482271293292186e+01
8.309400000000000000e+04 1.019447488112397870e+01
8.400000000000000000e+04 1.014237217749144548e+01
8.400600000000000000e+04 1.014202988222977098e+01
8.401200000000000000e+04 1.014168762290177028e+01
8.401800000000000000e+04 1.014134539950110181e+01
8.402400000000000000e+04 1.014100321202143107e+01
8.403000000000000000e+04 1.014066106045642712e+01
8.403600000000000000e+04 1.014031894479975549e+01
8.404200000000000000e+04 1.013997686504509232e+01
8.404800000000000000e+04 1.013963482118609960e+01
8.405400000000000000e+04 1.013929281321645703e+01
8.406000000000000000e+04 1.013895084112983724e+01
8.406600000000000000e+04 1.013860890491991285e+01
8.407200000000000000e+04 1.013826700458036889e+01
8.407800000000000000e+04 1.013792514010487977e+01
8.408400000000000000e+04 1.013758331148712521e+01
8.409000000000000000e+04 1.013724151872078849e+01
8.409600000000000000e+04 1.013689976179955465e+01
8.500200000000000000e+04 1.008570216330373981e+01
8.500800000000000000e+04 1.008536578231618464e+01
8.501400000000000000e+04 1.008502943622548642e+01
8.502000000000000000e+04 1.008469312502556825e+01
8.502600000000000000e+04 1.008435684871034255e+01
8.503200000000000000e+04 1.008402060727374305e+01
8.503800000000000000e+04 1.008368440070968219e+01
8.504400000000000000e+04 1.008334822901209549e+01
8.505000000000000000e+04 1.008301209217489891e+01
8.505600000000000000e+04 1.008267599019202443e+01
8.506200000000000000e+04 1.008233992305739690e+01
8.506800000000000000e+04 1.008200389076495540e+01
8.507400000000000000e+04 1.008166789330862656e+01
8.508000000000000000e+04 1.008133193068234590e+01
8.508600000000000000e+04 1.008099600288004716e+01
8.509200000000000000e+04 1.008066010989566941e+01
8.509800000000000000e+04 1.008032425172315172e+01
8.600400000000000000e+04 1.003000565380416020e+01
8.601000000000000000e+04 1.002967501742162781e+01
8.601600000000000000e+04 1.002934441494068096e+01
8.602200000000000000e+04 1.002901384635548965e+01
8.602800000000000000e+04 1.002868331166020965e+01
8.603400000000000000e+04 1.002835281084900743e+01
8.604000000000000000e+04 1.002802234391604586e+01
8.604600000000000000e+04 1.002769191085549139e+01
8.605200000000000000e+04 1.002736151166151757e+01
8.605800000000000000e+04 1.002703114632828907e+01
8.606400000000000000e+04 1.002670081484997588e+01
8.607000000000000000e+04 1.002637051722075867e+01
8.607600000000000000e+04 1.002604025343479854e+01
8.608200000000000000e+04 1.002571002348627971e+01
8.608800000000000000e+04 1.002537982736937749e+01
8.609400000000000000e+04 1.002504966507826722e+01
8.700000000000000000e+04 9.975579967879914633e+00
8.700600000000000000e+04 9.975254880241726241e+00
8.701200000000000000e+04 9.974929825554887941e+00
8.701800000000000000e+04 9.974604803813795328e+00
8.702400000000000000e+04 9.974279815012835115e+00
8.703000000000000000e+04 9.973954859146402896e+00
8.703600000000000000e+04 9.973629936208890712e+00
8.704200000000000000e+04 9.973305046194690604e+00
8.704800000000000000e+04 9.972980189098205273e+00
8.705400000000000000e+04 9.972655364913826759e+00
8.706000000000000000e+04 9.972330573635957762e+00
8.706600000000000000e+04 9.972005815258995653e+00
8.707200000000000000e+04 9.971681089777344908e+00
8.707800000000000000e+04 9.971356397185408227e+00
8.708400000000000000e+04 9.971031737477588308e+00
8.709000000000000000e+04 9.970707110648293181e+00
8.709600000000000000e+04 9.970382516691927322e+00
8.800200000000000000e+04 9.921742835489368417e+00
8.800800000000000000e+04 9.921423173972943488e+00
8.801400000000000000e+04 9.921103544489238146e+00
8.802000000000000000e+04 9.920783947032866479e+00
8.802600000000000000e+04 9.920464381598428361e+00
8.803200000000000000e+04 9.920144848180544983e+00
8.803800000000000000e+04 9.919825346773823327e+00
8.804400000000000000e+04 9.919505877372873925e+00
8.805000000000000000e+04 9.919186439972317970e+00
8.805600000000000000e+04 9.918867034566765994e+00
8.806200000000000000e+04 9.918547661150839190e+00
8.806800000000000000e+04 9.918228319719151642e+00
8.807400000000000000e+04 9.917909010266324543e+00
8.808000000000000000e+04 9.917589732786979084e+00
8.808600000000000000e+04 9.917270487275736457e+00
8.809200000000000000e+04 9.916951273727224958e+00
8.809800000000000000e+04 9.916632092136062226e+00
8.900400000000000000e+04 9.868799296777366337e+00
8.901000000000000000e+04 9.868484910949371525e+00
8.901600000000000000e+04 9.868170556271046223e+00
8.902200000000000000e+04 9.867856232737205247e+00
8.902800000000000000e+04 9.867541940342665185e+00
8.903400000000000000e+04 9.867227679082242631e+00
8.904000000000000000e+04 9.866913448950757726e+00
8.904600000000000000e+04 9.866599249943032390e+00
8.905200000000000000e+04 9.866285082053888544e+00
8.905800000000000000e+04 9.865970945278146331e+00
8.906400000000000000e+04 9.865656839610633000e+00
8.907000000000000000e+04 9.865342765046172246e+00
8.907600000000000000e+04 9.865028721579591320e+00
8.908200000000000000e+04 9.864714709205719245e+00
8.908800000000000000e+04 9.864400727919385048e+00
8.909400000000000000e+04 9.864086777715417753e+00
9.000000000000000000e+04 9.817033999457937199e+00
9.000600000000000000e+04 9.816724714373791016e+00
9.001200000000000000e+04 9.816415459595070558e+00
9.001800000000000000e+04 9.816106235116784262e+00
9.002400000000000000e+04 9.815797040933947670e+00
9.003000000000000000e+04 9.815487877041572773e+00
9.003600000000000000e+04 9.815178743434675113e+00
9.004200000000000000e+04 9.814869640108273785e+00
9.004800000000000000e+04 9.814560567057384333e+00
9.005400000000000000e+04 9.814251524277029404e+00
9.006000000000000000e+04 9.813942511762224541e+00
9.006600000000000000e+04 9.813633529507994169e+00
9.007200000000000000e+04 9.813324577509359159e+00
9.007800000000000000e+04 9.813015655761347489e+00
9.008400000000000000e+04 9.812706764258976477e+00
9.009000000000000000e+04 9.812397902997277654e+00
9.009600000000000000e+04 9.812089071971271892e+00
9.100200000000000000e+04 9.765799687037404198e+00
9.100800000000000000e+04 9.765495394690443476e+00
9.101400000000000000e+04 9.765191131831654658e+00
9.102000000000000000e+04 9.764886898456241582e+00
9.102600000000000000e+04 9.764582694559404530e+00
9.103200000000000000e+04 9.764278520136342010e+00
9.103800000000000000e+04 9.763974375182261412e+00
9.104400000000000000e+04 9.763670259692364795e+00
9.105000000000000000e+04 9.763366173661861325e+00
9.105600000000000000e+04 9.763062117085953062e+00
9.106200000000000000e+04 9.762758089959849173e+00
9.106800000000000000e+04 9.762454092278758822e+00
9.107400000000000000e+04 9.762150124037894727e+00
9.108000000000000000e+04 9.761846185232464279e+00
9.108600000000000000e+04 9.761542275857681972e+00
9.109200000000000000e+04 9.761238395908758747e+00
9.109800000000000000e+04 9.760934545380907323e+00
9.200400000000000000e+04 9.715387975381883479e+00
9.201000000000000000e+04 9.715088541854512982e+00
9.201600000000000000e+04 9.714789137028692068e+00
9.202200000000000000e+04 9.714489760899805759e+00
9.202800000000000000e+04 9.714190413463228424e+00
9.203400000000000000e+04 9.713891094714341534e+00
9.204000000000000000e+04 9.713591804648530115e+00
9.204600000000000000e+04 9.713292543261173861e+00
9.205200000000000000e+04 9.712993310547659576e+00
9.205800000000000000e+04 9.712694106503370506e+00
9.206400000000000000e+04 9.712394931123698782e+00
9.207000000000000000e+04 9.712095784404022325e+00
9.207600000000000000e+04 9.711796666339736817e+00
9.208200000000000000e+04 9.711497576926225506e+00
9.208800000000000000e+04 9.711198516158885852e+00
9.209400000000000000e+04 9.710899484033104656e+00
9.300000000000000000e+04 9.666071649579176750e+00
9.300600000000000000e+04 9.665776917997355611e+00
9.301200000000000000e+04 9.665482214364079283e+00
9.301800000000000000e+04 9.665187538674897993e+00
9.302400000000000000e+04 9.664892890925358415e+00
9.303000000000000000e+04 9.664598271111016103e+00
9.303600000000000000e+04 9.664303679227415955e+00
9.304200000000000000e+04 9.664009115270115302e+00
9.304800000000000000e+04 9.663714579234664370e+00
9.305400000000000000e+04 9.663420071116616938e+00
9.306000000000000000e+04 9.663125590911530338e+00
9.306600000000000000e+04 9.662831138614958348e+00
9.307200000000000000e+04 9.662536714222463630e+00
9.307800000000000000e+04 9.662242317729599961e+00
9.308400000000000000e+04 9.661947949131928226e+00
9.309000000000000000e+04 9.661653608425009310e+00
9.309600000000000000e+04 9.661359295604404096e+00
9.400200000000000000e+04 9.617235507315609055e+00
9.400800000000000000e+04 9.616945382187136460e+00
9.401400000000000000e+04 9.616655284277374705e+00
9.402000000000000000e+04 9.616365213582032112e+00
9.402600000000000000e+04 9.616075170096825886e+00
9.403200000000000000e+04 9.615785153817464348e+00
9.403800000000000000e+04 9.615495164739664702e+00
9.404400000000000000e+04 9.615205202859138822e+00
9.405000000000000000e+04 9.614915268171603913e+00
9.405600000000000000e+04 9.614625360672778953e+00
9.406200000000000000e+04 9.614335480358375818e+00
9.406800000000000000e+04 9.614045627224115265e+00
9.407400000000000000e+04 9.613755801265718048e+00
9.408000000000000000e+04 9.613466002478904926e+00
9.408600000000000000e+04 9.613176230859391325e+00
9.409200000000000000e+04 9.612886486402903330e+00
9.409800000000000000e+04 9.612596769105167027e+00
9.500400000000000000e+04 9.569158648928752342e+00
9.501000000000000000e+04 9.568873010587921613e+00
9.501600000000000000e+04 9.568587398762460339e+00
9.502200000000000000e+04 9.568301813448236715e+00
9.502800000000000000e+04 9.568016254641117158e+00
9.503400000000000000e+04 9.567730722336969862e+00
9.504000000000000000e+04 9.567445216531663021e+00
9.504600000000000000e+04 9.567159737221064830e+00
9.505200000000000000e+04 9.566874284401045259e+00
9.505800000000000000e+04 9.566588858067476053e+00
9.506400000000000000e+04 9.566303458216232514e+00
9.507000000000000000e+04 9.566018084843182834e+00
9.507600000000000000e+04 9.565732737944200537e+00
9.508200000000000000e+04 9.565447417515162698e+00
9.508800000000000000e+04 9.565162123551946394e+00
9.509400000000000000e+04 9.564876856050425147e+00
9.600000000000000000e+04 9.522102744542895181e+00
9.600600000000000000e+04 9.521821451804505898e+00
9.601200000000000000e+04 9.521540184907397730e+00
9.601800000000000000e+04 9.521258943847595191e+00
9.602400000000000000e+04 9.520977728621103253e+00
9.603000000000000000e+04 9.520696539223939325e+00
9.603600000000000000e+04 9.520415375652119039e+00
9.604200000000000000e+04 9.520134237901658025e+00
9.604800000000000000e+04 9.519853125968570140e+00
9.605400000000000000e+04 9.519572039848878120e+00
9.606000000000000000e+04 9.519290979538599373e+00
9.606600000000000000e+04 9.519009945033753084e+00
9.607200000000000000e+04 9.518728936330356660e+00
9.607800000000000000e+04 9.518447953424434615e+00
9.608400000000000000e+04 9.518166996312007910e+00
9.609000000000000000e+04 9.517886064989099282e+00
9.609600000000000000e+04 9.517605159451733243e+00
9.700200000000000000e+04 9.475482030252091903e+00
9.700800000000000000e+04 9.475204998390397648e+00
9.701400000000000000e+04 9.474927991715889064e+00
9.702000000000000000e+04 9.474651010224722114e+00
9.702600000000000000e+04 9.474374053913045657e+00
9.703200000000000000e+04 9.474097122777020985e+00
9.703800000000000000e+04 9.473820216812800510e+00
9.704400000000000000e+04 9.473543336016543748e+00
9.705000000000000000e+04 9.473266480384403110e+00
9.705600000000000000e+04 9.472989649912541665e+00
9.706200000000000000e+04 9.472712844597115378e+00
9.706800000000000000e+04 9.472436064434290870e+00
9.707400000000000000e+04 9.472159309420224105e+00
9.708000000000000000e+04 9.471882579551078152e+00
9.708600000000000000e+04 9.471605874823016080e+00
9.709200000000000000e+04 9.471329195232200959e+00
9.709800000000000000e+04 9.471052540774799411e+00
9.800400000000000000e+04 9.429563922188233249e+00
9.801000000000000000e+04 9.429291043893968549e+00
9.801600000000000000e+04 9.429018190155813883e+00
9.802200000000000000e+04 9.428745360970053113e+00
9.802800000000000000e+04 9.428472556332977206e+00
9.803400000000000000e+04 9.428199776240875352e+00
9.804000000000000000e+04 9.427927020690042070e+00
9.804600000000000000e+04 9.427654289676759447e+00
9.805200000000000000e+04 9.427381583197330883e+00
9.805800000000000000e+04 9.427108901248040240e+00
9.806400000000000000e+04 9.426836243825189143e+00
9.807000000000000000e+04 9.426563610925068559e+00
9.807600000000000000e+04 9.426291002543973008e+00
9.808200000000000000e+04 9.426018418678200561e+00
9.808800000000000000e+04 9.425745859324045739e+00
9.809400000000000000e+04 9.425473324477806614e+00
9.900000000000000000e+04 9.384599666279807906e+00
9.900600000000000000e+04 9.384330814051489611e+00
9.901200000000000000e+04 9.384061985773772818e+00
9.901800000000000000e+04 9.383793181443078169e+00
9.902400000000000000e+04 9.383524401055815645e+00
9.903000000000000000e+04 9.383255644608407664e+00
9.903600000000000000e+04 9.382986912097273091e+00
9.904200000000000000e+04 9.382718203518830791e+00
9.904800000000000000e+04 9.382449518869499627e+00
9.905400000000000000e+04 9.382180858145700242e+00
9.906000000000000000e+04 9.381912221343858604e+00
9.906600000000000000e+04 9.381643608460390027e+00
9.907200000000000000e+04 9.381375019491724032e+00
9.907800000000000000e+04 9.381106454434281261e+00
9.908400000000000000e+04 9.380837913284487684e+00
9.909000000000000000e+04 9.380569396038762164e+00
9.909600000000000000e+04 9.380300902693537779e+00
