6.000000000000000000e+00 8.218877303238061813e+02
1.006000000000000000e+03 6.697246182271345560e+01
2.006000000000000000e+03 5.758560437986595559e+01
3.006000000000000000e+03 5.457110014702104195e+01
4.006000000000000000e+03 5.299029676555032609e+01
5.006000000000000000e+03 5.199428124570157905e+01
6.006000000000000000e+03 5.130239088428655947e+01
7.006000000000000000e+03 5.078903636152128342e+01
8.006000000000000000e+03 5.039224020919319003e+01
9.006000000000000000e+03 5.010801865417767686e+01
1.000600000000000000e+04 4.983999213157952823e+01
1.100600000000000000e+04 3.745872149822693586e+01
1.200600000000000000e+04 3.721983001075048492e+01
1.300600000000000000e+04 3.701457827146542456e+01
1.400600000000000000e+04 3.683632866720900978e+01
1.500600000000000000e+04 3.671637862257023954e+01
1.600600000000000000e+04 3.653793826850436233e+01
1.700600000000000000e+04 3.646012692470105776e+01
1.800600000000000000e+04 3.632900083436852157e+01
1.900600000000000000e+04 3.623927152535634377e+01
2.000600000000000000e+04 3.615238558798820634e+01
2.100600000000000000e+04 3.050356460124825730e+01
2.200600000000000000e+04 3.041813589877434865e+01
2.300600000000000000e+04 3.028397864135414963e+01
2.400600000000000000e+04 3.021548565394875041e+01
2.500600000000000000e+04 3.014474720932046736e+01
2.600600000000000000e+04 3.007805088136179350e+01
2.700600000000000000e+04 3.001733991130744172e+01
2.800600000000000000e+04 2.995514457735584912e+01
2.900600000000000000e+04 2.995190290400696398e+01
3.000600000000000000e+04 2.989447609086838398e+01
3.100600000000000000e+04 2.647310631937481418e+01
3.200600000000000000e+04 2.641758345169417765e+01
3.300600000000000000e+04 2.636498383211643670e+01
3.400600000000000000e+04 2.631479226660314907e+01
3.500600000000000000e+04 2.626546456218055070e+01
3.600600000000000000e+04 2.625989591318506200e+01
3.700600000000000000e+04 2.621531868071636850e+01
3.800600000000000000e+04 2.616832962178413169e+01
3.900600000000000000e+04 2.612281861458149024e+01
4.000600000000000000e+04 2.611493922336776308e+01
4.100600000000000000e+04 2.375179979331722535e+01
4.200600000000000000e+04 2.370871875989225330e+01
4.300600000000000000e+04 2.370125140359279214e+01
4.400600000000000000e+04 2.366333391200915415e+01
4.500600000000000000e+04 2.362090188596346962e+01
4.600600000000000000e+04 2.361242631236778422e+01
4.700600000000000000e+04 2.357508476130709596e+01
4.800600000000000000e+04 2.356117245057611242e+01
4.900600000000000000e+04 2.352731502142732012e+01
5.000600000000000000e+04 2.351156738102768173e+01
5.100600000000000000e+04 2.175203637070168128e+01
5.200600000000000000e+04 2.174157533149168486e+01
5.300600000000000000e+04 2.170198294769519975e+01
5.400600000000000000e+04 2.169360397484436476e+01
5.500600000000000000e+04 2.167645545733030943e+01
5.600600000000000000e+04 2.164130568799618715e+01
5.700600000000000000e+04 2.163074834813491876e+01
5.800600000000000000e+04 2.161397101845225777e+01
5.900600000000000000e+04 2.159542461334780228e+01
6.000600000000000000e+04 2.157664258924690870e+01
6.100600000000000000e+04 2.019794676089541952e+01
6.200600000000000000e+04 2.018910155122876304e+01
6.300600000000000000e+04 2.017417294809933637e+01
6.400600000000000000e+04 2.015745469211810814e+01
6.500600000000000000e+04 2.014042977683709168e+01
6.600600000000000000e+04 2.012360196441050064e+01
6.700600000000000000e+04 2.010713433658335703e+01
6.800600000000000000e+04 2.009107188973909075e+01
6.900600000000000000e+04 2.007541909968312410e+01
7.000600000000000000e+04 2.006016692164829607e+01
7.100600000000000000e+04 1.894787613097298618e+01
7.200600000000000000e+04 1.893901785804919413e+01
7.300600000000000000e+04 1.892645381494621759e+01
7.400600000000000000e+04 1.891282638353799683e+01
7.500600000000000000e+04 1.889904847168294566e+01
7.600600000000000000e+04 1.888543037822477544e+01
7.700600000000000000e+04 1.887207268005009553e+01
7.800600000000000000e+04 1.885900319885880450e+01
7.900600000000000000e+04 1.884622473586975033e+01
8.000600000000000000e+04 1.883373169489362198e+01
8.100600000000000000e+04 1.790883591883237358e+01
8.200600000000000000e+04 1.790156630815384275e+01
8.300600000000000000e+04 1.789122212461434458e+01
8.400600000000000000e+04 1.787997161759960463e+01
8.500600000000000000e+04 1.786856542898813771e+01
8.600600000000000000e+04 1.785726014850748555e+01
8.700600000000000000e+04 1.784614032441733045e+01
8.800600000000000000e+04 1.783523072941271437e+01
8.900600000000000000e+04 1.782453549385452263e+01
9.000600000000000000e+04 1.781405173996161651e+01
9.100600000000000000e+04 1.702824688586763813e+01
9.200600000000000000e+04 1.702213627511513749e+01
9.300600000000000000e+04 1.701342080210376650e+01
9.400600000000000000e+04 1.700392170580911255e+01
9.500600000000000000e+04 1.699427039871982714e+01
9.600600000000000000e+04 1.698468356890224840e+01
9.700600000000000000e+04 1.697523343429862663e+01
9.800600000000000000e+04 1.696594196791752651e+01
9.900600000000000000e+04 1.695681374586364853e+01
