3.200000000000000000e+01 9.060499918365756002e+02
1.032000000000000000e+03 9.467268308929033083e+02
2.032000000000000000e+03 8.762075753626388632e+02
3.032000000000000000e+03 7.118961269086362336e+02
4.032000000000000000e+03 3.475124961013422364e+01
5.032000000000000000e+03 2.890976197849080265e+01
6.032000000000000000e+03 2.590606640952680806e+01
7.032000000000000000e+03 2.398424700892610417e+01
8.032000000000000000e+03 2.259854874158578042e+01
9.032000000000000000e+03 2.153723947551349127e+01
1.003200000000000000e+04 2.069367441958210918e+01
1.103200000000000000e+04 1.967706010439337305e+01
1.203200000000000000e+04 1.878258789603078327e+01
1.303200000000000000e+04 1.797316735819300959e+01
1.403200000000000000e+04 1.732762139096801945e+01
1.503200000000000000e+04 1.679070696262012419e+01
1.603200000000000000e+04 1.632921211705492937e+01
1.703200000000000000e+04 1.592412929173279146e+01
1.803200000000000000e+04 1.556670424721420609e+01
1.903200000000000000e+04 1.524491527441917604e+01
2.003200000000000000e+04 1.495165355574152066e+01
2.103200000000000000e+04 1.448095256281378518e+01
2.203200000000000000e+04 1.406442000819514249e+01
2.303200000000000000e+04 1.374345463414178781e+01
2.403200000000000000e+04 1.374450488754157185e+01
2.503200000000000000e+04 1.327241996226133836e+01
2.603200000000000000e+04 1.327319594761311805e+01
2.703200000000000000e+04 1.286834255072840527e+01
2.803200000000000000e+04 1.286898980287243965e+01
2.903200000000000000e+04 1.251825492864333711e+01
3.003200000000000000e+04 1.251871647410652422e+01
3.103200000000000000e+04 1.208456274327884650e+01
3.203200000000000000e+04 1.208460537363243681e+01
3.303200000000000000e+04 1.182998599786885308e+01
3.403200000000000000e+04 1.150097418340028810e+01
3.503200000000000000e+04 1.150080408334798676e+01
3.603200000000000000e+04 1.150219651793456066e+01
3.703200000000000000e+04 1.112043051319566267e+01
3.803200000000000000e+04 1.112024129702380293e+01
3.903200000000000000e+04 1.112149346454246235e+01
4.003200000000000000e+04 1.079420407379101476e+01
4.103200000000000000e+04 1.059655869403279738e+01
4.203200000000000000e+04 1.059715050087204169e+01
4.303200000000000000e+04 1.042257274704756398e+01
4.403200000000000000e+04 1.020982441779366212e+01
4.503200000000000000e+04 1.020924155370613917e+01
4.603200000000000000e+04 1.020979640266357436e+01
4.703200000000000000e+04 9.946866372899172859e+00
4.803200000000000000e+04 9.946226807865336639e+00
4.903200000000000000e+04 9.946663708144997784e+00
5.003200000000000000e+04 9.716136455349246859e+00
5.103200000000000000e+04 9.568492758986758773e+00
5.203200000000000000e+04 9.568584841977424205e+00
5.303200000000000000e+04 9.438309236923778656e+00
5.403200000000000000e+04 9.284851098184169871e+00
5.503200000000000000e+04 9.284024076615786214e+00
5.603200000000000000e+04 9.284090180851407581e+00
5.703200000000000000e+04 9.091180235002978449e+00
5.803200000000000000e+04 9.090359632526139322e+00
5.903200000000000000e+04 9.090389552532229800e+00
6.003200000000000000e+04 8.916918172196414361e+00
6.103200000000000000e+04 8.800812032711778699e+00
6.203200000000000000e+04 8.800561413867452387e+00
6.303200000000000000e+04 8.698248155590025732e+00
6.403200000000000000e+04 8.581346500682958123e+00
6.503200000000000000e+04 8.580337465372402050e+00
6.603200000000000000e+04 8.580068796016686150e+00
6.703200000000000000e+04 8.430109546552802868e+00
6.803200000000000000e+04 8.429098388625298810e+00
6.903200000000000000e+04 8.428799932457712529e+00
7.003200000000000000e+04 8.292851881166756201e+00
7.103200000000000000e+04 8.198136568118684409e+00
7.203200000000000000e+04 8.197631913634118916e+00
7.303200000000000000e+04 8.114298350323718267e+00
7.403200000000000000e+04 8.021517000387270002e+00
7.503200000000000000e+04 8.020420733056768725e+00
7.603200000000000000e+04 8.019956142040706837e+00
7.703200000000000000e+04 7.899981112865320121e+00
7.803200000000000000e+04 7.898832809808366662e+00
7.903200000000000000e+04 7.898302688642932168e+00
8.003200000000000000e+04 7.787101825377009234e+00
8.103200000000000000e+04 7.707996960039706913e+00
8.203200000000000000e+04 7.707426042987780335e+00
8.303200000000000000e+04 7.637889447456282177e+00
8.403200000000000000e+04 7.562704478179131939e+00
8.503200000000000000e+04 7.561505898046611662e+00
8.603200000000000000e+04 7.560865667931436995e+00
8.703200000000000000e+04 7.461629649421099408e+00
8.803200000000000000e+04 7.460361055100468874e+00
8.903200000000000000e+04 7.459644573885080732e+00
9.003200000000000000e+04 7.366852851103423916e+00
9.103200000000000000e+04 7.299142046560856301e+00
9.203200000000000000e+04 7.298418797588899665e+00
9.303200000000000000e+04 7.239002885383790442e+00
9.403200000000000000e+04 7.176587959531974370e+00
9.503200000000000000e+04 7.175256638117106789e+00
9.603200000000000000e+04 7.174435500432117863e+00
9.703200000000000000e+04 7.090359129406405003e+00
9.803200000000000000e+04 7.089006408429876949e+00
9.903200000000000000e+04 7.088155346887799801e+00
