3.200000000000000000e+01 9.060499918365756002e+02
4.000000000000000000e+01 6.476274988121957676e+02
4.800000000000000000e+01 5.333646258907438096e+02
5.600000000000000000e+01 4.652351730488094290e+02
6.400000000000000000e+01 4.186807143401682652e+02
7.200000000000000000e+01 3.842515136102385895e+02
8.000000000000000000e+01 3.574361514082354461e+02
8.800000000000000000e+01 3.357749515238862728e+02
9.600000000000000000e+01 3.177925461351626382e+02
1.000000000000000000e+03 9.480953714744759964e+01
1.008000000000000000e+03 9.445239587530072356e+01
1.016000000000000000e+03 9.409658171430712059e+01
1.024000000000000000e+03 9.374732509094741317e+01
1.032000000000000000e+03 9.340010592299206849e+01
1.040000000000000000e+03 9.305676402605450903e+01
1.048000000000000000e+03 9.271817983009950126e+01
1.056000000000000000e+03 9.238346483093337724e+01
1.064000000000000000e+03 9.205420506881574738e+01
1.072000000000000000e+03 9.172900372098722244e+01
1.080000000000000000e+03 9.140297300023129878e+01
1.088000000000000000e+03 9.108535633010519916e+01
1.096000000000000000e+03 9.076899135015425202e+01
2.000000000000000000e+03 6.830204938258597736e+01
2.008000000000000000e+03 6.817252664587633149e+01
2.016000000000000000e+03 6.804466468254139500e+01
2.024000000000000000e+03 6.791768457628515421e+01
2.032000000000000000e+03 6.779144474504167306e+01
2.040000000000000000e+03 6.766598767248734703e+01
2.048000000000000000e+03 6.754246886681502815e+01
2.056000000000000000e+03 6.741649503343867877e+01
2.064000000000000000e+03 6.729381184735493093e+01
2.072000000000000000e+03 6.717295586526563511e+01
2.080000000000000000e+03 6.704750804397693287e+01
2.088000000000000000e+03 6.692958085046109318e+01
2.096000000000000000e+03 6.680940196475887660e+01
3.000000000000000000e+03 5.643627214615310095e+01
3.008000000000000000e+03 5.636577461261499877e+01
3.016000000000000000e+03 5.629422059782758936e+01
3.024000000000000000e+03 5.622385881609525882e+01
3.032000000000000000e+03 5.615283185186362402e+01
3.040000000000000000e+03 5.608428465711102717e+01
3.048000000000000000e+03 5.601628249939386706e+01
3.056000000000000000e+03 5.594796836234687021e+01
3.064000000000000000e+03 5.587932088319857371e+01
3.072000000000000000e+03 5.581084148405736300e+01
3.080000000000000000e+03 5.573972989722850002e+01
3.088000000000000000e+03 5.567292912446677633e+01
3.096000000000000000e+03 5.560538730819220632e+01
4.000000000000000000e+03 4.930106779522495941e+01
4.008000000000000000e+03 4.925502034039529065e+01
4.016000000000000000e+03 4.920764450645566512e+01
4.024000000000000000e+03 4.916260294876492765e+01
4.032000000000000000e+03 4.911695860322689100e+01
4.040000000000000000e+03 4.907126782758825811e+01
4.048000000000000000e+03 4.902276676939566613e+01
4.056000000000000000e+03 4.897944214149155329e+01
4.064000000000000000e+03 4.893337345860430077e+01
4.072000000000000000e+03 4.888923476745313934e+01
4.080000000000000000e+03 4.884314528560502566e+01
4.088000000000000000e+03 4.879919307187086019e+01
4.096000000000000000e+03 4.875338163630914323e+01
5.000000000000000000e+03 4.439541006938176793e+01
5.008000000000000000e+03 4.436156852999851452e+01
5.016000000000000000e+03 4.432941307363626038e+01
5.024000000000000000e+03 4.429656970713708120e+01
5.032000000000000000e+03 4.426356322849628100e+01
5.040000000000000000e+03 4.423055838258525796e+01
5.048000000000000000e+03 4.419760676499782903e+01
5.056000000000000000e+03 4.416472439985989240e+01
5.064000000000000000e+03 4.413025695534109616e+01
5.072000000000000000e+03 4.409590062891359707e+01
5.080000000000000000e+03 4.406381967411137168e+01
5.088000000000000000e+03 4.403067992434343125e+01
5.096000000000000000e+03 4.399922802136056532e+01
6.000000000000000000e+03 4.075221110062809515e+01
6.008000000000000000e+03 4.072577065797290885e+01
6.016000000000000000e+03 4.070121958643302662e+01
6.024000000000000000e+03 4.067715127379685214e+01
6.032000000000000000e+03 4.065125012004951088e+01
6.040000000000000000e+03 4.062626425659734508e+01
6.048000000000000000e+03 4.060163032606907052e+01
6.056000000000000000e+03 4.057485353724596422e+01
6.064000000000000000e+03 4.054862392046307207e+01
6.072000000000000000e+03 4.052380183682620896e+01
6.080000000000000000e+03 4.049989323963701082e+01
6.088000000000000000e+03 4.047579749560738804e+01
6.096000000000000000e+03 4.045066081422791626e+01
7.000000000000000000e+03 3.790805365226465540e+01
7.008000000000000000e+03 3.788748085074637117e+01
7.016000000000000000e+03 3.786810841937477790e+01
7.024000000000000000e+03 3.784590817017866016e+01
7.032000000000000000e+03 3.782383579882012725e+01
7.040000000000000000e+03 3.780339936028464365e+01
7.048000000000000000e+03 3.778629321897599880e+01
7.056000000000000000e+03 3.776549354550557069e+01
7.064000000000000000e+03 3.774716732674340847e+01
7.072000000000000000e+03 3.772450987299199454e+01
7.080000000000000000e+03 3.770448130564089695e+01
7.088000000000000000e+03 3.768122797902520205e+01
7.096000000000000000e+03 3.766050887574915151e+01
8.000000000000000000e+03 3.560377081800437793e+01
8.008000000000000000e+03 3.558433832544551478e+01
8.016000000000000000e+03 3.556776190847659080e+01
8.024000000000000000e+03 3.555307935578752421e+01
8.032000000000000000e+03 3.553749307831458992e+01
8.040000000000000000e+03 3.552030719121408708e+01
8.048000000000000000e+03 3.550321363462371238e+01
8.056000000000000000e+03 3.548661523900903347e+01
8.064000000000000000e+03 3.546935188841384701e+01
8.072000000000000000e+03 3.545290269011774598e+01
8.080000000000000000e+03 3.543558416007388701e+01
8.088000000000000000e+03 3.542034416864825630e+01
8.096000000000000000e+03 3.540550424126917051e+01
9.000000000000000000e+03 3.368843320445567002e+01
9.008000000000000000e+03 3.367310653431590595e+01
9.016000000000000000e+03 3.365860663934817154e+01
9.024000000000000000e+03 3.364441397015014701e+01
9.032000000000000000e+03 3.363134337231657867e+01
9.040000000000000000e+03 3.361668872063013680e+01
9.048000000000000000e+03 3.360351472695792552e+01
9.056000000000000000e+03 3.358864409063153289e+01
9.064000000000000000e+03 3.357554379678440171e+01
9.072000000000000000e+03 3.356206753712294244e+01
9.080000000000000000e+03 3.354839868105464973e+01
9.088000000000000000e+03 3.353334109859417822e+01
9.096000000000000000e+03 3.352013471022589641e+01
1.000000000000000000e+04 3.206017194965288297e+01
1.000800000000000000e+04 3.204788676009103909e+01
1.001600000000000000e+04 3.203528723215686114e+01
1.002400000000000000e+04 3.202205983136310863e+01
1.003200000000000000e+04 3.201102413693810433e+01
1.004000000000000000e+04 3.200061283692420488e+01
1.004800000000000000e+04 3.198907717554001096e+01
1.005600000000000000e+04 3.197791927461434724e+01
1.006400000000000000e+04 3.196640496929924424e+01
1.007200000000000000e+04 3.195417923945228722e+01
1.008000000000000000e+04 3.194263492025226014e+01
1.008800000000000000e+04 3.192790670530455799e+01
1.009600000000000000e+04 3.191732386663538890e+01
1.100000000000000000e+04 3.065559137363779030e+01
1.100800000000000000e+04 3.064498940032635588e+01
1.101600000000000000e+04 3.063427592111909092e+01
1.102400000000000000e+04 3.062258025541076378e+01
1.103200000000000000e+04 3.061159827749498419e+01
1.104000000000000000e+04 3.060210179002184816e+01
1.104800000000000000e+04 3.059317306317387164e+01
1.105600000000000000e+04 3.058366281383764473e+01
1.106400000000000000e+04 3.057380505027919781e+01
1.107200000000000000e+04 3.056374134502810591e+01
1.108000000000000000e+04 3.055355735134270034e+01
1.108800000000000000e+04 3.054067462715172354e+01
1.109600000000000000e+04 3.052879632390924058e+01
1.200000000000000000e+04 2.942759823169976130e+01
1.200800000000000000e+04 2.941956449363203063e+01
1.201600000000000000e+04 2.941023989364868640e+01
1.202400000000000000e+04 2.939917593566274689e+01
1.203200000000000000e+04 2.939010509039658103e+01
1.204000000000000000e+04 2.938076640113052918e+01
1.204800000000000000e+04 2.937180233187548239e+01
1.205600000000000000e+04 2.936445042631106617e+01
1.206400000000000000e+04 2.935310631608543019e+01
1.207200000000000000e+04 2.934310525105042444e+01
1.208000000000000000e+04 2.933489483619779037e+01
1.208800000000000000e+04 2.932673168921392559e+01
1.209600000000000000e+04 2.931924378949161536e+01
1.300000000000000000e+04 2.834415307752039581e+01
1.300800000000000000e+04 2.833349343362365502e+01
1.301600000000000000e+04 2.832569393640017097e+01
1.302400000000000000e+04 2.831739923101696377e+01
1.303200000000000000e+04 2.830827331874844077e+01
1.304000000000000000e+04 2.830038989452204490e+01
1.304800000000000000e+04 2.829158676607529799e+01
1.305600000000000000e+04 2.828357669489607318e+01
1.306400000000000000e+04 2.827653562776067275e+01
1.307200000000000000e+04 2.826777465374789955e+01
1.308000000000000000e+04 2.825918031222834870e+01
1.308800000000000000e+04 2.825031789739857047e+01
1.309600000000000000e+04 2.824397559023464410e+01
1.400000000000000000e+04 2.737236038843981945e+01
1.400800000000000000e+04 2.736546210672776169e+01
1.401600000000000000e+04 2.735756111177133931e+01
1.402400000000000000e+04 2.735070043593132993e+01
1.403200000000000000e+04 2.734369291852628692e+01
1.404000000000000000e+04 2.733478467592403049e+01
1.404800000000000000e+04 2.732723898575597588e+01
1.405600000000000000e+04 2.732070685328645610e+01
1.406400000000000000e+04 2.731308813506322863e+01
1.407200000000000000e+04 2.730641337243432787e+01
1.408000000000000000e+04 2.729873654665728822e+01
1.408800000000000000e+04 2.729198984069915923e+01
1.409600000000000000e+04 2.728507482267179540e+01
1.500000000000000000e+04 2.649948907531202025e+01
1.500800000000000000e+04 2.649270996770148656e+01
1.501600000000000000e+04 2.648638882580863552e+01
1.502400000000000000e+04 2.647900711424420805e+01
1.503200000000000000e+04 2.647379939042788521e+01
1.504000000000000000e+04 2.646672589144723986e+01
1.504800000000000000e+04 2.646023830610464600e+01
1.505600000000000000e+04 2.645263877689061971e+01
1.506400000000000000e+04 2.644632703567997822e+01
1.507200000000000000e+04 2.643929261325718016e+01
1.508000000000000000e+04 2.643368132295081807e+01
1.508800000000000000e+04 2.642769520970684383e+01
1.509600000000000000e+04 2.642057792168736086e+01
1.600000000000000000e+04 2.570635408827703827e+01
1.600800000000000000e+04 2.570096851995564435e+01
1.601600000000000000e+04 2.569542955708025644e+01
1.602400000000000000e+04 2.568931594537092167e+01
1.603200000000000000e+04 2.568221948305595248e+01
1.604000000000000000e+04 2.567651086306681307e+01
1.604800000000000000e+04 2.567105977136329642e+01
1.605600000000000000e+04 2.566496216841872879e+01
1.606400000000000000e+04 2.565939850464591032e+01
1.607200000000000000e+04 2.565370201669890093e+01
1.608000000000000000e+04 2.564844910338000261e+01
1.608800000000000000e+04 2.564157047755250929e+01
1.609600000000000000e+04 2.563629814230564108e+01
1.700000000000000000e+04 2.498510854756020905e+01
1.700800000000000000e+04 2.497955859637563591e+01
1.701600000000000000e+04 2.497406514026952351e+01
1.702400000000000000e+04 2.496858219631096176e+01
1.703200000000000000e+04 2.496251347308170665e+01
1.704000000000000000e+04 2.495763008317190668e+01
1.704800000000000000e+04 2.495207048183160836e+01
1.705600000000000000e+04 2.494661816205298877e+01
1.706400000000000000e+04 2.494032160180866597e+01
1.707200000000000000e+04 2.493557162521539894e+01
1.708000000000000000e+04 2.492864371959133507e+01
1.708800000000000000e+04 2.492437119530034195e+01
1.709600000000000000e+04 2.491988333933192834e+01
1.800000000000000000e+04 2.432324327553944698e+01
1.800800000000000000e+04 2.431862493178935125e+01
1.801600000000000000e+04 2.431289275523277027e+01
1.802400000000000000e+04 2.430733860101483401e+01
1.803200000000000000e+04 2.430286784989338145e+01
1.804000000000000000e+04 2.429546843714841486e+01
1.804800000000000000e+04 2.429135214468977466e+01
1.805600000000000000e+04 2.428622438257978189e+01
1.806400000000000000e+04 2.428019627892508936e+01
1.807200000000000000e+04 2.427445681963174451e+01
1.808000000000000000e+04 2.426813044273659159e+01
1.808800000000000000e+04 2.426448607215777287e+01
1.809600000000000000e+04 2.425980507079462356e+01
1.900000000000000000e+04 2.371034940700825189e+01
1.900800000000000000e+04 2.370631961623508843e+01
1.901600000000000000e+04 2.370130665461706343e+01
1.902400000000000000e+04 2.369718637074073797e+01
1.903200000000000000e+04 2.369204323234912479e+01
1.904000000000000000e+04 2.368789918436978681e+01
1.904800000000000000e+04 2.368275817919325732e+01
1.905600000000000000e+04 2.367624044129265215e+01
1.906400000000000000e+04 2.367247398283657489e+01
1.907200000000000000e+04 2.366853592141855955e+01
1.908000000000000000e+04 2.366443671402932480e+01
1.908800000000000000e+04 2.365936993623659390e+01
1.909600000000000000e+04 2.365395525635529950e+01
2.000000000000000000e+04 2.314724594804494018e+01
2.000800000000000000e+04 2.314226593097720297e+01
2.001600000000000000e+04 2.313706411810769836e+01
2.002400000000000000e+04 2.313338720692975059e+01
2.003200000000000000e+04 2.313018779708559691e+01
2.004000000000000000e+04 2.312571924340984708e+01
2.004800000000000000e+04 2.312088401154518991e+01
2.005600000000000000e+04 2.311694341456855994e+01
2.006400000000000000e+04 2.311216630485755275e+01
2.007200000000000000e+04 2.310678575405607305e+01
2.008000000000000000e+04 2.310181979185890810e+01
2.008800000000000000e+04 2.309877371544618541e+01
2.009600000000000000e+04 2.309375217868262098e+01
2.100000000000000000e+04 2.261985467855473786e+01
2.100800000000000000e+04 2.261599347901719881e+01
2.101600000000000000e+04 2.261256287867524861e+01
2.102400000000000000e+04 2.260991899390911186e+01
2.103200000000000000e+04 2.260290744398417928e+01
2.104000000000000000e+04 2.259956401653262503e+01
2.104800000000000000e+04 2.259619975627746058e+01
2.105600000000000000e+04 2.259311217907584535e+01
2.106400000000000000e+04 2.258819788058610811e+01
2.107200000000000000e+04 2.258468587180231424e+01
2.108000000000000000e+04 2.258056670279638212e+01
2.108800000000000000e+04 2.257736332750325658e+01
2.109600000000000000e+04 2.257308668703123899e+01
2.200000000000000000e+04 2.213177322825040250e+01
2.200800000000000000e+04 2.212908561976506405e+01
2.201600000000000000e+04 2.212428188946786278e+01
2.202400000000000000e+04 2.212016830495835862e+01
2.203200000000000000e+04 2.211567814338367555e+01
2.204000000000000000e+04 2.211275899875564477e+01
2.204800000000000000e+04 2.210948306094455873e+01
2.205600000000000000e+04 2.210577700445600868e+01
2.206400000000000000e+04 2.210162661698831599e+01
2.207200000000000000e+04 2.209746394319711982e+01
2.208000000000000000e+04 2.209531305462691009e+01
2.208800000000000000e+04 2.208901952476193742e+01
2.209600000000000000e+04 2.208508906957253970e+01
2.300000000000000000e+04 2.167397782499696035e+01
2.300800000000000000e+04 2.166989381470856557e+01
2.301600000000000000e+04 2.166670599195181524e+01
2.302400000000000000e+04 2.166359716298987692e+01
2.303200000000000000e+04 2.165939809808197225e+01
2.304000000000000000e+04 2.165477016493952078e+01
2.304800000000000000e+04 2.165147518362773837e+01
2.305600000000000000e+04 2.164846101032454939e+01
2.306400000000000000e+04 2.164414403538503251e+01
2.307200000000000000e+04 2.164155092200566699e+01
2.308000000000000000e+04 2.163704934028260496e+01
2.308800000000000000e+04 2.163414630227382673e+01
2.309600000000000000e+04 2.163060561035888441e+01
2.400000000000000000e+04 2.124411270119511386e+01
2.400800000000000000e+04 2.124049821113399616e+01
2.401600000000000000e+04 2.123699627021071024e+01
2.402400000000000000e+04 2.123254029463130621e+01
2.403200000000000000e+04 2.122797959155381520e+01
2.404000000000000000e+04 2.122531738098187404e+01
2.404800000000000000e+04 2.122215963429327346e+01
2.405600000000000000e+04 2.121932454443262372e+01
2.406400000000000000e+04 2.121578534488229195e+01
2.407200000000000000e+04 2.121336196598833723e+01
2.408000000000000000e+04 2.120995059262946825e+01
2.408800000000000000e+04 2.120790486675812048e+01
2.409600000000000000e+04 2.120289110626228535e+01
2.500000000000000000e+04 2.083982858145338923e+01
2.500800000000000000e+04 2.083630916514203335e+01
2.501600000000000000e+04 2.083255147660829110e+01
2.502400000000000000e+04 2.083053046529004604e+01
2.503200000000000000e+04 2.082784391743601660e+01
2.504000000000000000e+04 2.082426003794516589e+01
2.504800000000000000e+04 2.082212059684113115e+01
2.505600000000000000e+04 2.081932142315645962e+01
2.506400000000000000e+04 2.081606868188274717e+01
2.507200000000000000e+04 2.081276102106536285e+01
2.508000000000000000e+04 2.080962914503356131e+01
2.508800000000000000e+04 2.080451216558640226e+01
2.509600000000000000e+04 2.080246668376211971e+01
2.600000000000000000e+04 2.045775834079683619e+01
2.600800000000000000e+04 2.045533259318310115e+01
2.601600000000000000e+04 2.045281396908168148e+01
2.602400000000000000e+04 2.044974892760193086e+01
2.603200000000000000e+04 2.044634836002557066e+01
2.604000000000000000e+04 2.044381000331862808e+01
2.604800000000000000e+04 2.044172358585730365e+01
2.605600000000000000e+04 2.043912576951812099e+01
2.606400000000000000e+04 2.043584155417801895e+01
2.607200000000000000e+04 2.043364917957849514e+01
2.608000000000000000e+04 2.042987859659113425e+01
2.608800000000000000e+04 2.042635629167283895e+01
2.609600000000000000e+04 2.042384935746371966e+01
2.700000000000000000e+04 2.009559497440498177e+01
2.700800000000000000e+04 2.009342583766342472e+01
2.701600000000000000e+04 2.009081580312343718e+01
2.702400000000000000e+04 2.008659605605578946e+01
2.703200000000000000e+04 2.008422439870683363e+01
2.704000000000000000e+04 2.008249314742315050e+01
2.704800000000000000e+04 2.007817961999317191e+01
2.705600000000000000e+04 2.007609983327512282e+01
2.706400000000000000e+04 2.007433777309615763e+01
2.707200000000000000e+04 2.007207828523182158e+01
2.708000000000000000e+04 2.006932070887932085e+01
2.708800000000000000e+04 2.006604337733364218e+01
2.709600000000000000e+04 2.006336885395217706e+01
2.800000000000000000e+04 1.975662297020230795e+01
2.800800000000000000e+04 1.975465296476453858e+01
2.801600000000000000e+04 1.975262093889490345e+01
2.802400000000000000e+04 1.975003469750140894e+01
2.803200000000000000e+04 1.974662093334443114e+01
2.804000000000000000e+04 1.974284556393454437e+01
2.804800000000000000e+04 1.974035202247235787e+01
2.805600000000000000e+04 1.973841225102893304e+01
2.806400000000000000e+04 1.973600040093988639e+01
2.807200000000000000e+04 1.973396816409248444e+01
2.808000000000000000e+04 1.973186469236344465e+01
2.808800000000000000e+04 1.972881020629213467e+01
2.809600000000000000e+04 1.972628118091085980e+01
2.900000000000000000e+04 1.943231849458162941e+01
2.900800000000000000e+04 1.943042199543641502e+01
2.901600000000000000e+04 1.942847052054032275e+01
2.902400000000000000e+04 1.942604643820573429e+01
2.903200000000000000e+04 1.942347892385595642e+01
2.904000000000000000e+04 1.942095982097218609e+01
2.904800000000000000e+04 1.941713836739154431e+01
2.905600000000000000e+04 1.941523850809325680e+01
2.906400000000000000e+04 1.941328665966043943e+01
2.907200000000000000e+04 1.941039161262797563e+01
2.908000000000000000e+04 1.940841761062304727e+01
2.908800000000000000e+04 1.940639007061689014e+01
2.909600000000000000e+04 1.940385573150426879e+01
3.000000000000000000e+04 1.912650962189064785e+01
3.000800000000000000e+04 1.912442739515563517e+01
3.001600000000000000e+04 1.912230784234868963e+01
3.002400000000000000e+04 1.912015546690768275e+01
3.003200000000000000e+04 1.911751152066032944e+01
3.004000000000000000e+04 1.911534980681459928e+01
3.004800000000000000e+04 1.911316151865379709e+01
3.005600000000000000e+04 1.911095748615795742e+01
3.006400000000000000e+04 1.910873112251572792e+01
3.007200000000000000e+04 1.910601745243277705e+01
3.008000000000000000e+04 1.910336481826165667e+01
3.008800000000000000e+04 1.910066072653609837e+01
3.009600000000000000e+04 1.909797906958893776e+01
3.100000000000000000e+04 1.883198414421011080e+01
3.100800000000000000e+04 1.882926653239536208e+01
3.101600000000000000e+04 1.882740556267750520e+01
3.102400000000000000e+04 1.882549635490942563e+01
3.103200000000000000e+04 1.882355962476549749e+01
3.104000000000000000e+04 1.882158191393167712e+01
3.104800000000000000e+04 1.881956815983047449e+01
3.105600000000000000e+04 1.881707571644688670e+01
3.106400000000000000e+04 1.881457375443042324e+01
3.107200000000000000e+04 1.881256170913805903e+01
3.108000000000000000e+04 1.880965398139103684e+01
3.108800000000000000e+04 1.880730318539363211e+01
3.109600000000000000e+04 1.880535041660014173e+01
3.200000000000000000e+04 1.855240515340974738e+01
3.200800000000000000e+04 1.855009629936594706e+01
3.201600000000000000e+04 1.854783169057425951e+01
3.202400000000000000e+04 1.854597108524918525e+01
3.203200000000000000e+04 1.854408141430794643e+01
3.204000000000000000e+04 1.854216515107993146e+01
3.204800000000000000e+04 1.854021787977848845e+01
3.205600000000000000e+04 1.853824341110159679e+01
3.206400000000000000e+04 1.853578268946046848e+01
3.207200000000000000e+04 1.853335961450112990e+01
3.208000000000000000e+04 1.853098283631978660e+01
3.208800000000000000e+04 1.852824386505376353e+01
3.209600000000000000e+04 1.852590043789472318e+01
3.300000000000000000e+04 1.828578019265059851e+01
3.300800000000000000e+04 1.828387815881471923e+01
3.301600000000000000e+04 1.828024841590754335e+01
3.302400000000000000e+04 1.827781090894120197e+01
3.303200000000000000e+04 1.827608750821080008e+01
3.304000000000000000e+04 1.827434515863998143e+01
3.304800000000000000e+04 1.827216760610835067e+01
3.305600000000000000e+04 1.827039518835557885e+01
3.306400000000000000e+04 1.826858718706201046e+01
3.307200000000000000e+04 1.826675453639282409e+01
3.308000000000000000e+04 1.826489273036285965e+01
3.308800000000000000e+04 1.826259872359208458e+01
3.309600000000000000e+04 1.826072826776583469e+01
3.400000000000000000e+04 1.802975481317533379e+01
3.400800000000000000e+04 1.802794886594301715e+01
3.401600000000000000e+04 1.802612756427116736e+01
3.402400000000000000e+04 1.802428565183596731e+01
3.403200000000000000e+04 1.802117312368977053e+01
3.404000000000000000e+04 1.801899659644500673e+01
3.404800000000000000e+04 1.801726732060023650e+01
3.405600000000000000e+04 1.801552239813083744e+01
3.406400000000000000e+04 1.801375525039932057e+01
3.407200000000000000e+04 1.801196163068261313e+01
3.408000000000000000e+04 1.801014467862213664e+01
3.408800000000000000e+04 1.800830728141497161e+01
3.409600000000000000e+04 1.800645192778416970e+01
3.500000000000000000e+04 1.778534649853400040e+01
3.500800000000000000e+04 1.778354654017728365e+01
3.501600000000000000e+04 1.778131566668356456e+01
3.502400000000000000e+04 1.777805529200376000e+01
3.503200000000000000e+04 1.777641604216309190e+01
3.504000000000000000e+04 1.777437940479963885e+01
3.504800000000000000e+04 1.777273651084667705e+01
3.505600000000000000e+04 1.777044567419815024e+01
3.506400000000000000e+04 1.776880932311958716e+01
3.507200000000000000e+04 1.776674478189973883e+01
3.508000000000000000e+04 1.776510118157521845e+01
3.508800000000000000e+04 1.776342720781944706e+01
3.509600000000000000e+04 1.776140027718418324e+01
3.600000000000000000e+04 1.754896868735305304e+01
3.600800000000000000e+04 1.754738846523071771e+01
3.601600000000000000e+04 1.754578567339014938e+01
3.602400000000000000e+04 1.754416232508897622e+01
3.603200000000000000e+04 1.754161174580602633e+01
3.604000000000000000e+04 1.754003374395130521e+01
3.604800000000000000e+04 1.753802162445616020e+01
3.605600000000000000e+04 1.753644151604529711e+01
3.606400000000000000e+04 1.753446243012669115e+01
3.607200000000000000e+04 1.753286970211681961e+01
3.608000000000000000e+04 1.753084172842131849e+01
3.608800000000000000e+04 1.752924381197908943e+01
3.609600000000000000e+04 1.752761922785848370e+01
3.700000000000000000e+04 1.732452458619956204e+01
3.700800000000000000e+04 1.732288984703557588e+01
3.701600000000000000e+04 1.732123988687432359e+01
3.702400000000000000e+04 1.731920497946656923e+01
3.703200000000000000e+04 1.731756662481508968e+01
3.704000000000000000e+04 1.731591442548150184e+01
3.704800000000000000e+04 1.731425594813978108e+01
3.705600000000000000e+04 1.731221004360851623e+01
3.706400000000000000e+04 1.731056592159855967e+01
3.707200000000000000e+04 1.730890886107925652e+01
3.708000000000000000e+04 1.730724577979922785e+01
3.708800000000000000e+04 1.730557145127513508e+01
3.709600000000000000e+04 1.730388716063145438e+01
3.800000000000000000e+04 1.710858769511632005e+01
3.800800000000000000e+04 1.710691533576978784e+01
3.801600000000000000e+04 1.710524019131070617e+01
3.802400000000000000e+04 1.710356265198537074e+01
3.803200000000000000e+04 1.710188306197292363e+01
3.804000000000000000e+04 1.710020172482104073e+01
3.804800000000000000e+04 1.709851890824003817e+01
3.805600000000000000e+04 1.709683484833119493e+01
3.806400000000000000e+04 1.709514965409678666e+01
3.807200000000000000e+04 1.709346362009123510e+01
3.808000000000000000e+04 1.709177685846111672e+01
3.808800000000000000e+04 1.709008951628688067e+01
3.809600000000000000e+04 1.708840167351027617e+01
3.900000000000000000e+04 1.690004036553675348e+01
3.900800000000000000e+04 1.689842515179325488e+01
3.901600000000000000e+04 1.689680791442842889e+01
3.902400000000000000e+04 1.689518890103596860e+01
3.903200000000000000e+04 1.689356837781100396e+01
3.904000000000000000e+04 1.689194662555976123e+01
3.904800000000000000e+04 1.688995621871337605e+01
3.905600000000000000e+04 1.688836932670087876e+01
3.906400000000000000e+04 1.688677806897304023e+01
3.907200000000000000e+04 1.688518844321286494e+01
3.908000000000000000e+04 1.688359415396179486e+01
3.908800000000000000e+04 1.688199585832998650e+01
3.909600000000000000e+04 1.688039408875234670e+01
4.000000000000000000e+04 1.669934794677300260e+01
4.000800000000000000e+04 1.669777111996561558e+01
4.001600000000000000e+04 1.669619470512849801e+01
4.002400000000000000e+04 1.669461870858206964e+01
4.003200000000000000e+04 1.669304304725880783e+01
4.004000000000000000e+04 1.669146778066006931e+01
4.004800000000000000e+04 1.668989300408849275e+01
4.005600000000000000e+04 1.668831867003537894e+01
4.006400000000000000e+04 1.668639055205851207e+01
4.007200000000000000e+04 1.668485242338660512e+01
4.008000000000000000e+04 1.668299084979494040e+01
4.008800000000000000e+04 1.668148338254991359e+01
4.009600000000000000e+04 1.667996938728639478e+01
4.100000000000000000e+04 1.650565414462505132e+01
4.100800000000000000e+04 1.650414096667949337e+01
4.101600000000000000e+04 1.650262730785885168e+01
4.102400000000000000e+04 1.650111323404095032e+01
4.103200000000000000e+04 1.649894952310830121e+01
4.104000000000000000e+04 1.649749987599461321e+01
4.104800000000000000e+04 1.649604865936677811e+01
4.105600000000000000e+04 1.649459548548477983e+01
4.106400000000000000e+04 1.649313499610687117e+01
4.107200000000000000e+04 1.649166814854638474e+01
4.108000000000000000e+04 1.649019574553057055e+01
4.108800000000000000e+04 1.648837717617892196e+01
4.109600000000000000e+04 1.648692985813924849e+01
4.200000000000000000e+04 1.631891815326662964e+01
4.200800000000000000e+04 1.631745026315471137e+01
4.201600000000000000e+04 1.631598280635026654e+01
4.202400000000000000e+04 1.631451578001337666e+01
4.203200000000000000e+04 1.631304914282474172e+01
4.204000000000000000e+04 1.631158285813832975e+01
4.204800000000000000e+04 1.631011701040174700e+01
4.205600000000000000e+04 1.630865155721268422e+01
4.206400000000000000e+04 1.630718653922856731e+01
4.207200000000000000e+04 1.630572195325531482e+01
4.208000000000000000e+04 1.630425771873562368e+01
4.208800000000000000e+04 1.630279392004470651e+01
4.209600000000000000e+04 1.630133043770471346e+01
4.300000000000000000e+04 1.613854862308822646e+01
4.300800000000000000e+04 1.613713065874855346e+01
4.301600000000000000e+04 1.613571306733831889e+01
4.302400000000000000e+04 1.613429585038427660e+01
4.303200000000000000e+04 1.613287897280418548e+01
4.304000000000000000e+04 1.613146251322191915e+01
4.304800000000000000e+04 1.613004643094599544e+01
4.305600000000000000e+04 1.612863072690241495e+01
4.306400000000000000e+04 1.612721543880052977e+01
4.307200000000000000e+04 1.612580056300653553e+01
4.308000000000000000e+04 1.612438605945265024e+01
4.308800000000000000e+04 1.612297196644814079e+01
4.309600000000000000e+04 1.612155824448952757e+01
4.400000000000000000e+04 1.596419151192275621e+01
4.400800000000000000e+04 1.596282721480163147e+01
4.401600000000000000e+04 1.596146242739204624e+01
4.402400000000000000e+04 1.596009735429352361e+01
4.403200000000000000e+04 1.595873207269099581e+01
4.404000000000000000e+04 1.595736665058902659e+01
4.404800000000000000e+04 1.595600107850115812e+01
4.405600000000000000e+04 1.595463548681435206e+01
4.406400000000000000e+04 1.595326988655284772e+01
4.407200000000000000e+04 1.595190428683489792e+01
4.408000000000000000e+04 1.595053876552388061e+01
4.408800000000000000e+04 1.594917332199671733e+01
4.409600000000000000e+04 1.594780805935624635e+01
4.500000000000000000e+04 1.579567725992275840e+01
4.500800000000000000e+04 1.579435090558842703e+01
4.501600000000000000e+04 1.579302492883586773e+01
4.502400000000000000e+04 1.579169932584751734e+01
4.503200000000000000e+04 1.579037402722310190e+01
4.504000000000000000e+04 1.578904907072558395e+01
4.504800000000000000e+04 1.578772448967507280e+01
4.505600000000000000e+04 1.578640021489679413e+01
4.506400000000000000e+04 1.578507631647406839e+01
4.507200000000000000e+04 1.578375279063475034e+01
4.508000000000000000e+04 1.578242963403336141e+01
4.508800000000000000e+04 1.578110681111851044e+01
4.509600000000000000e+04 1.577978429022498652e+01
4.600000000000000000e+04 1.563252642344986398e+01
4.600800000000000000e+04 1.563124227069885919e+01
4.601600000000000000e+04 1.562995847430242335e+01
4.602400000000000000e+04 1.562867496854407889e+01
4.603200000000000000e+04 1.562739181996395565e+01
4.604000000000000000e+04 1.562610899376026197e+01
4.604800000000000000e+04 1.562482652163571117e+01
4.605600000000000000e+04 1.562354440033385750e+01
4.606400000000000000e+04 1.562226262696576562e+01
4.607200000000000000e+04 1.562098116774778944e+01
4.608000000000000000e+04 1.561969999329415337e+01
4.608800000000000000e+04 1.561841917047895478e+01
4.609600000000000000e+04 1.561713866507424697e+01
4.700000000000000000e+04 1.547450601939571335e+01
4.700800000000000000e+04 1.547326184768292379e+01
4.701600000000000000e+04 1.547201801432864343e+01
4.702400000000000000e+04 1.547077448670249211e+01
4.703200000000000000e+04 1.546953129463438614e+01
4.704000000000000000e+04 1.546828837589350414e+01
4.704800000000000000e+04 1.546704573513130754e+01
4.705600000000000000e+04 1.546580340538062970e+01
4.706400000000000000e+04 1.546456135711824587e+01
4.707200000000000000e+04 1.546331962324097375e+01
4.708000000000000000e+04 1.546207823245745772e+01
4.708800000000000000e+04 1.546083718075546543e+01
4.709600000000000000e+04 1.545959646458091186e+01
4.800000000000000000e+04 1.532135795561406155e+01
4.800800000000000000e+04 1.532015179824893281e+01
4.801600000000000000e+04 1.531894586900165578e+01
4.802400000000000000e+04 1.531774023171303512e+01
4.803200000000000000e+04 1.531653485884838162e+01
4.804000000000000000e+04 1.531532980960506762e+01
4.804800000000000000e+04 1.531412508048409116e+01
4.805600000000000000e+04 1.531292061254633552e+01
4.806400000000000000e+04 1.531171646549704590e+01
4.807200000000000000e+04 1.531051263612026858e+01
4.808000000000000000e+04 1.530930912156632573e+01
4.808800000000000000e+04 1.530810589154057055e+01
4.809600000000000000e+04 1.530690291884262422e+01
4.900000000000000000e+04 1.517283420831268614e+01
4.900800000000000000e+04 1.517166395269579837e+01
4.901600000000000000e+04 1.517049395507454079e+01
4.902400000000000000e+04 1.516932427123111360e+01
4.903200000000000000e+04 1.516815489714462473e+01
4.904000000000000000e+04 1.516698582925559258e+01
4.904800000000000000e+04 1.516581706441147226e+01
4.905600000000000000e+04 1.516464859981860513e+01
4.906400000000000000e+04 1.516348043299985271e+01
4.907200000000000000e+04 1.516231253539591606e+01
4.908000000000000000e+04 1.516114490795282954e+01
4.908800000000000000e+04 1.515997755191017227e+01
4.909600000000000000e+04 1.515881044158232527e+01
5.000000000000000000e+04 1.502870344713949180e+01
5.000800000000000000e+04 1.502756748337568204e+01
5.001600000000000000e+04 1.502643181196639333e+01
5.002400000000000000e+04 1.502529640468589633e+01
5.003200000000000000e+04 1.502416128693544550e+01
5.004000000000000000e+04 1.502302643058317777e+01
5.004800000000000000e+04 1.502189181076214552e+01
5.005600000000000000e+04 1.502075743111801387e+01
5.006400000000000000e+04 1.501962326966826211e+01
5.007200000000000000e+04 1.501848938247918674e+01
5.008000000000000000e+04 1.501735579366789963e+01
5.008800000000000000e+04 1.501622247422854350e+01
5.009600000000000000e+04 1.501508944880854024e+01
5.100000000000000000e+04 1.488875014501870453e+01
5.100800000000000000e+04 1.488764689557165255e+01
5.101600000000000000e+04 1.488654386372849103e+01
5.102400000000000000e+04 1.488544107771413394e+01
5.103200000000000000e+04 1.488433851468509239e+01
5.104000000000000000e+04 1.488323617810089949e+01
5.104800000000000000e+04 1.488213409507908835e+01
5.105600000000000000e+04 1.488103226557582026e+01
5.106400000000000000e+04 1.487993068975807986e+01
5.107200000000000000e+04 1.487882936735665496e+01
5.108000000000000000e+04 1.487772832240261600e+01
5.108800000000000000e+04 1.487662755197913178e+01
5.109600000000000000e+04 1.487552705350231008e+01
5.200000000000000000e+04 1.475277812875848937e+01
5.200800000000000000e+04 1.475170588802066440e+01
5.201600000000000000e+04 1.475063386059753689e+01
5.202400000000000000e+04 1.474956207295607413e+01
5.203200000000000000e+04 1.474849054815658533e+01
5.204000000000000000e+04 1.474741928367670951e+01
5.204800000000000000e+04 1.474634825427410334e+01
5.205600000000000000e+04 1.474527746089536073e+01
5.206400000000000000e+04 1.474420688113722200e+01
5.207200000000000000e+04 1.474313656408589424e+01
5.208000000000000000e+04 1.474206646138835097e+01
5.208800000000000000e+04 1.474099662198799621e+01
5.209600000000000000e+04 1.473992704323398151e+01
5.300000000000000000e+04 1.462059715496907053e+01
5.300800000000000000e+04 1.461955450504474463e+01
5.301600000000000000e+04 1.461851206195840192e+01
5.302400000000000000e+04 1.461746985069238036e+01
5.303200000000000000e+04 1.461642787111526864e+01
5.304000000000000000e+04 1.461538612314153696e+01
5.304800000000000000e+04 1.461434456270675142e+01
5.305600000000000000e+04 1.461330319488433105e+01
5.306400000000000000e+04 1.461226208977934071e+01
5.307200000000000000e+04 1.461122122177270555e+01
5.308000000000000000e+04 1.461018059004825531e+01
5.308800000000000000e+04 1.460914019387562313e+01
5.309600000000000000e+04 1.460810001069336295e+01
5.400000000000000000e+04 1.449203339591134210e+01
5.400800000000000000e+04 1.449101902745603354e+01
5.401600000000000000e+04 1.449000487649701618e+01
5.402400000000000000e+04 1.448899094353498285e+01
5.403200000000000000e+04 1.448797724962326328e+01
5.404000000000000000e+04 1.448696379251363808e+01
5.404800000000000000e+04 1.448595054920047431e+01
5.405600000000000000e+04 1.448493752039632554e+01
5.406400000000000000e+04 1.448392472772092177e+01
5.407200000000000000e+04 1.448291216923738745e+01
5.408000000000000000e+04 1.448189984322777413e+01
5.408800000000000000e+04 1.448088768577343188e+01
5.409600000000000000e+04 1.447987572370147369e+01
5.500000000000000000e+04 1.436692313822399569e+01
5.500800000000000000e+04 1.436593577378580733e+01
5.501600000000000000e+04 1.436494861759564579e+01
5.502400000000000000e+04 1.436396169000112977e+01
5.503200000000000000e+04 1.436297498885080159e+01
5.504000000000000000e+04 1.436198851223819872e+01
5.504800000000000000e+04 1.436100221862780835e+01
5.505600000000000000e+04 1.436001611138253331e+01
5.506400000000000000e+04 1.435903021317474071e+01
5.507200000000000000e+04 1.435804454399256969e+01
5.508000000000000000e+04 1.435705910157586374e+01
5.508800000000000000e+04 1.435607388392287476e+01
5.509600000000000000e+04 1.435508888925965820e+01
5.600000000000000000e+04 1.424511943860112595e+01
5.600800000000000000e+04 1.424415793199399616e+01
5.601600000000000000e+04 1.424319662007184384e+01
5.602400000000000000e+04 1.424223550382919079e+01
5.603200000000000000e+04 1.424127460294117142e+01
5.604000000000000000e+04 1.424031391572962946e+01
5.604800000000000000e+04 1.423935344070627451e+01
5.605600000000000000e+04 1.423839313855278377e+01
5.606400000000000000e+04 1.423743305060879116e+01
5.607200000000000000e+04 1.423647313710690554e+01
5.608000000000000000e+04 1.423551343934867042e+01
5.608800000000000000e+04 1.423455395555946268e+01
5.609600000000000000e+04 1.423359468416598972e+01
5.700000000000000000e+04 1.412647135897366013e+01
5.700800000000000000e+04 1.412553457570081505e+01
5.701600000000000000e+04 1.412459799492975598e+01
5.702400000000000000e+04 1.412366159731780613e+01
5.703200000000000000e+04 1.412272536561990144e+01
5.704000000000000000e+04 1.412178932138041532e+01
5.704800000000000000e+04 1.412085346521539719e+01
5.705600000000000000e+04 1.411991777911125823e+01
5.706400000000000000e+04 1.411898230238984731e+01
5.707200000000000000e+04 1.411804703303183040e+01
5.708000000000000000e+04 1.411711196924857603e+01
5.708800000000000000e+04 1.411617710945490956e+01
5.709600000000000000e+04 1.411524245224506302e+01
5.800000000000000000e+04 1.401084507007238855e+01
5.800800000000000000e+04 1.400993188449093196e+01
5.801600000000000000e+04 1.400901889974066350e+01
5.802400000000000000e+04 1.400810609643435711e+01
5.803200000000000000e+04 1.400719347501081202e+01
5.804000000000000000e+04 1.400628101824241867e+01
5.804800000000000000e+04 1.400536872825699142e+01
5.805600000000000000e+04 1.400445664228945830e+01
5.806400000000000000e+04 1.400354472309069287e+01
5.807200000000000000e+04 1.400263299012720708e+01
5.808000000000000000e+04 1.400172146068294055e+01
5.808800000000000000e+04 1.400081009744547522e+01
5.809600000000000000e+04 1.399989893753809511e+01
5.900000000000000000e+04 1.389811351260028616e+01
5.900800000000000000e+04 1.389722303536332504e+01
5.901600000000000000e+04 1.389633274630715576e+01
5.902400000000000000e+04 1.389544264410762864e+01
5.903200000000000000e+04 1.389455271075483367e+01
5.904000000000000000e+04 1.389366294729554774e+01
5.904800000000000000e+04 1.389277337128668677e+01
5.905600000000000000e+04 1.389188396478164478e+01
5.906400000000000000e+04 1.389099471173386391e+01
5.907200000000000000e+04 1.389010564846653928e+01
5.908000000000000000e+04 1.388921675675359424e+01
5.908800000000000000e+04 1.388832802020390389e+01
5.909600000000000000e+04 1.388743945818057668e+01
6.000000000000000000e+04 1.378815925724101099e+01
6.000800000000000000e+04 1.378729055804377523e+01
6.001600000000000000e+04 1.378642203481793871e+01
6.002400000000000000e+04 1.378555365447424208e+01
6.003200000000000000e+04 1.378468543632785526e+01
6.004000000000000000e+04 1.378381736525624035e+01
6.004800000000000000e+04 1.378294947613868437e+01
6.005600000000000000e+04 1.378208175145584136e+01
6.006400000000000000e+04 1.378121419175547580e+01
6.007200000000000000e+04 1.378034679757259795e+01
6.008000000000000000e+04 1.377947956937314267e+01
6.008800000000000000e+04 1.377861250762781253e+01
6.009600000000000000e+04 1.377774562871966424e+01
6.100000000000000000e+04 1.368086480309944086e+01
6.100800000000000000e+04 1.368001693344466929e+01
6.101600000000000000e+04 1.367916919010929178e+01
6.102400000000000000e+04 1.367832160845151535e+01
6.103200000000000000e+04 1.367747414221459223e+01
6.104000000000000000e+04 1.367662684348647240e+01
6.104800000000000000e+04 1.367577971173449036e+01
6.105600000000000000e+04 1.367493276184692341e+01
6.106400000000000000e+04 1.367408597609857779e+01
6.107200000000000000e+04 1.367323935425207715e+01
6.108000000000000000e+04 1.367239288069994529e+01
6.108800000000000000e+04 1.367154658810027357e+01
6.109600000000000000e+04 1.367070045883558294e+01
6.200000000000000000e+04 1.357612759054759266e+01
6.200800000000000000e+04 1.357529974430027764e+01
6.201600000000000000e+04 1.357447203552953852e+01
6.202400000000000000e+04 1.357364449631169023e+01
6.203200000000000000e+04 1.357281709536082737e+01
6.204000000000000000e+04 1.357198981997641596e+01
6.204800000000000000e+04 1.357116271841340804e+01
6.205600000000000000e+04 1.357033575896295119e+01
6.206400000000000000e+04 1.356950897296972336e+01
6.207200000000000000e+04 1.356868234349540714e+01
6.208000000000000000e+04 1.356785587066218923e+01
6.208800000000000000e+04 1.356702953965628566e+01
6.209600000000000000e+04 1.356620336688598627e+01
6.300000000000000000e+04 1.347384552188426099e+01
6.300800000000000000e+04 1.347303690300841517e+01
6.301600000000000000e+04 1.347222844793211394e+01
6.302400000000000000e+04 1.347142014087248540e+01
6.303200000000000000e+04 1.347061199634344497e+01
6.304000000000000000e+04 1.346980401291403773e+01
6.304800000000000000e+04 1.346899618931696274e+01
6.305600000000000000e+04 1.346818852442925518e+01
6.306400000000000000e+04 1.346738101725517822e+01
6.307200000000000000e+04 1.346657363843030453e+01
6.308000000000000000e+04 1.346576640481439568e+01
6.308800000000000000e+04 1.346495931702820137e+01
6.309600000000000000e+04 1.346415238976370077e+01
6.400000000000000000e+04 1.337392382454879325e+01
6.400800000000000000e+04 1.337313370647230570e+01
6.401600000000000000e+04 1.337234373357069472e+01
6.402400000000000000e+04 1.337155389210877665e+01
6.403200000000000000e+04 1.337076421115221159e+01
6.404000000000000000e+04 1.336997467515532989e+01
6.404800000000000000e+04 1.336918527024191405e+01
6.405600000000000000e+04 1.336839601188390247e+01
6.406400000000000000e+04 1.336760689977718464e+01
6.407200000000000000e+04 1.336681794744939289e+01
6.408000000000000000e+04 1.336602913937130666e+01
6.408800000000000000e+04 1.336524047565518636e+01
6.409600000000000000e+04 1.336445194258539360e+01
6.500000000000000000e+04 1.327627321235656588e+01
6.500800000000000000e+04 1.327550093946405951e+01
6.501600000000000000e+04 1.327472880248796372e+01
6.502400000000000000e+04 1.327395680177627746e+01
6.503200000000000000e+04 1.327318493763623763e+01
6.504000000000000000e+04 1.327241321049032408e+01
6.504800000000000000e+04 1.327164163378117578e+01
6.505600000000000000e+04 1.327087019296967263e+01
6.506400000000000000e+04 1.327009890165129846e+01
6.507200000000000000e+04 1.326932774539682747e+01
6.508000000000000000e+04 1.326855673788223910e+01
6.508800000000000000e+04 1.326778586470670618e+01
6.509600000000000000e+04 1.326701512641665559e+01
6.600000000000000000e+04 1.318080789659547314e+01
6.600800000000000000e+04 1.318005277428639843e+01
6.601600000000000000e+04 1.317929778235083482e+01
6.602400000000000000e+04 1.317854290846297971e+01
6.603200000000000000e+04 1.317778816720272772e+01
6.604000000000000000e+04 1.317703354611303013e+01
6.604800000000000000e+04 1.317627907226233575e+01
6.605600000000000000e+04 1.317552474409249896e+01
6.606400000000000000e+04 1.317477056022462811e+01
6.607200000000000000e+04 1.317401651943787222e+01
6.608000000000000000e+04 1.317326260793956649e+01
6.608800000000000000e+04 1.317250883898514680e+01
6.609600000000000000e+04 1.317175521154727491e+01
6.700000000000000000e+04 1.308744670711192093e+01
6.700800000000000000e+04 1.308670808069798142e+01
6.701600000000000000e+04 1.308596958222901740e+01
6.702400000000000000e+04 1.308523119964199388e+01
6.703200000000000000e+04 1.308449295903112919e+01
6.704000000000000000e+04 1.308375484657088172e+01
6.704800000000000000e+04 1.308301686248185192e+01
6.705600000000000000e+04 1.308227900688868317e+01
6.706400000000000000e+04 1.308154126760123148e+01
6.707200000000000000e+04 1.308080367060370364e+01
6.708000000000000000e+04 1.308006618984526170e+01
6.708800000000000000e+04 1.307932885132320422e+01
6.709600000000000000e+04 1.307859165347047181e+01
6.800000000000000000e+04 1.299611098584211177e+01
6.800800000000000000e+04 1.299538829251823913e+01
6.801600000000000000e+04 1.299466573274443348e+01
6.802400000000000000e+04 1.299394329370490908e+01
6.803200000000000000e+04 1.299322098763525268e+01
6.804000000000000000e+04 1.299249881354547576e+01
6.804800000000000000e+04 1.299177675880252991e+01
6.805600000000000000e+04 1.299105483578215114e+01
6.806400000000000000e+04 1.299033303176356391e+01
6.807200000000000000e+04 1.298961134738792822e+01
6.808000000000000000e+04 1.298888977147593415e+01
6.808800000000000000e+04 1.298816831770596636e+01
6.809600000000000000e+04 1.298744698639134221e+01
6.900000000000000000e+04 1.290673128790883162e+01
6.900800000000000000e+04 1.290602390440383296e+01
6.901600000000000000e+04 1.290531664308915616e+01
6.902400000000000000e+04 1.290460951515566990e+01
6.903200000000000000e+04 1.290390251904929819e+01
6.904000000000000000e+04 1.290319565339549968e+01
6.904800000000000000e+04 1.290248890552659766e+01
6.905600000000000000e+04 1.290178228716529318e+01
6.906400000000000000e+04 1.290107579719974851e+01
6.907200000000000000e+04 1.290036942325044222e+01
6.908000000000000000e+04 1.289966316579499761e+01
6.908800000000000000e+04 1.289895700258328048e+01
6.909600000000000000e+04 1.289825097072376359e+01
7.000000000000000000e+04 1.281923676276620228e+01
7.000800000000000000e+04 1.281854421377328990e+01
7.001600000000000000e+04 1.281785179102454286e+01
7.002400000000000000e+04 1.281715947128100019e+01
7.003200000000000000e+04 1.281646726705968931e+01
7.004000000000000000e+04 1.281577518947275962e+01
7.004800000000000000e+04 1.281508322631293595e+01
7.005600000000000000e+04 1.281439138871547989e+01
7.006400000000000000e+04 1.281369966454051124e+01
7.007200000000000000e+04 1.281300806507737988e+01
7.008000000000000000e+04 1.281231657832645965e+01
7.008800000000000000e+04 1.281162521561093293e+01
7.009600000000000000e+04 1.281093396496773451e+01
7.100000000000000000e+04 1.273356039510749227e+01
7.100800000000000000e+04 1.273288212883364956e+01
7.101600000000000000e+04 1.273220397557077277e+01
7.102400000000000000e+04 1.273152594584674446e+01
7.103200000000000000e+04 1.273084803830404610e+01
7.104000000000000000e+04 1.273017024116582618e+01
7.104800000000000000e+04 1.272949254399545893e+01
7.105600000000000000e+04 1.272881496942089541e+01
7.106400000000000000e+04 1.272813751618033606e+01
7.107200000000000000e+04 1.272746017249319372e+01
7.108000000000000000e+04 1.272678294929046672e+01
7.108800000000000000e+04 1.272610584554970181e+01
7.109600000000000000e+04 1.272542883924785073e+01
7.200000000000000000e+04 1.264964211857345688e+01
7.200800000000000000e+04 1.264897767698961140e+01
7.201600000000000000e+04 1.264831334265361562e+01
7.202400000000000000e+04 1.264764911578065743e+01
7.203200000000000000e+04 1.264698500669243941e+01
7.204000000000000000e+04 1.264632100402968007e+01
7.204800000000000000e+04 1.264565708752369133e+01
7.205600000000000000e+04 1.264499329049233012e+01
7.206400000000000000e+04 1.264432959102204990e+01
7.207200000000000000e+04 1.264366600061705448e+01
7.208000000000000000e+04 1.264300252945841052e+01
7.208800000000000000e+04 1.264233917622227565e+01
7.209600000000000000e+04 1.264167593973761683e+01
7.300000000000000000e+04 1.256742039814418277e+01
7.300800000000000000e+04 1.256676931821901988e+01
7.301600000000000000e+04 1.256611834963933738e+01
7.302400000000000000e+04 1.256546747174149914e+01
7.303200000000000000e+04 1.256481668618952696e+01
7.304000000000000000e+04 1.256416600431112940e+01
7.304800000000000000e+04 1.256351543618115585e+01
7.305600000000000000e+04 1.256286497078823672e+01
7.306400000000000000e+04 1.256221461826690344e+01
7.307200000000000000e+04 1.256156437762706446e+01
7.308000000000000000e+04 1.256091424799207346e+01
7.308800000000000000e+04 1.256026421867156273e+01
7.309600000000000000e+04 1.255961429015089514e+01
7.400000000000000000e+04 1.248683782489046479e+01
7.400800000000000000e+04 1.248619964657702930e+01
7.401600000000000000e+04 1.248556157549214163e+01
7.402400000000000000e+04 1.248492359171096844e+01
7.403200000000000000e+04 1.248428571608346083e+01
7.404000000000000000e+04 1.248364793817845708e+01
7.404800000000000000e+04 1.248301026799981983e+01
7.405600000000000000e+04 1.248237269522138959e+01
7.406400000000000000e+04 1.248173521064808789e+01
7.407200000000000000e+04 1.248109781580153133e+01
7.408000000000000000e+04 1.248046050242010097e+01
7.408800000000000000e+04 1.247982329204403484e+01
7.409600000000000000e+04 1.247918619397049511e+01
7.500000000000000000e+04 1.240784144427772162e+01
7.500800000000000000e+04 1.240721570193313816e+01
7.501600000000000000e+04 1.240659004920725117e+01
7.502400000000000000e+04 1.240596448707965038e+01
7.503200000000000000e+04 1.240533903503583524e+01
7.504000000000000000e+04 1.240471369163299897e+01
7.504800000000000000e+04 1.240408843702193309e+01
7.505600000000000000e+04 1.240346327232819057e+01
7.506400000000000000e+04 1.240283821700102607e+01
7.507200000000000000e+04 1.240221326034953542e+01
7.508000000000000000e+04 1.240158841157694702e+01
7.508800000000000000e+04 1.240096366948196760e+01
7.509600000000000000e+04 1.240033902377015806e+01
7.600000000000000000e+04 1.233037838057360425e+01
7.600800000000000000e+04 1.232976475349562229e+01
7.601600000000000000e+04 1.232915121706442463e+01
7.602400000000000000e+04 1.232853777177303556e+01
7.603200000000000000e+04 1.232792440901022246e+01
7.604000000000000000e+04 1.232731113021729641e+01
7.604800000000000000e+04 1.232669794561126864e+01
7.605600000000000000e+04 1.232608485528120212e+01
7.606400000000000000e+04 1.232547185034180792e+01
7.607200000000000000e+04 1.232485894085951372e+01
7.608000000000000000e+04 1.232424613567624405e+01
7.608800000000000000e+04 1.232363343364079178e+01
7.609600000000000000e+04 1.232302081575176800e+01
7.700000000000000000e+04 1.225440087876952333e+01
7.700800000000000000e+04 1.225379889784386478e+01
7.701600000000000000e+04 1.225319700906844389e+01
7.702400000000000000e+04 1.225259521239850002e+01
7.703200000000000000e+04 1.225199351649903257e+01
7.704000000000000000e+04 1.225139192029924828e+01
7.704800000000000000e+04 1.225079042285188358e+01
7.705600000000000000e+04 1.225018901461868026e+01
7.706400000000000000e+04 1.224958768722805758e+01
7.707200000000000000e+04 1.224898644196058228e+01
7.708000000000000000e+04 1.224838529729044900e+01
7.708800000000000000e+04 1.224778425214981326e+01
7.709600000000000000e+04 1.224718329690629126e+01
7.800000000000000000e+04 1.217986040035267337e+01
7.800800000000000000e+04 1.217926977241370068e+01
7.801600000000000000e+04 1.217867922099064870e+01
7.802400000000000000e+04 1.217808875597619434e+01
7.803200000000000000e+04 1.217749836920560824e+01
7.804000000000000000e+04 1.217690807038907153e+01
7.804800000000000000e+04 1.217631786802365390e+01
7.805600000000000000e+04 1.217572775282146225e+01
7.806400000000000000e+04 1.217513772493374802e+01
7.807200000000000000e+04 1.217454777610820393e+01
7.808000000000000000e+04 1.217395789915005366e+01
7.808800000000000000e+04 1.217336811284982545e+01
7.809600000000000000e+04 1.217277841697799623e+01
7.900000000000000000e+04 1.210671303665828091e+01
7.900800000000000000e+04 1.210613334100154681e+01
7.901600000000000000e+04 1.210555372298181354e+01
7.902400000000000000e+04 1.210497418365323341e+01
7.903200000000000000e+04 1.210439472378977932e+01
7.904000000000000000e+04 1.210381534420717387e+01
7.904800000000000000e+04 1.210323605380320622e+01
7.905600000000000000e+04 1.210265686033547183e+01
7.906400000000000000e+04 1.210207776251385958e+01
7.907200000000000000e+04 1.210149874284195626e+01
7.908000000000000000e+04 1.210091981859540411e+01
7.908800000000000000e+04 1.210034098865552643e+01
7.909600000000000000e+04 1.209976224387989241e+01
8.000000000000000000e+04 1.203491387993772044e+01
8.000800000000000000e+04 1.203434479822793080e+01
8.001600000000000000e+04 1.203377580110884537e+01
8.002400000000000000e+04 1.203320688845608188e+01
8.003200000000000000e+04 1.203263806015727155e+01
8.004000000000000000e+04 1.203206931606966812e+01
8.004800000000000000e+04 1.203150065613464648e+01
8.005600000000000000e+04 1.203093208026816185e+01
8.006400000000000000e+04 1.203036358835931097e+01
8.007200000000000000e+04 1.202979518824687233e+01
8.008000000000000000e+04 1.202922687106495303e+01
8.008800000000000000e+04 1.202865864472885349e+01
8.009600000000000000e+04 1.202809050834549609e+01
8.100000000000000000e+04 1.196442360430075524e+01
8.100800000000000000e+04 1.196386484146574247e+01
8.101600000000000000e+04 1.196330615869114844e+01
8.102400000000000000e+04 1.196274756376894643e+01
8.103200000000000000e+04 1.196218904059759502e+01
8.104000000000000000e+04 1.196163059791267536e+01
8.104800000000000000e+04 1.196107222045475638e+01
8.105600000000000000e+04 1.196051392540175939e+01
8.106400000000000000e+04 1.195995570490030424e+01
8.107200000000000000e+04 1.195939757500721257e+01
8.108000000000000000e+04 1.195883953456545257e+01
8.108800000000000000e+04 1.195828157488499599e+01
8.109600000000000000e+04 1.195772370363510362e+01
8.200000000000000000e+04 1.189520140054514385e+01
8.200800000000000000e+04 1.189465264155925794e+01
8.201600000000000000e+04 1.189410395897208161e+01
8.202400000000000000e+04 1.189355534558051097e+01
8.203200000000000000e+04 1.189300681736480847e+01
8.204000000000000000e+04 1.189245836612962037e+01
8.204800000000000000e+04 1.189190999946535321e+01
8.205600000000000000e+04 1.189136170923592317e+01
8.206400000000000000e+04 1.189081349565342904e+01
8.207200000000000000e+04 1.189026535889460234e+01
8.208000000000000000e+04 1.188971730661981852e+01
8.208800000000000000e+04 1.188916933063635284e+01
8.209600000000000000e+04 1.188862143866019849e+01
8.300000000000000000e+04 1.182720919977954033e+01
8.300800000000000000e+04 1.182667012510416171e+01
8.301600000000000000e+04 1.182613111874851874e+01
8.302400000000000000e+04 1.182559219605509426e+01
8.303200000000000000e+04 1.182505334894216631e+01
8.304000000000000000e+04 1.182451457749456303e+01
8.304800000000000000e+04 1.182397588896692220e+01
8.305600000000000000e+04 1.182343727536401801e+01
8.306400000000000000e+04 1.182289874402698082e+01
8.307200000000000000e+04 1.182236028697573715e+01
8.308000000000000000e+04 1.182182191167303031e+01
8.308800000000000000e+04 1.182128361023245766e+01
8.309600000000000000e+04 1.182074537569721073e+01
8.400000000000000000e+04 1.176041227564548741e+01
8.400800000000000000e+04 1.175988260462623991e+01
8.401600000000000000e+04 1.175935300780165171e+01
8.402400000000000000e+04 1.175882348514840459e+01
8.403200000000000000e+04 1.175829404369696363e+01
8.404000000000000000e+04 1.175776468259529928e+01
8.404800000000000000e+04 1.175723540108978682e+01
8.405600000000000000e+04 1.175670619153391172e+01
8.406400000000000000e+04 1.175617705416762249e+01
8.407200000000000000e+04 1.175564798218495355e+01
8.408000000000000000e+04 1.175511898360544549e+01
8.408800000000000000e+04 1.175459006546832263e+01
8.409600000000000000e+04 1.175406121304683182e+01
8.500000000000000000e+04 1.169477407873743857e+01
8.500800000000000000e+04 1.169425356359152701e+01
8.501600000000000000e+04 1.169373311862103826e+01
8.502400000000000000e+04 1.169321274402276423e+01
8.503200000000000000e+04 1.169269243312843543e+01
8.504000000000000000e+04 1.169217219372476357e+01
8.504800000000000000e+04 1.169165203266357089e+01
8.505600000000000000e+04 1.169113194232990338e+01
8.506400000000000000e+04 1.169061192968896279e+01
8.507200000000000000e+04 1.169009199404242771e+01
8.508000000000000000e+04 1.168957212793417000e+01
8.508800000000000000e+04 1.168905233845984348e+01
8.509600000000000000e+04 1.168853262504083546e+01
8.600000000000000000e+04 1.163026282004095080e+01
8.600800000000000000e+04 1.162975117690254123e+01
8.601600000000000000e+04 1.162923960908004872e+01
8.602400000000000000e+04 1.162872810271315416e+01
8.603200000000000000e+04 1.162821666538613741e+01
8.604000000000000000e+04 1.162770530381349587e+01
8.604800000000000000e+04 1.162719401064364000e+01
8.605600000000000000e+04 1.162668279268352656e+01
8.606400000000000000e+04 1.162617164929013036e+01
8.607200000000000000e+04 1.162566057325132007e+01
8.608000000000000000e+04 1.162514957148764694e+01
8.608800000000000000e+04 1.162463863020859023e+01
8.609600000000000000e+04 1.162412776375198220e+01
8.700000000000000000e+04 1.156684441424593679e+01
8.700800000000000000e+04 1.156634139472371814e+01
8.701600000000000000e+04 1.156583844219676038e+01
8.702400000000000000e+04 1.156533556323264023e+01
8.703200000000000000e+04 1.156483275074418415e+01
8.704000000000000000e+04 1.156433000489714935e+01
8.704800000000000000e+04 1.156382732584668460e+01
8.705600000000000000e+04 1.156332472011651546e+01
8.706400000000000000e+04 1.156282218705368514e+01
8.707200000000000000e+04 1.156231971324620034e+01
8.708000000000000000e+04 1.156181730613087311e+01
8.708800000000000000e+04 1.156131496583644847e+01
8.709600000000000000e+04 1.156081269887653917e+01
8.800000000000000000e+04 1.150448983339249054e+01
8.800800000000000000e+04 1.150399520478034709e+01
8.801600000000000000e+04 1.150350064679280138e+01
8.802400000000000000e+04 1.150300615264355919e+01
8.803200000000000000e+04 1.150251172259944532e+01
8.804000000000000000e+04 1.150201735061738617e+01
8.804800000000000000e+04 1.150152305012089471e+01
8.805600000000000000e+04 1.150102882045284503e+01
8.806400000000000000e+04 1.150053466103200606e+01
8.807200000000000000e+04 1.150004057134406210e+01
8.808000000000000000e+04 1.149954655093372047e+01
8.808800000000000000e+04 1.149905258692347410e+01
8.809600000000000000e+04 1.149855868666018743e+01
8.900000000000000000e+04 1.144316918424190455e+01
8.900800000000000000e+04 1.144268272112284635e+01
8.901600000000000000e+04 1.144219631901342638e+01
8.902400000000000000e+04 1.144170997828063463e+01
8.903200000000000000e+04 1.144122370532226185e+01
8.904000000000000000e+04 1.144073749970878140e+01
8.904800000000000000e+04 1.144025135497373924e+01
8.905600000000000000e+04 1.143976527758425910e+01
8.906400000000000000e+04 1.143927926110665716e+01
8.907200000000000000e+04 1.143879331196892757e+01
8.908000000000000000e+04 1.143830742978442672e+01
8.908800000000000000e+04 1.143782161421052379e+01
8.909600000000000000e+04 1.143733586494339782e+01
9.000000000000000000e+04 1.138285299000211381e+01
9.000800000000000000e+04 1.138237444483291583e+01
9.001600000000000000e+04 1.138189596615004007e+01
9.002400000000000000e+04 1.138141754160197472e+01
9.003200000000000000e+04 1.138093917811138311e+01
9.004000000000000000e+04 1.138046085810612773e+01
9.004800000000000000e+04 1.137998259563149261e+01
9.005600000000000000e+04 1.137950439715712214e+01
9.006400000000000000e+04 1.137902626842919318e+01
9.007200000000000000e+04 1.137854820857429416e+01
9.008000000000000000e+04 1.137807021090683079e+01
9.008800000000000000e+04 1.137759228135604239e+01
9.009600000000000000e+04 1.137711441332503881e+01
9.100000000000000000e+04 1.132351328599185969e+01
9.100800000000000000e+04 1.132304243827988444e+01
9.101600000000000000e+04 1.132257165145497879e+01
9.102400000000000000e+04 1.132210091979125011e+01
9.103200000000000000e+04 1.132163024970723342e+01
9.104000000000000000e+04 1.132115964108267114e+01
9.104800000000000000e+04 1.132068909958791991e+01
9.105600000000000000e+04 1.132021862446317684e+01
9.106400000000000000e+04 1.131974820928168057e+01
9.107200000000000000e+04 1.131927785988423096e+01
9.108000000000000000e+04 1.131880756994242176e+01
9.108800000000000000e+04 1.131833734532264657e+01
9.109600000000000000e+04 1.131786718547030546e+01
9.200000000000000000e+04 1.126512679845018461e+01
9.200800000000000000e+04 1.126466346429876353e+01
9.201600000000000000e+04 1.126420018876091689e+01
9.202400000000000000e+04 1.126373697189747247e+01
9.203200000000000000e+04 1.126327381937008631e+01
9.204000000000000000e+04 1.126281073056026827e+01
9.204800000000000000e+04 1.126234770492109050e+01
9.205600000000000000e+04 1.126188473639283316e+01
9.206400000000000000e+04 1.126142183078496650e+01
9.207200000000000000e+04 1.126095898206653168e+01
9.208000000000000000e+04 1.126049619049533490e+01
9.208800000000000000e+04 1.126003346186807974e+01
9.209600000000000000e+04 1.125957079014550999e+01
9.300000000000000000e+04 1.120766531939545274e+01
9.300800000000000000e+04 1.120720928685579665e+01
9.301600000000000000e+04 1.120675331770839733e+01
9.302400000000000000e+04 1.120629741126490231e+01
9.303200000000000000e+04 1.120584156148676058e+01
9.304000000000000000e+04 1.120538576845234857e+01
9.304800000000000000e+04 1.120493003227901241e+01
9.305600000000000000e+04 1.120447435302395789e+01
9.306400000000000000e+04 1.120401873621235822e+01
9.307200000000000000e+04 1.120356317578207062e+01
9.308000000000000000e+04 1.120310766646161760e+01
9.308800000000000000e+04 1.120265221440642733e+01
9.309600000000000000e+04 1.120219681966112191e+01
9.400000000000000000e+04 1.115110577926432711e+01
9.400800000000000000e+04 1.115065688226896867e+01
9.401600000000000000e+04 1.115020803423237794e+01
9.402400000000000000e+04 1.114975924134033036e+01
9.403200000000000000e+04 1.114931050370145016e+01
9.404000000000000000e+04 1.114886182141597359e+01
9.404800000000000000e+04 1.114841319451285173e+01
9.405600000000000000e+04 1.114796462840473623e+01
9.406400000000000000e+04 1.114751610661603110e+01
9.407200000000000000e+04 1.114706764643896619e+01
9.408000000000000000e+04 1.114661924720893182e+01
9.408800000000000000e+04 1.114617090833846724e+01
9.409600000000000000e+04 1.114572262930815150e+01
9.500000000000000000e+04 1.109542421131759582e+01
9.500800000000000000e+04 1.109498224607436612e+01
9.501600000000000000e+04 1.109454033379513938e+01
9.502400000000000000e+04 1.109409847983511277e+01
9.503200000000000000e+04 1.109365667342525086e+01
9.504000000000000000e+04 1.109321492058294467e+01
9.504800000000000000e+04 1.109277322658151554e+01
9.505600000000000000e+04 1.109233158571254663e+01
9.506400000000000000e+04 1.109189000334613162e+01
9.507200000000000000e+04 1.109144847901628417e+01
9.508000000000000000e+04 1.109100700716335908e+01
9.508800000000000000e+04 1.109056558801066217e+01
9.509600000000000000e+04 1.109012422180104984e+01
9.600000000000000000e+04 1.104059853832404947e+01
9.600800000000000000e+04 1.104016332108870913e+01
9.601600000000000000e+04 1.103972816123534173e+01
9.602400000000000000e+04 1.103929305319974397e+01
9.603200000000000000e+04 1.103885800221888758e+01
9.604000000000000000e+04 1.103842300783925623e+01
9.604800000000000000e+04 1.103798806464081572e+01
9.605600000000000000e+04 1.103755317286233506e+01
9.606400000000000000e+04 1.103711833773440532e+01
9.607200000000000000e+04 1.103668355382977850e+01
9.608000000000000000e+04 1.103624882639505245e+01
9.608800000000000000e+04 1.103581415503703944e+01
9.609600000000000000e+04 1.103537953439242258e+01
9.700000000000000000e+04 1.098660643627932032e+01
9.700800000000000000e+04 1.098617779511514847e+01
9.701600000000000000e+04 1.098574921069364407e+01
9.702400000000000000e+04 1.098532067260167722e+01
9.703200000000000000e+04 1.098489219133371719e+01
9.704000000000000000e+04 1.098446376138673841e+01
9.704800000000000000e+04 1.098403538282496328e+01
9.705600000000000000e+04 1.098360706061932568e+01
9.706400000000000000e+04 1.098317878934220637e+01
9.707200000000000000e+04 1.098275056905623437e+01
9.708000000000000000e+04 1.098232239985637548e+01
9.708800000000000000e+04 1.098189428676298718e+01
9.709600000000000000e+04 1.098146622926727467e+01
9.800000000000000000e+04 1.093342698046354755e+01
9.800800000000000000e+04 1.093300477030678053e+01
9.801600000000000000e+04 1.093258261387298802e+01
9.802400000000000000e+04 1.093216050119837668e+01
9.803200000000000000e+04 1.093173843791144861e+01
9.804000000000000000e+04 1.093131642415605853e+01
9.804800000000000000e+04 1.093089446482679605e+01
9.805600000000000000e+04 1.093047255464755807e+01
9.806400000000000000e+04 1.093005069859724721e+01
9.807200000000000000e+04 1.092962889625096246e+01
9.808000000000000000e+04 1.092920714723272013e+01
9.808800000000000000e+04 1.092878544643989791e+01
9.809600000000000000e+04 1.092836378936172892e+01
9.900000000000000000e+04 1.088103955911110887e+01
9.900800000000000000e+04 1.088062359662806600e+01
9.901600000000000000e+04 1.088020768304241059e+01
9.902400000000000000e+04 1.087979182306654380e+01
9.903200000000000000e+04 1.087937601619402983e+01
9.904000000000000000e+04 1.087896026197716637e+01
9.904800000000000000e+04 1.087854455536501419e+01
9.905600000000000000e+04 1.087812889651540793e+01
9.906400000000000000e+04 1.087771328563138695e+01
9.907200000000000000e+04 1.087729772288821195e+01
9.908000000000000000e+04 1.087688220837737596e+01
9.908800000000000000e+04 1.087646674691313819e+01
9.909600000000000000e+04 1.087605133339786256e+01
