40000 15.83789904022691
50000 15.810977045987313
60000 15.835179121372802
70000 15.867569996501546
80000 15.900519432722241
90000 15.93201183681291
100000 15.961561207000223
110000 15.989192258407195
120000 16.01494360509763
130000 16.039062774558865
140000 16.061654026569702
150000 16.082936907491664
160000 16.10302188011404
170000 16.121982753444446
180000 16.139976878323267
190000 16.15708006616352
200000 16.173349294932173
210000 16.1889356111109
220000 16.203812156584718
230000 16.218051478771343
240000 16.231716672488282
250000 16.24486295698764
260000 16.25753894129079
270000 16.269734801457094
280000 16.281542077904536
290000 16.29289006625362
300000 16.30391498245779
310000 16.314592280163314
320000 16.32489544911606
