10000 42.67684303191242
20000 30.737841621195514
30000 25.293516224391787
40000 21.918983972780875
50000 19.42140708365281
60000 17.89456688278367
70000 16.408329358868635
80000 15.311357983891826
90000 14.516441123086144
100000 13.75253825619627
110000 13.081102022678861
120000 12.39866379846264
130000 11.995287622257242
140000 11.426533493226147
150000 11.138020938181675
160000 10.64374925099753
170000 10.3061949201373
180000 10.002001878735202
190000 9.83044226491831
200000 9.449155934985138
210000 9.315958512587416
220000 8.889080932628008
230000 8.762162351596674
240000 8.672864524978422
250000 8.476827538280013
260000 8.29917824521313
270000 8.021573882807381
280000 7.861068605001693
290000 7.822515166710183
300000 7.568448811184941
310000 7.435019381083993
320000 7.423346515311875
330000 7.301453983283377
340000 7.188705637710348
350000 6.960749875791831
360000 6.855123640781464
370000 6.751725831684558
380000 6.770156936032219
390000 6.678226719892803
400000 6.4675673552078585
410000 6.377685210892384
420000 6.212651015688977
430000 6.329128495363718
440000 6.131660797935569
450000 6.179067618170624
460000 5.984681240568167
470000 5.91442820032719
480000 5.9630603502916335
490000 5.776250628987073
500000 5.709918236575124
510000 5.645250711678671
520000 5.5831260344785045
530000 5.522567276366436
540000 5.463977680443884
550000 5.409288880676574
560000 5.355107625736751
570000 5.30197081967172
580000 5.248470000579433
590000 5.199519197559356
600000 5.1504677744723235
610000 5.0238802880986295
620000 5.175015859441669
630000 5.1264383431361855
640000 5.083003050545013
650000 5.036917930569488
660000 4.8772363319400736
670000 4.95410099015167
680000 4.79616530063178
690000 4.875963693818442
700000 4.83674780495299
710000 4.7985772729251295
720000 4.6435150461270975
730000 4.60711545131372
740000 4.571047541326249
750000 4.651217124798988
760000 4.501648780950565
770000 4.467637318947065
780000 4.435255470920144
790000 4.401929459137757
800000 4.3703277896111095
810000 4.340017530326465
820000 4.422672608845886
830000 4.2781888485434845
840000 4.165858326922691
850000 4.2203053950985
860000 4.1923662323079105
870000 4.163591984377554
880000 4.136273125009008
890000 4.223577601814839
900000 4.197676620678389
910000 4.058963889033937
920000 4.033719734016924
930000 4.1230049570323
940000 3.900005480772117
950000 3.9623408707148617
960000 3.8541853383116327
970000 3.9172022285538395
980000 3.894963085556477
990000 3.8718165741123736
1000000 3.8495575815514043
1010000 3.8281999295805518
1020000 3.921327422281843
1030000 3.7854222345931494
1040000 3.878522963058507
1050000 3.7443492670855276
1060000 3.7247085317593096
1070000 3.8204995181631816
1080000 3.800742031850936
1090000 3.666915121318537
1100000 3.6476938431854355
1110000 3.7441857254867097
1120000 3.610948022157299
1130000 3.5934575027845033
1140000 3.492766736000036
1150000 3.5583845423088554
1160000 3.5406649208411576
1170000 3.52339923791864
1180000 3.422308443963746
1190000 3.489502577075235
1200000 3.4730252273354147
1210000 3.4574652061624236
1220000 3.554628014368526
1230000 3.4253578022897635
1240000 3.409779972925244
1250000 3.5084685204397736
1260000 3.494009243955022
1270000 3.478822100712728
1280000 3.350287432356128
1290000 3.24932570129583
1300000 3.321164933411171
1310000 3.419394745640221
1320000 3.4058918186845193
1330000 3.2792049786310655
1340000 3.2655689290775287
1350000 3.2520890428790463
1360000 3.2383263668303757
1370000 3.3381944934572014
1380000 3.2124990306456636
1390000 3.199477109307709
1400000 3.186246501820098
1410000 3.17353057606625
1420000 3.161010513898661
1430000 3.148704271657724
1440000 3.13703273480573
1450000 3.1250148153136
1460000 3.113213180066666
1470000 3.1014067808828893
1480000 3.089919921428909
1490000 3.0784586188484213
1500000 3.0669455314650946
1510000 3.1681317977934564
1520000 3.044460328732455
1530000 2.9471202376492545
1540000 2.9359111857390676
1550000 2.925407503258327
1560000 3.000750720494169
1570000 2.9900847038204112
1580000 2.9793608406366285
1590000 3.0813571194793283
1600000 2.9584665628509272
1610000 2.8604513371488958
1620000 2.850171706008871
1630000 2.927974617248118
1640000 2.91789145417366
1650000 2.908177950557803
1660000 2.898364906459214
1670000 2.888610668809323
1680000 2.879398078357857
1690000 2.870135998640694
1700000 2.9734865365472785
1710000 2.8515176836735425
1720000 2.842506127585275
1730000 2.8334052393486227
1740000 2.9380813065835847
1750000 2.815541737671962
1760000 2.807044783901274
1770000 2.798405104537077
1780000 2.9038997358745955
1790000 2.781188098720548
1800000 2.7726909570702083
1810000 2.878851083894127
1820000 2.755657815154327
1830000 2.7475062102971117
1840000 2.8540074768655246
1850000 2.7311965600301917
1860000 2.7231765534508
1870000 2.7151046268710606
1880000 2.7071133932909732
1890000 2.699414450999885
1900000 2.806492857796491
1910000 2.683963579889485
1920000 2.591207753665408
1930000 2.668850945629027
1940000 2.6613741608612704
1950000 2.653589909980191
1960000 2.7605713686820126
1970000 2.639206468251778
1980000 2.632063982085601
1990000 2.6249132013260668
2000000 2.618056085061124
2010000 2.6108758177220364
2020000 2.6036361418061147
2030000 2.596678237121429
2040000 2.5896203986333286
2050000 2.5827242101323393
2060000 2.5761505100206743
2070000 2.4837410470110606
2080000 2.562661848584764
2090000 2.556133321080563
2100000 2.5492879663286305
2110000 2.5426222811607553
2120000 2.53614767782226
2130000 2.5296401249537173
2140000 2.5232770398997717
2150000 2.6311698404792856
2160000 2.5104003828559702
2170000 2.619066753901024
2180000 2.4982011206680914
2190000 2.4919608810918894
2200000 2.485991474378142
2210000 2.4799357715353745
2220000 2.5888226673450543
2230000 2.4678624847343444
2240000 2.4617453006795054
2250000 2.370506691419824
2260000 2.4497317788422746
2270000 2.4439294854796088
2280000 2.4381253598253747
2290000 2.4324765762094436
2300000 2.4266653156797364
2310000 2.4209285869113364
2320000 2.415480441621937
2330000 2.409852994722334
2340000 2.404237995268838
2350000 2.3987752383504417
2360000 2.393246539753929
2370000 2.3877507507637667
2380000 2.4963256112630092
2390000 2.376742670846569
2400000 2.371407297601959
2410000 2.366092617865629
2420000 2.3607457398993485
2430000 2.3554948915982648
2440000 2.3503275276959372
2450000 2.3452070258665088
2460000 2.340024290854063
2470000 2.3351363988339267
2480000 2.33015056829713
2490000 2.325077779216299
2500000 2.3201276073617185
2510000 2.3151743235108615
2520000 2.3102468927920228
2530000 2.3055832077485516
2540000 2.30074502330106
2550000 2.295894162164533
2560000 2.405921156380651
2570000 2.286333005248819
2580000 2.281570172929404
2590000 2.276917434097446
2600000 2.2721335237813105
2610000 2.2674855592674574
2620000 2.2628251963025683
2630000 2.2581446872098265
2640000 2.253507985657506
2650000 2.248836740047944
2660000 2.244255774092844
2670000 2.239650960103963
2680000 2.350171893126688
2690000 2.2308890945981337
2700000 2.226522549418705
2710000 2.222205896351906
2720000 2.2177574684601384
2730000 2.2133670046356295
2740000 2.2091128351817626
2750000 2.2046286085880458
2760000 2.200255696230317
2770000 2.1960344671990573
2780000 2.191725450603439
2790000 2.187628922111874
2800000 2.183469622041603
2810000 2.1792912726755875
2820000 2.175216277576398
2830000 2.171034500620337
2840000 2.166916293945657
2850000 2.162941097830467
2860000 2.0751323468721035
2870000 2.1550552931870177
2880000 2.1509790316697734
2890000 2.146912425849214
2900000 2.1429081927995233
2910000 2.1389945739049967
2920000 2.1350522401697374
2930000 2.1310472141267947
2940000 2.127085992611516
2950000 2.1231962002716287
2960000 2.11933584812473
2970000 2.1155814535716497
2980000 2.1118536391594467
2990000 2.108100701307512
3000000 2.104310612233484
3010000 2.10040611634388
3020000 2.0965970282179516
3030000 2.0929048407902786
3040000 2.2032736054434765
3050000 2.085446502998718
3060000 2.0816148248850466
3070000 2.077922910781449
3080000 2.074368926437624
3090000 2.07081232111117
3100000 2.0672972383350556
3110000 2.0637586421125853
3120000 2.060225698212377
3130000 2.0567352924847455
3140000 2.0533133429515864
3150000 2.0498579755510504
3160000 2.046433089523502
3170000 2.0430462061560024
3180000 2.1540334119229785
3190000 2.036245996012536
3200000 2.0328760397155055
3210000 2.0295729698722265
3220000 2.0260144038744183
3230000 2.0227000379501274
3240000 2.019379838428791
3250000 2.016039733915723
3260000 2.0128648459803316
3270000 2.0094942263060647
3280000 2.006192510419799
3290000 2.0028204037667283
3300000 2.1138993478951336
3310000 1.9964358176643586
3320000 1.9932192616687636
3330000 1.9900307715106893
3340000 1.9869163863475365
3350000 1.9837804394179204
3360000 1.9806999142936494
3370000 1.9775656534091701
3380000 1.9743614952909307
3390000 1.9712769247145576
3400000 1.9682086884753212
3410000 1.9651145472210139
3420000 1.9620627161489457
3430000 1.9590330903382087
3440000 1.9561028653674564
3450000 1.9530798209324203
3460000 1.950063009385731
3470000 1.9469929301095115
3480000 1.944042062958425
3490000 1.9410973571839816
3500000 1.938207187044245
3510000 1.9352636495334703
3520000 1.9323277633180742
3530000 1.9294196987909598
3540000 1.9265191304910143
3550000 1.923594274425033
3560000 1.92074543806176
3570000 2.0321520076232398
3580000 2.029388740966665
3590000 1.9121961506369949
3600000 1.9093913412607613
3610000 1.9065689349580506
3620000 1.9037933418065138
3630000 1.901083630163154
3640000 1.898258113612743
3650000 1.8954519997067678
3660000 1.892693951054412
3670000 1.8899342755026722
3680000 1.8872261328409783
3690000 1.8844643358874236
3700000 1.8817045339623677
3710000 1.8789903098892409
3720000 1.8762678657646512
3730000 1.873601339933516
3740000 1.8709156976528696
3750000 1.982609995754692
3760000 1.8656462132727936
3770000 1.8630511242517458
3780000 1.86048049906271
3790000 1.8578445362523663
3800000 1.8553207073079296
3810000 1.8527831128807382
3820000 1.8502486062495676
3830000 1.8476668280016102
3840000 1.8450964076612995
3850000 1.8425852542005077
3860000 1.8400696967636838
3870000 1.837580950921393
3880000 1.835058195736406
3890000 1.83257838483585
3900000 1.8300658040754552
3910000 1.8275729570587862
3920000 1.8250274255251917
3930000 1.8226220393010197
3940000 1.820202825828774
3950000 1.817668706195092
3960000 1.8152484739319938
3970000 1.812884069418316
3980000 1.8104201852369632
3990000 1.808015298657797
4000000 1.8055777213460642
4010000 1.803180838151083
4020000 1.8008288811231057
4030000 1.798443731105024
4040000 1.7106764721116168
4050000 1.7937846652369482
4060000 1.791475376719311
4070000 1.7892206576858458
4080000 1.7870161107419444
4090000 1.7847020671124862
4100000 1.7824048579557012
4110000 1.7801291296142359
4120000 1.7778400915499017
4130000 1.7755356855122977
4140000 1.773293236278605
4150000 1.7710218075939523
4160000 1.7687279076918538
4170000 1.7665072823921468
4180000 1.7642499535669764
4190000 1.762050532116044
4200000 1.75989571900447
4210000 1.7576699413519472
4220000 1.7555179461726342
4230000 1.753351722809297
4240000 1.7511626224989258
4250000 1.748953395739731
4260000 1.7468320872112078
4270000 1.7446473301580616
4280000 1.7425270068270338
4290000 1.740373501365197
4300000 1.738221731583414
4310000 1.736098254851675
4320000 1.7339851079122897
4330000 1.7318705507038732
4340000 1.729758663764842
4350000 1.7276778242082078
4360000 1.7255902594090733
4370000 1.7235243439006522
4380000 1.7214511199570166
4390000 1.719295874943539
4400000 1.7172526574441105
4410000 1.7152167316484515
4420000 1.7131283634056762
4430000 1.7111163199988366
4440000 1.709151495561441
4450000 1.7070825374422345
4460000 1.7050655359363691
4470000 1.7030411616330023
4480000 1.7010703478095717
4490000 1.6990910490457192
4500000 1.697106577925252
4510000 1.695076816179819
4520000 1.6931463198809935
4530000 1.691174317522875
4540000 1.689213662523849
4550000 1.6872474219366171
4560000 1.685278578050433
4570000 1.6833288012611571
4580000 1.6813762511510189
4590000 1.6794313494464619
4600000 1.677513538326069
4610000 1.6756652444527966
4620000 1.6737756619750663
4630000 1.671866394028874
4640000 1.6700255967218496
4650000 1.6680738529847574
4660000 1.6661827302413714
4670000 1.6642513636891372
4680000 1.662399559942703
4690000 1.6605081368692618
4700000 1.6586657018017967
4710000 1.6568198775666552
4720000 1.6549822629014295
4730000 1.653204411693273
4740000 1.6513148120396954
4750000 1.6494970528405402
4760000 1.647699080952399
4770000 1.6459056862968873
4780000 1.6440876901020014
4790000 1.6422880779603921
4800000 1.640477645866548
4810000 1.638657561028872
4820000 1.6368464545601127
4830000 1.6350718085496205
4840000 1.6333006665106606
4850000 1.6315250513584723
4860000 1.6297893911289854
4870000 1.6281140526644509
4880000 1.6264067109660505
4890000 1.6246588805317819
4900000 1.6229022240095468
4910000 1.621167983794022
4920000 1.619440922404198
4930000 1.6177240165033016
4940000 1.6159789229684056
4950000 1.6142672837352272
4960000 1.6126344020909475
4970000 1.61091797921522
4980000 1.6092029321471917
4990000 1.6074954119999563
5000000 1.6057807748768276
5010000 1.6040409694895623
5020000 1.6023795430794423
5030000 1.600708475328595
5040000 1.599044917562068
5050000 1.597454006388683
5060000 1.595784645594151
5070000 1.5941325455264463
5080000 1.5924901363784028
5090000 1.590852928544816
5100000 1.5891993141618912
5110000 1.587602016886812
5120000 1.585992244715329
5130000 1.5843504942937032
5140000 1.5827281708199672
5150000 1.5811038372828738
5160000 1.5795283047715443
5170000 1.5779057611027094
5180000 1.576346648407397
5190000 1.5747594207099211
5200000 1.5732330955421296
5210000 1.5716791675653539
5220000 1.5701185874472507
5230000 1.5685973537072435
5240000 1.5670402793631826
5250000 1.5654942475546674
5260000 1.5639678848122343
5270000 1.5624346212074467
5280000 1.5608642102545822
5290000 1.5593122595569129
5300000 1.5578154084439304
5310000 1.5563045934615498
5320000 1.5547375490245527
5330000 1.5531620067303251
5340000 1.5516728192886724
5350000 1.5501878309907295
5360000 1.548671376307072
5370000 1.5471709553399242
5380000 1.5457007544681158
5390000 1.544292771037842
5400000 1.542801829691591
5410000 1.5413407597386883
5420000 1.5398879765997286
5430000 1.5384349997650435
5440000 1.5369188724473422
5450000 1.5354450210143857
5460000 1.5340174501160926
5470000 1.5325633546431694
5480000 1.5310886406210136
5490000 1.5295909546715567
5500000 1.5280905549505848
5510000 1.5266490961529728
5520000 1.52523239275331
5530000 1.52381628760185
5540000 1.5223990862609804
5550000 1.5209826636576178
5560000 1.5195381688187064
5570000 1.5181626677976856
5580000 1.5167803673826563
5590000 1.5153804079843245
5600000 1.5139659499162677
5610000 1.512567146368733
5620000 1.511173829197875
5630000 1.5097430131172132
5640000 1.5083607348349883
5650000 1.5070003836504218
5660000 1.5056073847006477
5670000 1.5042516509899844
5680000 1.5028647743325902
5690000 1.5015365752885774
5700000 1.5001403268859121
5710000 1.4987988136897903
5720000 1.4974781136822255
5730000 1.4961259234603483
5740000 1.4947963220751785
5750000 1.4934385508536485
5760000 1.4921404800022733
5770000 1.490830552325872
5780000 1.489478651298012
5790000 1.4881720292790892
5800000 1.486863417470779
5810000 1.4855719360499282
5820000 1.484263442725529
5830000 1.4829207834631066
5840000 1.4815909157449467
5850000 1.480270516397995
5860000 1.4789562899192856
5870000 1.4776809367626624
5880000 1.4763874442451246
5890000 1.4750999200676962
5900000 1.4737913054478917
5910000 1.4724905411066258
5920000 1.4711917762307591
5930000 1.4698804255216562
5940000 1.4685955072246437
5950000 1.4673846623908013
5960000 1.4660622647137809
5970000 1.4648406196448824
5980000 1.4635391999224943
5990000 1.4622438715216446
6000000 1.4609716859690147
6010000 1.4597638853490094
6020000 1.4584799362080902
6030000 1.4572417575041436
6040000 1.455985494196719
6050000 1.4547503001126596
6060000 1.453511641856721
6070000 1.4522678759655259
6080000 1.451031017594268
6090000 1.4498023599101741
6100000 1.4485877446720543
6110000 1.447349689386435
6120000 1.4461092974177803
6130000 1.4448753577177358
6140000 1.4436723892777854
6150000 1.4424492949386862
6160000 1.4412328136322583
6170000 1.440037324540176
6180000 1.4387971092312104
6190000 1.4375964910063248
6200000 1.4363111005846918
6210000 1.435131206003338
6220000 1.4339896269941073
6230000 1.4327724631521537
6240000 1.4315741823092725
6250000 1.4304234955186965
6260000 1.4292392122426483
6270000 1.4280379159359575
6280000 1.4268868426353145
6290000 1.425738365875791
6300000 1.424560782706375
6310000 1.4234232830822215
6320000 1.4222786175600193
6330000 1.4211106221905532
6340000 1.4199426750327473
6350000 1.4188072990879996
6360000 1.417681400905588
6370000 1.4165283184548176
6380000 1.4154198475176805
6390000 1.4142712024787707
6400000 1.413104170383107
6410000 1.4119868408747023
6420000 1.4108664944911353
6430000 1.409762487350849
6440000 1.4086216841246186
6450000 1.4074905985155692
6460000 1.4063662313292795
6470000 1.4052733957717432
6480000 1.4041769469363694
6490000 1.403008039396312
6500000 1.4019209249148779
6510000 1.400810696003301
6520000 1.399740459864744
6530000 1.3986486441634762
6540000 1.3975314859695236
6550000 1.3964268570474438
6560000 1.3953398352100068
6570000 1.394244004729337
6580000 1.3931598238853478
6590000 1.3920895458882723
6600000 1.39101693686148
6610000 1.3899224962124481
6620000 1.3888357256262718
6630000 1.3877468171002856
6640000 1.3866927227920085
6650000 1.3856126721520268
6660000 1.3845419131319499
6670000 1.3834521746302373
6680000 1.382406396239041
6690000 1.3813274362334242
6700000 1.3802662469619011
6710000 1.3792408581615403
6720000 1.3781810840582958
6730000 1.3771578975277916
6740000 1.3760910404767326
6750000 1.37503050563172
6760000 1.373991962614632
6770000 1.3729982990382759
6780000 1.3719373373735426
6790000 1.3709030142959524
6800000 1.3698747053233333
6810000 1.3688284684618266
6820000 1.3677934148091508
6830000 1.3667857506091468
6840000 1.365764195291512
6850000 1.3647547626221268
6860000 1.3637643206998937
6870000 1.3627326078895434
6880000 1.361689900827648
6890000 1.3606978481318073
6900000 1.3596841608661077
6910000 1.358673460192243
6920000 1.3576596948641404
6930000 1.3566769810930508
6940000 1.3556559638710903
6950000 1.3546586556246076
6960000 1.353694479711783
6970000 1.352693304346987
6980000 1.3517107193630529
6990000 1.350724708791376
7000000 1.349734066841726
7010000 1.3487628996253878
7020000 1.3477744419168751
7030000 1.34680449550981
7040000 1.3458320612469603
7050000 1.3448482995084674
7060000 1.343861857324044
7070000 1.3428974812233494
7080000 1.341960276430973
7090000 1.3410203727278895
7100000 1.3400053070135665
7110000 1.3390471112857534
7120000 1.3381022060848302
7130000 1.3371346908416586
7140000 1.336150912462824
7150000 1.3351663122213788
7160000 1.334245690198523
7170000 1.333264016887198
7180000 1.3323313613929868
7190000 1.3314096678464469
7200000 1.3304768402309741
7210000 1.3295330853553684
7220000 1.3285989988173084
7230000 1.327667630613864
7240000 1.3267219069880742
7250000 1.3257727579734655
7260000 1.3248346011106864
7270000 1.323901528384689
7280000 1.3229578658317287
7290000 1.3220090023263653
7300000 1.3211179223517016
7310000 1.3201427900923146
7320000 1.3192426068842944
7330000 1.3182793661065901
7340000 1.3173923084607149
7350000 1.316482180551627
7360000 1.315561497426758
7370000 1.3146654666518807
7380000 1.313746802979277
7390000 1.312826798720268
7400000 1.3119482424389495
7410000 1.3110452298403938
7420000 1.310166981236981
7430000 1.3092705649285945
7440000 1.3083812298111495
7450000 1.3074878883620953
7460000 1.3066135109377806
7470000 1.3057274989260648
7480000 1.304817504622486
7490000 1.3039162503464072
7500000 1.3030408984286885
7510000 1.3021488224955002
7520000 1.3012615500544493
7530000 1.3004063104488712
7540000 1.2995210500842689
7550000 1.298657763846177
7560000 1.297760377040311
7570000 1.2969057044154784
7580000 1.2960376933971174
7590000 1.2951436456460481
7600000 1.29427448800028
7610000 1.2934070762933987
7620000 1.292543972872526
7630000 1.2916779501679507
7640000 1.2908082620374453
7650000 1.2899573164907832
7660000 1.2890858153348281
7670000 1.2882418995811358
7680000 1.2873947920825741
7690000 1.2865316895960814
7700000 1.285682915678624
7710000 1.2848259380759093
7720000 1.2839759582397572
7730000 1.2831288439760788
7740000 1.2823278277654682
7750000 1.281486818401842
7760000 1.2806614663747546
7770000 1.279845632311114
7780000 1.2790075717101574
7790000 1.2782211999480464
7800000 1.2773765690408339
7810000 1.2765775721753196
7820000 1.2757599328353455
7830000 1.2749319363978995
7840000 1.2741100992377354
7850000 1.2732796580431345
7860000 1.2725049539135362
7870000 1.2716910684076232
7880000 1.270863545389427
7890000 1.2700598183047078
7900000 1.269214950190246
7910000 1.2684026215659172
7920000 1.2675920616836145
7930000 1.2668182319857018
7940000 1.266026459469546
7950000 1.2652055033624416
7960000 1.2644302330307937
7970000 1.263598978486915
7980000 1.262802443259081
7990000 1.262016198795784
8000000 1.2612288540604417
8010000 1.2604369014019987
8020000 1.259624838495606
8030000 1.258847791281121
8040000 1.2580407693006328
8050000 1.257251721892992
8060000 1.256454236342598
8070000 1.2556533917053811
8080000 1.254881900769722
8090000 1.254085880360288
8100000 1.2533234492904402
8110000 1.252536497631975
8120000 1.25176552637639
8130000 1.2509560180529693
8140000 1.2501928959891067
8150000 1.2494301464859932
8160000 1.248648622284384
8170000 1.247838394370807
8180000 1.2470990313381387
8190000 1.246342843987347
8200000 1.2455646760621144
8210000 1.2448244074895713
8220000 1.2440803395416804
8230000 1.2433234977485954
8240000 1.242566626891772
8250000 1.2418127869446633
8260000 1.241038098059714
8270000 1.240316452261356
8280000 1.2395440481275133
8290000 1.2387627582557688
8300000 1.2380088181940836
8310000 1.237259158419891
8320000 1.2365264454758376
8330000 1.2358110750020537
8340000 1.2350157069472918
8350000 1.2342811644980374
8360000 1.2335317779896338
8370000 1.2327750774583655
8380000 1.2320343726532608
8390000 1.23128584643128
8400000 1.2305319572013491
8410000 1.2297990564751458
8420000 1.2290348377182927
8430000 1.2283068427579489
8440000 1.2275765823998486
8450000 1.2268613753657
8460000 1.226151549869416
8470000 1.2254104527025873
8480000 1.224694251539083
8490000 1.2239810694651239
8500000 1.2232586105076
8510000 1.2225397443690063
8520000 1.221822912718197
8530000 1.22112479518734
8540000 1.220408784046872
8550000 1.2196852236147264
8560000 1.2189540983932967
8570000 1.218231314669273
8580000 1.2175188467628053
8590000 1.2168255239580021
8600000 1.216112456641218
8610000 1.215381289613176
8620000 1.2147144229614202
8630000 1.213986122013599
8640000 1.2132743224389877
8650000 1.2125486615703989
8660000 1.2118752024816581
8670000 1.2111760066698112
8680000 1.210440582030503
8690000 1.209754017832533
8700000 1.209058855608868
8710000 1.2083910197858307
8720000 1.2076777661271716
8730000 1.2069537695098373
8740000 1.206278390195795
8750000 1.2056002787477
8760000 1.2049083342762976
8770000 1.2042144454694301
8780000 1.2035065593056287
8790000 1.2028593046587293
8800000 1.2021463867515574
8810000 1.2014922522536844
8820000 1.2008190192255421
8830000 1.2001228814529157
8840000 1.1994476161226342
8850000 1.1987503794728611
