3.200000000000000000e+01 9.060499918365756002e+02
3.300000000000000000e+01 9.074080340343556372e+02
3.400000000000000000e+01 8.752728529956830243e+02
3.500000000000000000e+01 8.698325174893157055e+02
3.600000000000000000e+01 8.583380385916308342e+02
3.700000000000000000e+01 8.413643612127873439e+02
3.800000000000000000e+01 8.243109319171272773e+02
3.900000000000000000e+01 8.138829758373651657e+02
4.000000000000000000e+01 6.476280202643122266e+02
4.100000000000000000e+01 6.364618285688222841e+02
4.200000000000000000e+01 6.371908564439700058e+02
4.300000000000000000e+01 6.379025248935432728e+02
4.400000000000000000e+01 6.191811676732604610e+02
4.500000000000000000e+01 6.120330234470036430e+02
4.600000000000000000e+01 5.860285978207998596e+02
4.700000000000000000e+01 5.402854955160902364e+02
4.800000000000000000e+01 5.333424506997637309e+02
4.900000000000000000e+01 5.320639516048149744e+02
5.000000000000000000e+01 5.325654326959693208e+02
5.100000000000000000e+01 5.330579340618596689e+02
5.200000000000000000e+01 5.228762237383026559e+02
5.300000000000000000e+01 5.090700795123452735e+02
5.400000000000000000e+01 5.044760277912628226e+02
5.500000000000000000e+01 4.987567852381325793e+02
5.600000000000000000e+01 4.652365983295760543e+02
5.700000000000000000e+01 4.606707655253787266e+02
5.800000000000000000e+01 4.610401537001185375e+02
5.900000000000000000e+01 4.614032536733845973e+02
6.000000000000000000e+01 4.617590910709288323e+02
6.100000000000000000e+01 4.456804126354026607e+02
6.200000000000000000e+01 4.440012532267735992e+02
6.300000000000000000e+01 4.241215111918698994e+02
6.400000000000000000e+01 4.186639298712235586e+02
6.500000000000000000e+01 4.180347023480017015e+02
6.600000000000000000e+01 4.183247555772895225e+02
6.700000000000000000e+01 4.186111670676864378e+02
6.800000000000000000e+01 4.137711591332256376e+02
6.900000000000000000e+01 4.064152588097560397e+02
7.000000000000000000e+01 4.041091593560582282e+02
7.100000000000000000e+01 4.012352389192784017e+02
7.200000000000000000e+01 3.842522898400034137e+02
7.300000000000000000e+01 3.823217372605108721e+02
7.400000000000000000e+01 3.825567737503890839e+02
7.500000000000000000e+01 3.827873557127050503e+02
7.600000000000000000e+01 3.830151108537645541e+02
7.700000000000000000e+01 3.732064924037969149e+02
7.800000000000000000e+01 3.715349728837940688e+02
7.900000000000000000e+01 3.600431144422231000e+02
8.000000000000000000e+01 3.574219167838643330e+02
8.100000000000000000e+01 3.564511959017003164e+02
8.200000000000000000e+01 3.566466749063329189e+02
8.300000000000000000e+01 3.568393176259567667e+02
8.400000000000000000e+01 3.570299637278050113e+02
8.500000000000000000e+01 3.456343232042565887e+02
8.600000000000000000e+01 3.446911876561908912e+02
8.700000000000000000e+01 3.428355813143918454e+02
8.800000000000000000e+01 3.357764885495799376e+02
8.900000000000000000e+01 3.339925285828188635e+02
9.000000000000000000e+01 3.341570379730914055e+02
9.100000000000000000e+01 3.343205397046572216e+02
9.200000000000000000e+01 3.344822536353837563e+02
9.300000000000000000e+01 3.254599325115829060e+02
9.400000000000000000e+01 3.252034471841938057e+02
9.500000000000000000e+01 3.205512514555737198e+02
9.600000000000000000e+01 3.177830907538999554e+02
9.700000000000000000e+01 3.166836579790690394e+02
9.800000000000000000e+01 3.168273857760047463e+02
9.900000000000000000e+01 3.169675736709722287e+02
1.000000000000000000e+03 9.504176636032599390e+01
1.001000000000000000e+03 9.478039041158285727e+01
1.002000000000000000e+03 9.476976032343648626e+01
1.003000000000000000e+03 9.474284363887304039e+01
1.004000000000000000e+03 9.451093389084255136e+01
1.005000000000000000e+03 9.451011876076663043e+01
1.006000000000000000e+03 9.450976652763264951e+01
1.007000000000000000e+03 9.450981083092811730e+01
1.008000000000000000e+03 9.451026127668853860e+01
1.009000000000000000e+03 9.443077702927109840e+01
1.010000000000000000e+03 9.443100594450072549e+01
1.011000000000000000e+03 9.442281129332799594e+01
1.012000000000000000e+03 9.434988419280932703e+01
1.013000000000000000e+03 9.435074067350993232e+01
1.014000000000000000e+03 9.435188763539632362e+01
1.015000000000000000e+03 9.411790138125698491e+01
1.016000000000000000e+03 9.408753097365774920e+01
1.017000000000000000e+03 9.408717750510901112e+01
1.018000000000000000e+03 9.405889895846091520e+01
1.019000000000000000e+03 9.405939815114174962e+01
1.020000000000000000e+03 9.404353915259206076e+01
1.021000000000000000e+03 9.404463985548645155e+01
1.022000000000000000e+03 9.404600858301846245e+01
1.023000000000000000e+03 9.397039789135111221e+01
1.024000000000000000e+03 9.396152609791352006e+01
1.025000000000000000e+03 9.371913326509050535e+01
1.026000000000000000e+03 9.370867126348869647e+01
1.027000000000000000e+03 9.368236512021331919e+01
1.028000000000000000e+03 9.345797444120414355e+01
1.029000000000000000e+03 9.345711693654560293e+01
1.030000000000000000e+03 9.345671374924441466e+01
1.031000000000000000e+03 9.345670036553822513e+01
1.032000000000000000e+03 9.345708441017551138e+01
1.033000000000000000e+03 9.338035589896868771e+01
1.034000000000000000e+03 9.338053419162328339e+01
1.035000000000000000e+03 9.337258012379942329e+01
1.036000000000000000e+03 9.330215567715853808e+01
1.037000000000000000e+03 9.330294938786350656e+01
1.038000000000000000e+03 9.330402658345850853e+01
1.039000000000000000e+03 9.330535426682013167e+01
1.040000000000000000e+03 9.305491726564859789e+01
1.041000000000000000e+03 9.302553525876504636e+01
1.042000000000000000e+03 9.302507755926694699e+01
1.043000000000000000e+03 9.300023675522510302e+01
1.044000000000000000e+03 9.279192942203565053e+01
1.045000000000000000e+03 9.279121903231155954e+01
1.046000000000000000e+03 9.279093781360300852e+01
1.047000000000000000e+03 9.279103826297681223e+01
1.048000000000000000e+03 9.270811891770870261e+01
1.049000000000000000e+03 9.269869833524728620e+01
1.050000000000000000e+03 9.269900852579026207e+01
1.051000000000000000e+03 9.269150975951573912e+01
1.052000000000000000e+03 9.262365397094414732e+01
1.053000000000000000e+03 9.262440787764754191e+01
1.054000000000000000e+03 9.262544059703448340e+01
1.055000000000000000e+03 9.262671974341826342e+01
1.056000000000000000e+03 9.238102601216850474e+01
1.057000000000000000e+03 9.235249223918752648e+01
1.058000000000000000e+03 9.235212080215930541e+01
1.059000000000000000e+03 9.232796455456784201e+01
1.060000000000000000e+03 9.212523962487009044e+01
1.061000000000000000e+03 9.212448985951796487e+01
1.062000000000000000e+03 9.212416565992917583e+01
1.063000000000000000e+03 9.212421990883439094e+01
1.064000000000000000e+03 9.204231203115034532e+01
1.065000000000000000e+03 9.203325542212866139e+01
1.066000000000000000e+03 9.203360514358068656e+01
1.067000000000000000e+03 9.202637377666550833e+01
1.068000000000000000e+03 9.196085910076061509e+01
1.069000000000000000e+03 9.196152097367345846e+01
1.070000000000000000e+03 9.196246437186482581e+01
1.071000000000000000e+03 9.196365653892914338e+01
1.072000000000000000e+03 9.172420402414346086e+01
1.073000000000000000e+03 9.169607259046418335e+01
1.074000000000000000e+03 9.169559928396355986e+01
1.075000000000000000e+03 9.167181611172667033e+01
1.076000000000000000e+03 9.147191712186858581e+01
1.077000000000000000e+03 9.147130356374384519e+01
1.078000000000000000e+03 9.147109189012675756e+01
1.079000000000000000e+03 9.147123769782193392e+01
1.080000000000000000e+03 9.139147910359545790e+01
1.081000000000000000e+03 9.138262323531081677e+01
1.082000000000000000e+03 9.138300430841465527e+01
1.083000000000000000e+03 9.137594157680898377e+01
1.084000000000000000e+03 9.131172567878331847e+01
1.085000000000000000e+03 9.131242324371112318e+01
1.086000000000000000e+03 9.131338999466981932e+01
1.087000000000000000e+03 9.131459461840566405e+01
1.088000000000000000e+03 9.108069377711420600e+01
1.089000000000000000e+03 9.105318066925332232e+01
1.090000000000000000e+03 9.105271966063651234e+01
1.091000000000000000e+03 9.102945796132196676e+01
1.092000000000000000e+03 9.083429346325951315e+01
1.093000000000000000e+03 9.083365192984572900e+01
1.094000000000000000e+03 9.083340818296625230e+01
1.095000000000000000e+03 9.083351823439066663e+01
1.096000000000000000e+03 9.075636381458451751e+01
1.097000000000000000e+03 9.074746914569348633e+01
1.098000000000000000e+03 9.074773413295108071e+01
1.099000000000000000e+03 9.074066459570860843e+01
2.000000000000000000e+03 6.834849484282602816e+01
2.001000000000000000e+03 6.831482756108161425e+01
2.002000000000000000e+03 6.828443319903473707e+01
2.003000000000000000e+03 6.827327127412891628e+01
2.004000000000000000e+03 6.824195441875370705e+01
2.005000000000000000e+03 6.819056461703735295e+01
2.006000000000000000e+03 6.818591221284887638e+01
2.007000000000000000e+03 6.816430361817498351e+01
2.008000000000000000e+03 6.816348739543302315e+01
2.009000000000000000e+03 6.815929355771466192e+01
2.010000000000000000e+03 6.815547823811118633e+01
2.011000000000000000e+03 6.814527046184548453e+01
2.012000000000000000e+03 6.811824519049859816e+01
2.013000000000000000e+03 6.811487663829011296e+01
2.014000000000000000e+03 6.811151872042366051e+01
2.015000000000000000e+03 6.811109758540263215e+01
2.016000000000000000e+03 6.809186058048501877e+01
2.017000000000000000e+03 6.803257420842902548e+01
2.018000000000000000e+03 6.803137356173439798e+01
2.019000000000000000e+03 6.802039049804848503e+01
2.020000000000000000e+03 6.794283807051758117e+01
2.021000000000000000e+03 6.793873685203391233e+01
2.022000000000000000e+03 6.793791222127438800e+01
2.023000000000000000e+03 6.793376296720653329e+01
2.024000000000000000e+03 6.793338921231898553e+01
2.025000000000000000e+03 6.793319878038201409e+01
2.026000000000000000e+03 6.790422229736478243e+01
2.027000000000000000e+03 6.789352651998903809e+01
2.028000000000000000e+03 6.789323796321892246e+01
2.029000000000000000e+03 6.786140040650883520e+01
2.030000000000000000e+03 6.786122248895944153e+01
2.031000000000000000e+03 6.786119943016012712e+01
2.032000000000000000e+03 6.786130505848294092e+01
2.033000000000000000e+03 6.783147541174234618e+01
2.034000000000000000e+03 6.777428133380198005e+01
2.035000000000000000e+03 6.776646169423173660e+01
2.036000000000000000e+03 6.774116627357986431e+01
2.037000000000000000e+03 6.768627343951810360e+01
2.038000000000000000e+03 6.768143846478966452e+01
2.039000000000000000e+03 6.766127583392668043e+01
2.040000000000000000e+03 6.766010572536815459e+01
2.041000000000000000e+03 6.765556748916883123e+01
2.042000000000000000e+03 6.765495289025255943e+01
2.043000000000000000e+03 6.764116299447118763e+01
2.044000000000000000e+03 6.761590537258381062e+01
2.045000000000000000e+03 6.760665936752673133e+01
2.046000000000000000e+03 6.760028853294370776e+01
2.047000000000000000e+03 6.759951382502026718e+01
2.048000000000000000e+03 6.755932974369031285e+01
2.049000000000000000e+03 6.755168298093737178e+01
2.050000000000000000e+03 6.752325287434885581e+01
2.051000000000000000e+03 6.751303379117763370e+01
2.052000000000000000e+03 6.748424837223844008e+01
2.053000000000000000e+03 6.743915067536060803e+01
2.054000000000000000e+03 6.743814934215286883e+01
2.055000000000000000e+03 6.743738919180827907e+01
2.056000000000000000e+03 6.743684697335352496e+01
2.057000000000000000e+03 6.740827655334540225e+01
2.058000000000000000e+03 6.740405918691511999e+01
2.059000000000000000e+03 6.739356751011919755e+01
2.060000000000000000e+03 6.736579801033600745e+01
2.061000000000000000e+03 6.735931530550294610e+01
2.062000000000000000e+03 6.735562099369688838e+01
2.063000000000000000e+03 6.733508229990323457e+01
2.064000000000000000e+03 6.731484981061807105e+01
2.065000000000000000e+03 6.727814760276950778e+01
2.066000000000000000e+03 6.727742868825616540e+01
2.067000000000000000e+03 6.726432514915276784e+01
2.068000000000000000e+03 6.723326983235708099e+01
2.069000000000000000e+03 6.719035913632389168e+01
2.070000000000000000e+03 6.718932692967588594e+01
2.071000000000000000e+03 6.718853822759612626e+01
2.072000000000000000e+03 6.718796478512814474e+01
2.073000000000000000e+03 6.718759463541158539e+01
2.074000000000000000e+03 6.715270854755070218e+01
2.075000000000000000e+03 6.714879891441958648e+01
2.076000000000000000e+03 6.714251377284051614e+01
2.077000000000000000e+03 6.710891273484332942e+01
2.078000000000000000e+03 6.710781162324154536e+01
2.079000000000000000e+03 6.707057814841921584e+01
2.080000000000000000e+03 6.706953571364289246e+01
2.081000000000000000e+03 6.703384680542214369e+01
2.082000000000000000e+03 6.703277910060864997e+01
2.083000000000000000e+03 6.702247133823364322e+01
2.084000000000000000e+03 6.701467419348477961e+01
2.085000000000000000e+03 6.694899316677900458e+01
2.086000000000000000e+03 6.694459950064147336e+01
2.087000000000000000e+03 6.694313898789081918e+01
2.088000000000000000e+03 6.692437796799799798e+01
2.089000000000000000e+03 6.691964495431679438e+01
2.090000000000000000e+03 6.691212109226148641e+01
2.091000000000000000e+03 6.690517004999904316e+01
2.092000000000000000e+03 6.687549678995065960e+01
2.093000000000000000e+03 6.686604692602013245e+01
2.094000000000000000e+03 6.686195823804629867e+01
2.095000000000000000e+03 6.682335637916941096e+01
2.096000000000000000e+03 6.680422982585426439e+01
2.097000000000000000e+03 6.679261868805704694e+01
2.098000000000000000e+03 6.679186443723256161e+01
2.099000000000000000e+03 6.677897818511166861e+01
3.000000000000000000e+03 5.643086687546097124e+01
3.001000000000000000e+03 5.642120242583595768e+01
3.002000000000000000e+03 5.642041871566446076e+01
3.003000000000000000e+03 5.641245253953258754e+01
3.004000000000000000e+03 5.640450275079975029e+01
3.005000000000000000e+03 5.640331782262458660e+01
3.006000000000000000e+03 5.636317297709139496e+01
3.007000000000000000e+03 5.636157385871802461e+01
3.008000000000000000e+03 5.636023024299847606e+01
3.009000000000000000e+03 5.635060236089932317e+01
3.010000000000000000e+03 5.634982096279905051e+01
3.011000000000000000e+03 5.634188444959144704e+01
3.012000000000000000e+03 5.633396383266157414e+01
3.013000000000000000e+03 5.633278241578091183e+01
3.014000000000000000e+03 5.629399140709660543e+01
3.015000000000000000e+03 5.629225391673660539e+01
3.016000000000000000e+03 5.629078827145037422e+01
3.017000000000000000e+03 5.628098742871789995e+01
3.018000000000000000e+03 5.628012227500865805e+01
3.019000000000000000e+03 5.627207314001476846e+01
3.020000000000000000e+03 5.626407504202956034e+01
3.021000000000000000e+03 5.626285483963132350e+01
3.022000000000000000e+03 5.622157257199428670e+01
3.023000000000000000e+03 5.622011739272430475e+01
3.024000000000000000e+03 5.621890000572119561e+01
3.025000000000000000e+03 5.620953887913303504e+01
3.026000000000000000e+03 5.620884258624042218e+01
3.027000000000000000e+03 5.620109879285144672e+01
3.028000000000000000e+03 5.619334050328274088e+01
3.029000000000000000e+03 5.619220935682335494e+01
3.030000000000000000e+03 5.615394110322571919e+01
3.031000000000000000e+03 5.615222759132038988e+01
3.032000000000000000e+03 5.615078256546087943e+01
3.033000000000000000e+03 5.614107326515957652e+01
3.034000000000000000e+03 5.614022115753047615e+01
3.035000000000000000e+03 5.613224511003491557e+01
3.036000000000000000e+03 5.612431649125196742e+01
3.037000000000000000e+03 5.612310837952276188e+01
3.038000000000000000e+03 5.608455011109077759e+01
3.039000000000000000e+03 5.608282224617813938e+01
3.040000000000000000e+03 5.608136424435753042e+01
3.041000000000000000e+03 5.607166162367943940e+01
3.042000000000000000e+03 5.607079990921648971e+01
3.043000000000000000e+03 5.606283326042673565e+01
3.044000000000000000e+03 5.605492129759420550e+01
3.045000000000000000e+03 5.605371325688253137e+01
3.046000000000000000e+03 5.601407337471331260e+01
3.047000000000000000e+03 5.601249199547645929e+01
3.048000000000000000e+03 5.601116276454710174e+01
3.049000000000000000e+03 5.600170167595658199e+01
3.050000000000000000e+03 5.600092742729900408e+01
3.051000000000000000e+03 5.599313098452721960e+01
3.052000000000000000e+03 5.598535732958933409e+01
3.053000000000000000e+03 5.598419817480733940e+01
3.054000000000000000e+03 5.594664242457828607e+01
3.055000000000000000e+03 5.594487631047744713e+01
3.056000000000000000e+03 5.594338411801361133e+01
3.057000000000000000e+03 5.593368107677133594e+01
3.058000000000000000e+03 5.593279490961228362e+01
3.059000000000000000e+03 5.592483818343282564e+01
3.060000000000000000e+03 5.591694955070657613e+01
3.061000000000000000e+03 5.591573629625041519e+01
3.062000000000000000e+03 5.587632093217715124e+01
3.063000000000000000e+03 5.587474887107522648e+01
3.064000000000000000e+03 5.587342704591769404e+01
3.065000000000000000e+03 5.586403334202461224e+01
3.066000000000000000e+03 5.586326244905573901e+01
3.067000000000000000e+03 5.585552116491291486e+01
3.068000000000000000e+03 5.584780530598997217e+01
3.069000000000000000e+03 5.584665509489579449e+01
3.070000000000000000e+03 5.580936718666668384e+01
3.071000000000000000e+03 5.580761494917449284e+01
3.072000000000000000e+03 5.580613438414139438e+01
3.073000000000000000e+03 5.579650585360369064e+01
3.074000000000000000e+03 5.579562634960058176e+01
3.075000000000000000e+03 5.578773027261214423e+01
3.076000000000000000e+03 5.577990391290228445e+01
3.077000000000000000e+03 5.577870163941554438e+01
3.078000000000000000e+03 5.573841479490028661e+01
3.079000000000000000e+03 5.573699383670505370e+01
3.080000000000000000e+03 5.573580459326026926e+01
3.081000000000000000e+03 5.572668564217545395e+01
3.082000000000000000e+03 5.572600428589069566e+01
3.083000000000000000e+03 5.571846078552496095e+01
3.084000000000000000e+03 5.571091055946890691e+01
3.085000000000000000e+03 5.570981270007256825e+01
3.086000000000000000e+03 5.567235993844899156e+01
3.087000000000000000e+03 5.567071209894137951e+01
3.088000000000000000e+03 5.566932320254197464e+01
3.089000000000000000e+03 5.565990185849727823e+01
3.090000000000000000e+03 5.565908444156796975e+01
3.091000000000000000e+03 5.565134075628701993e+01
3.092000000000000000e+03 5.564364203051491131e+01
3.093000000000000000e+03 5.564247524190790273e+01
3.094000000000000000e+03 5.560597383571936803e+01
3.095000000000000000e+03 5.560417419957757801e+01
3.096000000000000000e+03 5.560265121858790849e+01
3.097000000000000000e+03 5.559303452170200899e+01
3.098000000000000000e+03 5.559212464404092202e+01
3.099000000000000000e+03 5.558425187354666974e+01
4.000000000000000000e+03 4.929481636205090211e+01
4.001000000000000000e+03 4.928772504980669567e+01
4.002000000000000000e+03 4.928689355613992973e+01
4.003000000000000000e+03 4.928115186195181963e+01
4.004000000000000000e+03 4.927555114227192234e+01
4.005000000000000000e+03 4.927461614628377617e+01
4.006000000000000000e+03 4.924881907587491980e+01
4.007000000000000000e+03 4.924756125681095398e+01
4.008000000000000000e+03 4.924649505411622386e+01
4.009000000000000000e+03 4.923988015606613544e+01
4.010000000000000000e+03 4.923923929726890947e+01
4.011000000000000000e+03 4.923382666027136167e+01
4.012000000000000000e+03 4.922848155513119650e+01
4.013000000000000000e+03 4.922764650200436165e+01
4.014000000000000000e+03 4.920508311943292057e+01
4.015000000000000000e+03 4.920354175713849543e+01
4.016000000000000000e+03 4.920222572980488707e+01
4.017000000000000000e+03 4.919521131146355941e+01
4.018000000000000000e+03 4.919439957279823261e+01
4.019000000000000000e+03 4.918871669877354691e+01
4.020000000000000000e+03 4.918316514770579317e+01
4.021000000000000000e+03 4.918224082998069235e+01
4.022000000000000000e+03 4.915815342840478763e+01
4.023000000000000000e+03 4.915672604990310646e+01
4.024000000000000000e+03 4.915551025154544362e+01
4.025000000000000000e+03 4.914867594196882550e+01
4.026000000000000000e+03 4.914793236897997986e+01
4.027000000000000000e+03 4.914237506746991357e+01
4.028000000000000000e+03 4.913692238547685065e+01
4.029000000000000000e+03 4.913603399146263939e+01
4.030000000000000000e+03 4.911220566698904122e+01
4.031000000000000000e+03 4.911079060310243705e+01
4.032000000000000000e+03 4.910958556022180943e+01
4.033000000000000000e+03 4.910278325195734084e+01
4.034000000000000000e+03 4.910204686121583961e+01
4.035000000000000000e+03 4.909651416984502248e+01
4.036000000000000000e+03 4.909108216367993549e+01
4.037000000000000000e+03 4.909019751003371113e+01
4.038000000000000000e+03 4.906725456889474657e+01
4.039000000000000000e+03 4.906574873730615138e+01
4.040000000000000000e+03 4.906446368129385149e+01
4.041000000000000000e+03 4.905754299932127083e+01
4.042000000000000000e+03 4.905675181913998273e+01
4.043000000000000000e+03 4.905114105516231149e+01
4.044000000000000000e+03 4.904565010849620421e+01
4.045000000000000000e+03 4.904473639674867513e+01
4.046000000000000000e+03 4.902350207542826865e+01
4.047000000000000000e+03 4.902177900049640868e+01
4.048000000000000000e+03 4.902030246793010093e+01
4.049000000000000000e+03 4.901307850943869937e+01
4.050000000000000000e+03 4.901215619612817420e+01
4.051000000000000000e+03 4.900634068901263873e+01
4.052000000000000000e+03 4.900069554532159088e+01
4.053000000000000000e+03 4.899971490155147080e+01
4.054000000000000000e+03 4.897924884929529554e+01
4.055000000000000000e+03 4.897738376184621956e+01
4.056000000000000000e+03 4.897578204385067124e+01
4.057000000000000000e+03 4.896836462568027315e+01
4.058000000000000000e+03 4.896735653566106095e+01
4.059000000000000000e+03 4.896141140800231994e+01
4.060000000000000000e+03 4.895567036729931232e+01
4.061000000000000000e+03 4.895464686835592261e+01
4.062000000000000000e+03 4.893284270353169063e+01
4.063000000000000000e+03 4.893111049769982657e+01
4.064000000000000000e+03 4.892962541460970982e+01
4.065000000000000000e+03 4.892241433746206525e+01
4.066000000000000000e+03 4.892148510981247966e+01
4.067000000000000000e+03 4.891568254890375300e+01
4.068000000000000000e+03 4.891005466070330954e+01
4.069000000000000000e+03 4.890907367645168335e+01
4.070000000000000000e+03 4.888868129593635103e+01
4.071000000000000000e+03 4.888682596825421456e+01
4.072000000000000000e+03 4.888523251807448844e+01
4.073000000000000000e+03 4.887785614104289778e+01
4.074000000000000000e+03 4.887685299684022056e+01
4.075000000000000000e+03 4.887094063748907047e+01
4.076000000000000000e+03 4.886523249172922334e+01
4.077000000000000000e+03 4.886421523150085022e+01
4.078000000000000000e+03 4.884423991125904507e+01
4.079000000000000000e+03 4.884231312177364259e+01
4.080000000000000000e+03 4.884065647946500377e+01
4.081000000000000000e+03 4.883318877632660815e+01
4.082000000000000000e+03 4.883214191522264969e+01
4.083000000000000000e+03 4.882616918302838371e+01
4.084000000000000000e+03 4.882041852187686715e+01
4.085000000000000000e+03 4.881938038582107708e+01
4.086000000000000000e+03 4.879885452844560234e+01
4.087000000000000000e+03 4.879698314053954533e+01
4.088000000000000000e+03 4.879537518238397809e+01
4.089000000000000000e+03 4.878800174940974443e+01
4.090000000000000000e+03 4.878698789742428232e+01
4.091000000000000000e+03 4.878108206205653374e+01
4.092000000000000000e+03 4.877538783101495312e+01
4.093000000000000000e+03 4.877436972100694845e+01
4.094000000000000000e+03 4.875498659178586536e+01
4.095000000000000000e+03 4.875300634962104596e+01
4.096000000000000000e+03 4.875130225404726048e+01
4.097000000000000000e+03 4.874378275836328100e+01
4.098000000000000000e+03 4.874270265681365544e+01
4.099000000000000000e+03 4.873669898389011479e+01
5.000000000000000000e+03 4.438979103513247537e+01
5.001000000000000000e+03 4.438402730696483189e+01
5.002000000000000000e+03 4.438315647139707210e+01
5.003000000000000000e+03 4.437857230589671076e+01
5.004000000000000000e+03 4.437417855104087749e+01
5.005000000000000000e+03 4.437335033356331593e+01
5.006000000000000000e+03 4.436237811133270270e+01
5.007000000000000000e+03 4.436043742633947318e+01
5.008000000000000000e+03 4.435875819256505537e+01
5.009000000000000000e+03 4.435248506750006925e+01
5.010000000000000000e+03 4.435140106343023803e+01
5.011000000000000000e+03 4.434647194432059081e+01
5.012000000000000000e+03 4.434181418758078053e+01
5.013000000000000000e+03 4.434087538739493795e+01
5.014000000000000000e+03 4.432959864028865837e+01
5.015000000000000000e+03 4.432760305603602546e+01
5.016000000000000000e+03 4.432587541859149383e+01
5.017000000000000000e+03 4.431953035698667520e+01
5.018000000000000000e+03 4.431841316169436595e+01
5.019000000000000000e+03 4.431343644532044834e+01
5.020000000000000000e+03 4.430874455686561220e+01
5.021000000000000000e+03 4.430778974491288125e+01
5.022000000000000000e+03 4.429446925803031121e+01
5.023000000000000000e+03 4.429270544758342254e+01
5.024000000000000000e+03 4.429118222578269837e+01
5.025000000000000000e+03 4.428518480038820826e+01
5.026000000000000000e+03 4.428420784167320789e+01
5.027000000000000000e+03 4.427947134359413894e+01
5.028000000000000000e+03 4.427496825027590432e+01
5.029000000000000000e+03 4.427408914675449836e+01
5.030000000000000000e+03 4.426146234065762997e+01
5.031000000000000000e+03 4.425968971107833028e+01
5.032000000000000000e+03 4.425815861851251043e+01
5.033000000000000000e+03 4.425215621390071874e+01
5.034000000000000000e+03 4.425117366431169330e+01
5.035000000000000000e+03 4.424643515341863065e+01
5.036000000000000000e+03 4.424193226322285710e+01
5.037000000000000000e+03 4.424105087664629110e+01
5.038000000000000000e+03 4.423000316840703761e+01
5.039000000000000000e+03 4.422804864935380920e+01
5.040000000000000000e+03 4.422635698531487947e+01
5.041000000000000000e+03 4.422009596137108645e+01
5.042000000000000000e+03 4.421900292689596768e+01
5.043000000000000000e+03 4.421408816121859786e+01
5.044000000000000000e+03 4.420945073506567979e+01
5.045000000000000000e+03 4.420851176726335297e+01
5.046000000000000000e+03 4.419563111130291588e+01
5.047000000000000000e+03 4.419385131755389295e+01
5.048000000000000000e+03 4.419231315775229518e+01
5.049000000000000000e+03 4.418631371728558577e+01
5.050000000000000000e+03 4.418532476858651137e+01
5.051000000000000000e+03 4.418058914001174742e+01
5.052000000000000000e+03 4.417609192626143511e+01
5.053000000000000000e+03 4.417520828824265777e+01
5.054000000000000000e+03 4.416419141208570665e+01
5.055000000000000000e+03 4.416224182239486140e+01
5.056000000000000000e+03 4.416055420824520894e+01
5.057000000000000000e+03 4.415431563161038753e+01
5.058000000000000000e+03 4.415322474802557906e+01
5.059000000000000000e+03 4.414832774341569177e+01
5.060000000000000000e+03 4.414370832792550914e+01
5.061000000000000000e+03 4.414277246768772045e+01
5.062000000000000000e+03 4.412993841926365235e+01
5.063000000000000000e+03 4.412816393599054265e+01
5.064000000000000000e+03 4.412663059998603643e+01
5.065000000000000000e+03 4.412065588991779208e+01
5.066000000000000000e+03 4.411967051869822853e+01
5.067000000000000000e+03 4.411495568437254633e+01
5.068000000000000000e+03 4.411047958500172683e+01
5.069000000000000000e+03 4.410960059083535612e+01
5.070000000000000000e+03 4.409696732500690075e+01
5.071000000000000000e+03 4.409522824393046392e+01
5.072000000000000000e+03 4.409372565191704041e+01
5.073000000000000000e+03 4.408780895558939505e+01
5.074000000000000000e+03 4.408684369353866117e+01
5.075000000000000000e+03 4.408216872094318006e+01
5.076000000000000000e+03 4.407772468151621581e+01
5.077000000000000000e+03 4.407685640747492783e+01
5.078000000000000000e+03 4.406427681852541411e+01
5.079000000000000000e+03 4.406254581938256365e+01
5.080000000000000000e+03 4.406105025818191478e+01
5.081000000000000000e+03 4.405515311111626886e+01
5.082000000000000000e+03 4.405419247044796549e+01
5.083000000000000000e+03 4.404953225252651805e+01
5.084000000000000000e+03 4.404510139750593112e+01
5.085000000000000000e+03 4.404423625841263856e+01
5.086000000000000000e+03 4.403170814599977945e+01
5.087000000000000000e+03 4.402997990759656943e+01
5.088000000000000000e+03 4.402848666460816673e+01
5.089000000000000000e+03 4.402260116631861564e+01
5.090000000000000000e+03 4.402164187477141866e+01
5.091000000000000000e+03 4.401699092093471677e+01
5.092000000000000000e+03 4.401256894035105915e+01
5.093000000000000000e+03 4.401170515424627894e+01
5.094000000000000000e+03 4.400084338559343422e+01
5.095000000000000000e+03 4.399892118942518948e+01
5.096000000000000000e+03 4.399725730560674464e+01
5.097000000000000000e+03 4.399109764578963677e+01
5.098000000000000000e+03 4.399002213665012562e+01
5.099000000000000000e+03 4.398518616111648782e+01
6.000000000000000000e+03 4.074764933171986314e+01
6.001000000000000000e+03 4.074258849743045374e+01
6.002000000000000000e+03 4.074165295395629016e+01
6.003000000000000000e+03 4.073770179837678995e+01
6.004000000000000000e+03 4.073399779411649035e+01
6.005000000000000000e+03 4.073322281162903380e+01
6.006000000000000000e+03 4.072773269761063375e+01
6.007000000000000000e+03 4.072577527225653427e+01
6.008000000000000000e+03 4.072407655959511885e+01
6.009000000000000000e+03 4.071859204121923170e+01
6.010000000000000000e+03 4.071747939738884270e+01
6.011000000000000000e+03 4.071323944488641189e+01
6.012000000000000000e+03 4.070931303205122731e+01
6.013000000000000000e+03 4.070844502682561483e+01
6.014000000000000000e+03 4.070174578866667048e+01
6.015000000000000000e+03 4.069985471605122029e+01
6.016000000000000000e+03 4.069821285149545531e+01
6.017000000000000000e+03 4.069282789142811652e+01
6.018000000000000000e+03 4.069175412564506189e+01
6.019000000000000000e+03 4.068758337357458288e+01
6.020000000000000000e+03 4.068371251554289358e+01
6.021000000000000000e+03 4.068286622132631436e+01
6.022000000000000000e+03 4.067367195116882073e+01
6.023000000000000000e+03 4.067210350729384771e+01
6.024000000000000000e+03 4.067074610539204116e+01
6.025000000000000000e+03 4.066583660871502559e+01
6.026000000000000000e+03 4.066495630142046025e+01
6.027000000000000000e+03 4.066111003775522192e+01
6.028000000000000000e+03 4.065749078368414615e+01
6.029000000000000000e+03 4.065674627903504046e+01
6.030000000000000000e+03 4.065079207013747009e+01
6.031000000000000000e+03 4.064892723573237987e+01
6.032000000000000000e+03 4.064730920095604461e+01
6.033000000000000000e+03 4.064197401339708193e+01
6.034000000000000000e+03 4.064091625168950372e+01
6.035000000000000000e+03 4.063678127378833693e+01
6.036000000000000000e+03 4.063294041119344513e+01
6.037000000000000000e+03 4.063210346331283773e+01
6.038000000000000000e+03 4.062246162791844029e+01
6.039000000000000000e+03 4.062096368374419342e+01
6.040000000000000000e+03 4.061966735494725356e+01
6.041000000000000000e+03 4.061486924575315527e+01
6.042000000000000000e+03 4.061403035172372000e+01
6.043000000000000000e+03 4.061026189129035657e+01
6.044000000000000000e+03 4.060670520049734478e+01
6.045000000000000000e+03 4.060598347692128840e+01
6.046000000000000000e+03 4.059905813943051811e+01
6.047000000000000000e+03 4.059733363454777333e+01
6.048000000000000000e+03 4.059584021011654897e+01
6.049000000000000000e+03 4.059072238962780688e+01
6.050000000000000000e+03 4.058975010165973174e+01
6.051000000000000000e+03 4.058576640816849590e+01
6.052000000000000000e+03 4.058204507203738842e+01
6.053000000000000000e+03 4.058125431738804423e+01
6.054000000000000000e+03 4.057338752699352824e+01
6.055000000000000000e+03 4.057172115167133342e+01
6.056000000000000000e+03 4.057027723935590302e+01
6.057000000000000000e+03 4.056524674974713918e+01
6.058000000000000000e+03 4.056430834182663148e+01
6.059000000000000000e+03 4.056038550252178965e+01
6.060000000000000000e+03 4.055671264721586766e+01
6.061000000000000000e+03 4.055594044379979835e+01
6.062000000000000000e+03 4.054896094184447009e+01
6.063000000000000000e+03 4.054721223606031799e+01
6.064000000000000000e+03 4.054569677806482275e+01
6.065000000000000000e+03 4.054055151379842670e+01
6.066000000000000000e+03 4.053956296347714527e+01
6.067000000000000000e+03 4.053556071866455568e+01
6.068000000000000000e+03 4.053182641534732511e+01
6.069000000000000000e+03 4.053102707632246648e+01
6.070000000000000000e+03 4.052556265527671542e+01
6.071000000000000000e+03 4.052360897613233703e+01
6.072000000000000000e+03 4.052191335900086244e+01
6.073000000000000000e+03 4.051647551618822973e+01
6.074000000000000000e+03 4.051536440472769129e+01
6.075000000000000000e+03 4.051116422636837910e+01
6.076000000000000000e+03 4.050727863064837209e+01
6.077000000000000000e+03 4.050641584651602045e+01
6.078000000000000000e+03 4.050031581505265876e+01
6.079000000000000000e+03 4.049838737459658233e+01
6.080000000000000000e+03 4.049671299191605556e+01
6.081000000000000000e+03 4.049131528651972189e+01
6.082000000000000000e+03 4.049021847707788879e+01
6.083000000000000000e+03 4.048604646802827034e+01
6.084000000000000000e+03 4.048218434111653607e+01
6.085000000000000000e+03 4.048132999911426566e+01
6.086000000000000000e+03 4.047372535177748887e+01
6.087000000000000000e+03 4.047198977032599032e+01
6.088000000000000000e+03 4.047048482223915755e+01
6.089000000000000000e+03 4.046537199534875384e+01
6.090000000000000000e+03 4.046439012989379336e+01
6.091000000000000000e+03 4.046041249221315894e+01
6.092000000000000000e+03 4.045670165956914133e+01
6.093000000000000000e+03 4.045590806212769053e+01
6.094000000000000000e+03 4.045098788229658027e+01
6.095000000000000000e+03 4.044898474423699497e+01
6.096000000000000000e+03 4.044724604569442761e+01
6.097000000000000000e+03 4.044175167548934979e+01
6.098000000000000000e+03 4.044061051506434978e+01
6.099000000000000000e+03 4.043637395284508784e+01
7.000000000000000000e+03 3.790261862858815789e+01
7.001000000000000000e+03 3.789797598118119737e+01
7.002000000000000000e+03 3.789697868901191669e+01
7.003000000000000000e+03 3.789341238906304454e+01
7.004000000000000000e+03 3.789013961844403866e+01
7.005000000000000000e+03 3.788939099696384005e+01
7.006000000000000000e+03 3.788716997093746386e+01
7.007000000000000000e+03 3.788523189388197210e+01
7.008000000000000000e+03 3.788354569600250699e+01
7.009000000000000000e+03 3.787862784113913506e+01
7.010000000000000000e+03 3.787751528634194642e+01
7.011000000000000000e+03 3.787376094142204863e+01
7.012000000000000000e+03 3.787034314785066158e+01
7.013000000000000000e+03 3.786953374777829850e+01
7.014000000000000000e+03 3.786558082511390921e+01
7.015000000000000000e+03 3.786380206393406667e+01
7.016000000000000000e+03 3.786225496746097008e+01
7.017000000000000000e+03 3.785756882988023619e+01
7.018000000000000000e+03 3.785654992730189150e+01
7.019000000000000000e+03 3.785295331469659885e+01
7.020000000000000000e+03 3.784965802700199333e+01
7.021000000000000000e+03 3.784889791981251506e+01
7.022000000000000000e+03 3.784500285344032022e+01
7.023000000000000000e+03 3.784325896557007241e+01
7.024000000000000000e+03 3.784174301910935867e+01
7.025000000000000000e+03 3.783711310648432402e+01
7.026000000000000000e+03 3.783611625387757726e+01
7.027000000000000000e+03 3.783255998737955395e+01
7.028000000000000000e+03 3.782929744204075462e+01
7.029000000000000000e+03 3.782855001483096657e+01
7.030000000000000000e+03 3.782466192968847452e+01
7.031000000000000000e+03 3.782293329873942866e+01
7.032000000000000000e+03 3.782143056410606619e+01
7.033000000000000000e+03 3.781682565494310211e+01
7.034000000000000000e+03 3.781583743609384385e+01
7.035000000000000000e+03 3.781229842108751882e+01
7.036000000000000000e+03 3.780904979063666360e+01
7.037000000000000000e+03 3.780830699446209309e+01
7.038000000000000000e+03 3.780446942792772802e+01
7.039000000000000000e+03 3.780273935849382383e+01
7.040000000000000000e+03 3.780123556429775533e+01
7.041000000000000000e+03 3.779663298829366624e+01
7.042000000000000000e+03 3.779564441096608363e+01
7.043000000000000000e+03 3.779210830567224377e+01
7.044000000000000000e+03 3.778886305787121813e+01
7.045000000000000000e+03 3.778812073886990675e+01
7.046000000000000000e+03 3.778591825629886358e+01
7.047000000000000000e+03 3.778399630419201571e+01
7.048000000000000000e+03 3.778232408291118816e+01
7.049000000000000000e+03 3.777744698609603802e+01
7.050000000000000000e+03 3.777634354479582868e+01
7.051000000000000000e+03 3.777262015911497883e+01
7.052000000000000000e+03 3.776923062223136185e+01
7.053000000000000000e+03 3.776842788903607584e+01
7.054000000000000000e+03 3.776450630833780764e+01
7.055000000000000000e+03 3.776273742712758263e+01
7.056000000000000000e+03 3.776119952844849337e+01
7.057000000000000000e+03 3.775654784167526401e+01
7.058000000000000000e+03 3.775553609868300242e+01
7.059000000000000000e+03 3.775196815826557639e+01
7.060000000000000000e+03 3.774870039268202504e+01
7.061000000000000000e+03 3.774794699342515258e+01
7.062000000000000000e+03 3.774573995205251720e+01
7.063000000000000000e+03 3.774381392604261976e+01
7.064000000000000000e+03 3.774213804628135449e+01
7.065000000000000000e+03 3.773726190963503058e+01
7.066000000000000000e+03 3.773615583615473668e+01
7.067000000000000000e+03 3.773243440864662546e+01
7.068000000000000000e+03 3.772904834668236163e+01
7.069000000000000000e+03 3.772824519057081005e+01
7.070000000000000000e+03 3.772271553249625242e+01
7.071000000000000000e+03 3.772114326969226283e+01
7.072000000000000000e+03 3.771977787076922084e+01
7.073000000000000000e+03 3.771541799076378254e+01
7.074000000000000000e+03 3.771452370386110431e+01
7.075000000000000000e+03 3.771115681300634037e+01
7.076000000000000000e+03 3.770804675700582465e+01
7.077000000000000000e+03 3.770735643612248822e+01
7.078000000000000000e+03 3.770355104987217487e+01
7.079000000000000000e+03 3.770187824488753137e+01
7.080000000000000000e+03 3.770042454821503242e+01
7.081000000000000000e+03 3.769592211821930050e+01
7.082000000000000000e+03 3.769496715623406402e+01
7.083000000000000000e+03 3.769150229563997812e+01
7.084000000000000000e+03 3.768831638113374538e+01
7.085000000000000000e+03 3.768759356074691880e+01
7.086000000000000000e+03 3.768542106374970047e+01
7.087000000000000000e+03 3.768352532040396596e+01
7.088000000000000000e+03 3.768187596353071456e+01
7.089000000000000000e+03 3.767705411127345627e+01
7.090000000000000000e+03 3.767596587056058866e+01
7.091000000000000000e+03 3.767228331488475845e+01
7.092000000000000000e+03 3.766892964152481227e+01
7.093000000000000000e+03 3.766813678260094633e+01
7.094000000000000000e+03 3.766590514370206932e+01
7.095000000000000000e+03 3.766395723360067649e+01
7.096000000000000000e+03 3.766226185165861295e+01
7.097000000000000000e+03 3.765736711791791436e+01
7.098000000000000000e+03 3.765624727496966528e+01
7.099000000000000000e+03 3.765251541743481312e+01
8.000000000000000000e+03 3.559538557864026131e+01
8.001000000000000000e+03 3.559348785223742340e+01
8.002000000000000000e+03 3.559174925449708837e+01
8.003000000000000000e+03 3.558981352547451138e+01
8.004000000000000000e+03 3.558622728779491240e+01
8.005000000000000000e+03 3.558540083876603433e+01
8.006000000000000000e+03 3.558468803967963368e+01
8.007000000000000000e+03 3.557914175783641753e+01
8.008000000000000000e+03 3.557792597619454966e+01
8.009000000000000000e+03 3.557587337537321304e+01
8.010000000000000000e+03 3.557497855261573250e+01
8.011000000000000000e+03 3.557360825259670634e+01
8.012000000000000000e+03 3.556890446464061029e+01
8.013000000000000000e+03 3.556756929358513730e+01
8.014000000000000000e+03 3.556587365118646460e+01
8.015000000000000000e+03 3.556395982700918523e+01
8.016000000000000000e+03 3.556127460403966722e+01
8.017000000000000000e+03 3.555929819310203754e+01
8.018000000000000000e+03 3.555770805023248471e+01
8.019000000000000000e+03 3.555586433385887801e+01
8.020000000000000000e+03 3.555389887176789898e+01
8.021000000000000000e+03 3.555296459326768854e+01
8.022000000000000000e+03 3.555209333369136004e+01
8.023000000000000000e+03 3.554864247946755995e+01
8.024000000000000000e+03 3.554577996213419055e+01
8.025000000000000000e+03 3.554458491587920577e+01
8.026000000000000000e+03 3.554285849883185477e+01
8.027000000000000000e+03 3.554084066838344569e+01
8.028000000000000000e+03 3.553772313749134781e+01
8.029000000000000000e+03 3.553641338032610264e+01
8.030000000000000000e+03 3.553441875264314831e+01
8.031000000000000000e+03 3.553224265701680906e+01
8.032000000000000000e+03 3.552886673722225908e+01
8.033000000000000000e+03 3.552689181531724927e+01
8.034000000000000000e+03 3.552509684804921619e+01
8.035000000000000000e+03 3.552310567265233487e+01
8.036000000000000000e+03 3.552146647386582146e+01
8.037000000000000000e+03 3.552041594477572062e+01
8.038000000000000000e+03 3.551831686241742148e+01
8.039000000000000000e+03 3.551460693627667808e+01
8.040000000000000000e+03 3.551251499852508431e+01
8.041000000000000000e+03 3.551061078064799403e+01
8.042000000000000000e+03 3.550960939547459816e+01
8.043000000000000000e+03 3.550701160583166427e+01
8.044000000000000000e+03 3.550429748190796886e+01
8.045000000000000000e+03 3.550326877621237998e+01
8.046000000000000000e+03 3.550159087070785802e+01
8.047000000000000000e+03 3.549518545499297772e+01
8.048000000000000000e+03 3.549333340589063823e+01
8.049000000000000000e+03 3.549229712064129671e+01
8.050000000000000000e+03 3.549139934668033902e+01
8.051000000000000000e+03 3.549009939202247921e+01
8.052000000000000000e+03 3.548664658878710298e+01
8.053000000000000000e+03 3.548519647439636060e+01
8.054000000000000000e+03 3.548161696851974511e+01
8.055000000000000000e+03 3.547878231422301809e+01
8.056000000000000000e+03 3.547588293272855253e+01
8.057000000000000000e+03 3.547505522453419502e+01
8.058000000000000000e+03 3.547434216517299888e+01
8.059000000000000000e+03 3.547217067151381542e+01
8.060000000000000000e+03 3.547003328869226380e+01
8.061000000000000000e+03 3.546914034588245812e+01
8.062000000000000000e+03 3.546758615543584625e+01
8.063000000000000000e+03 3.546361016526189047e+01
8.064000000000000000e+03 3.546157968983002462e+01
8.065000000000000000e+03 3.546038431218984499e+01
8.066000000000000000e+03 3.545864864146149387e+01
8.067000000000000000e+03 3.545725924832483145e+01
8.068000000000000000e+03 3.545156561734818013e+01
8.069000000000000000e+03 3.545067506214971331e+01
8.070000000000000000e+03 3.544990543302566266e+01
8.071000000000000000e+03 3.544490679587851645e+01
8.072000000000000000e+03 3.544401397453889047e+01
8.073000000000000000e+03 3.544128888965896351e+01
8.074000000000000000e+03 3.544066005155486465e+01
8.075000000000000000e+03 3.543958219701681855e+01
8.076000000000000000e+03 3.543710340484322785e+01
8.077000000000000000e+03 3.543568854679267588e+01
8.078000000000000000e+03 3.543388058854044687e+01
8.079000000000000000e+03 3.543301891437684503e+01
8.080000000000000000e+03 3.542885511079044392e+01
8.081000000000000000e+03 3.542713661371589495e+01
8.082000000000000000e+03 3.542628468020707544e+01
8.083000000000000000e+03 3.542332188349361388e+01
8.084000000000000000e+03 3.542095862368799430e+01
8.085000000000000000e+03 3.542028679241742850e+01
8.086000000000000000e+03 3.541662771213412242e+01
8.087000000000000000e+03 3.541360303443226343e+01
8.088000000000000000e+03 3.541236187485590392e+01
8.089000000000000000e+03 3.541006457876401470e+01
8.090000000000000000e+03 3.540846389850194242e+01
8.091000000000000000e+03 3.540671822002762781e+01
8.092000000000000000e+03 3.540417295543113596e+01
8.093000000000000000e+03 3.540331348710810744e+01
8.094000000000000000e+03 3.540015075828856084e+01
8.095000000000000000e+03 3.539692080938073104e+01
8.096000000000000000e+03 3.539524506143831672e+01
8.097000000000000000e+03 3.539307325948269067e+01
8.098000000000000000e+03 3.539235798760714857e+01
8.099000000000000000e+03 3.538962789326841119e+01
9.000000000000000000e+03 3.367896477686756640e+01
9.001000000000000000e+03 3.367723370369588309e+01
9.002000000000000000e+03 3.367503541484474283e+01
9.003000000000000000e+03 3.367391128043044546e+01
9.004000000000000000e+03 3.367241395017148875e+01
9.005000000000000000e+03 3.367130558885029501e+01
9.006000000000000000e+03 3.366988981947218917e+01
9.007000000000000000e+03 3.366535819536344576e+01
9.008000000000000000e+03 3.366369937248553157e+01
9.009000000000000000e+03 3.366274640569348975e+01
9.010000000000000000e+03 3.366191988820108350e+01
9.011000000000000000e+03 3.366004460148614186e+01
9.012000000000000000e+03 3.365815555266118508e+01
9.013000000000000000e+03 3.365678532007655122e+01
9.014000000000000000e+03 3.365506717023718153e+01
9.015000000000000000e+03 3.365222908530819268e+01
9.016000000000000000e+03 3.365044896673260411e+01
9.017000000000000000e+03 3.364879031478182725e+01
9.018000000000000000e+03 3.364728095615913617e+01
9.019000000000000000e+03 3.364571944754564470e+01
9.020000000000000000e+03 3.364398330138450177e+01
9.021000000000000000e+03 3.364287801514390708e+01
9.022000000000000000e+03 3.364146584560812414e+01
9.023000000000000000e+03 3.363760301254557561e+01
9.024000000000000000e+03 3.363586555068802397e+01
9.025000000000000000e+03 3.363484242381782252e+01
9.026000000000000000e+03 3.363334936295414934e+01
9.027000000000000000e+03 3.363193668962770744e+01
9.028000000000000000e+03 3.363048346320704951e+01
9.029000000000000000e+03 3.362911068340626741e+01
9.030000000000000000e+03 3.362766816024691252e+01
9.031000000000000000e+03 3.362375298477331853e+01
9.032000000000000000e+03 3.362198869545835578e+01
9.033000000000000000e+03 3.362094298947765481e+01
9.034000000000000000e+03 3.361941330510181558e+01
9.035000000000000000e+03 3.361798693715340391e+01
9.036000000000000000e+03 3.361579280762185817e+01
9.037000000000000000e+03 3.361449757631784507e+01
9.038000000000000000e+03 3.361380046484762829e+01
9.039000000000000000e+03 3.360935470996209773e+01
9.040000000000000000e+03 3.360818309676289317e+01
9.041000000000000000e+03 3.360716520336607971e+01
9.042000000000000000e+03 3.360521604603805201e+01
9.043000000000000000e+03 3.360415985305743902e+01
9.044000000000000000e+03 3.360239114977915165e+01
9.045000000000000000e+03 3.360133668076954905e+01
9.046000000000000000e+03 3.359966025372575871e+01
9.047000000000000000e+03 3.359671160164779735e+01
9.048000000000000000e+03 3.359424617062729368e+01
9.049000000000000000e+03 3.359322079444092424e+01
9.050000000000000000e+03 3.359171083255679235e+01
9.051000000000000000e+03 3.358978787118817166e+01
9.052000000000000000e+03 3.358887121322911185e+01
9.053000000000000000e+03 3.358768813999743941e+01
9.054000000000000000e+03 3.358708886715277231e+01
9.055000000000000000e+03 3.358130412675196652e+01
9.056000000000000000e+03 3.358006669057692051e+01
9.057000000000000000e+03 3.357898994828322969e+01
9.058000000000000000e+03 3.357743567069604040e+01
9.059000000000000000e+03 3.357632106108183478e+01
9.060000000000000000e+03 3.357462118346833790e+01
9.061000000000000000e+03 3.357323416405048988e+01
9.062000000000000000e+03 3.357088877084356682e+01
9.063000000000000000e+03 3.356706807707684703e+01
9.064000000000000000e+03 3.356495748399136403e+01
9.065000000000000000e+03 3.356410246898503402e+01
9.066000000000000000e+03 3.356336258543380779e+01
9.067000000000000000e+03 3.356172255656345271e+01
9.068000000000000000e+03 3.356066298297278649e+01
9.069000000000000000e+03 3.355904003252786083e+01
9.070000000000000000e+03 3.355759667888285946e+01
9.071000000000000000e+03 3.355405890659159240e+01
9.072000000000000000e+03 3.355226193667014911e+01
9.073000000000000000e+03 3.355118427734200282e+01
9.074000000000000000e+03 3.354963087837624869e+01
9.075000000000000000e+03 3.354851578038724114e+01
9.076000000000000000e+03 3.354549742856478645e+01
9.077000000000000000e+03 3.354426837001737027e+01
9.078000000000000000e+03 3.354274076465620169e+01
9.079000000000000000e+03 3.353888614970276194e+01
9.080000000000000000e+03 3.353736038625077498e+01
9.081000000000000000e+03 3.353652064876376215e+01
9.082000000000000000e+03 3.353475408797045532e+01
9.083000000000000000e+03 3.353335470978656474e+01
9.084000000000000000e+03 3.353223924547096146e+01
9.085000000000000000e+03 3.353147512113240936e+01
9.086000000000000000e+03 3.353073107883206205e+01
9.087000000000000000e+03 3.352708706342134093e+01
9.088000000000000000e+03 3.352509422601084310e+01
9.089000000000000000e+03 3.352398828540859910e+01
9.090000000000000000e+03 3.352242861372541682e+01
9.091000000000000000e+03 3.352078005300317898e+01
9.092000000000000000e+03 3.351827659963803541e+01
9.093000000000000000e+03 3.351721375230270183e+01
9.094000000000000000e+03 3.351649724499038996e+01
9.095000000000000000e+03 3.351134218741562876e+01
9.096000000000000000e+03 3.351024215748633139e+01
9.097000000000000000e+03 3.350928685281490971e+01
9.098000000000000000e+03 3.350740713179997243e+01
9.099000000000000000e+03 3.350640142677357858e+01
