20000 32.67653693041883
40000 23.716829009058657
60000 19.643966253645115
80000 17.18014399191783
100000 15.48164005877666
120000 14.218587024925904
140000 13.232516500944346
160000 12.433865990911112
180000 11.765458733463763
200000 11.201796115420697
220000 10.71131058430128
240000 10.283511941164951
260000 9.905348158388684
280000 9.566731035353104
300000 9.26369850247244
320000 8.986476465313867
340000 8.732937695468346
360000 8.501180204458416
380000 8.286719355891233
400000 8.090603720628259
420000 7.906851738566881
440000 7.7349860067799145
460000 7.5738126656199
480000 7.4216670131135105
500000 7.2789995828482805
520000 7.145755545650792
540000 7.020111168198257
560000 6.901654730826149
580000 6.787815650325442
600000 6.681030675186341
620000 6.575965310081961
640000 6.4782463766905005
660000 6.3842378302787
680000 6.295334397270992
700000 6.208737209736201
720000 6.126227795199529
740000 6.04626376327604
760000 5.9715992140619125
780000 5.899468163616496
800000 5.829279893105112
820000 5.760806569768013
840000 5.695205033592246
860000 5.632921970507195
880000 5.571946308916893
900000 5.512843965509661
920000 5.455261489305565
940000 5.400132689395569
960000 5.34666950856175
980000 5.294261236965864
1000000 5.244112970717402
1020000 5.1959332879006
1040000 5.147856309958288
1060000 5.101453703044086
1080000 5.05612201935428
1100000 5.012253224243464
1120000 4.969585746535685
1140000 4.928167854225731
1160000 4.887694241664354
1180000 4.847558151919309
1200000 4.809354770164886
1220000 4.771617916332996
1240000 4.735193662567803
1260000 4.69886718501526
1280000 4.663606240341018
1300000 4.629054801788933
1320000 4.595817889006497
1340000 4.562965279046199
1360000 4.530877018368936
1380000 4.499388614581803
1400000 4.469245535378509
1420000 4.439223379345551
1440000 4.409797548623142
1460000 4.381351932090573
1480000 4.353806669229275
1500000 4.325789068477105
1520000 4.298420342578354
1540000 4.2720942851686265
1560000 4.24574487003487
1580000 4.220267968188207
1600000 4.195553944594293
1620000 4.170907581001733
1640000 4.14662038781669
1660000 4.1226598905910015
1680000 4.099585600421501
1700000 4.0762132724216364
1720000 4.0534957759007995
1740000 4.03123611715189
1760000 4.009755489643335
1780000 3.987784716764626
1800000 3.966749227453431
1820000 3.9462092637545956
1840000 3.9252801681165894
1860000 3.9050472468245183
1880000 3.8853610997190504
1900000 3.8659612808596644
1920000 3.846570238311406
1940000 3.827377132671403
1960000 3.8093506499784113
1980000 3.790825356315014
2000000 3.7727502850310013
2020000 3.754791887868872
2040000 3.737203056803634
2060000 3.719952388559677
2080000 3.7030970489130874
2100000 3.6858932841258443
2120000 3.669193313519952
2140000 3.6530210628549256
2160000 3.636559428016984
2180000 3.620758881701704
2200000 3.605229191245027
2220000 3.5897676877029783
2240000 3.57478363766012
2260000 3.5600735106024177
2280000 3.545337211689346
2300000 3.5306512959375245
2320000 3.515916351905239
2340000 3.501286039441355
2360000 3.4870308393261666
2380000 3.4732878519361714
2400000 3.4596856722611693
2420000 3.44607648134775
2440000 3.4325639523557383
2460000 3.419168083086516
2480000 3.405963738154465
2500000 3.3928426544503174
2520000 3.3800742404710737
2540000 3.3674263374127795
2560000 3.354841479298903
2580000 3.342506305594588
2600000 3.3301960402676163
2620000 3.3182738514884917
2640000 3.306144083525855
2660000 3.2944067159729813
2680000 3.282907902885802
2700000 3.271477625640087
2720000 3.259901358511624
2740000 3.2485549793605415
2760000 3.237250717844116
2780000 3.225984609182411
2800000 3.2150947911706727
2820000 3.2039975520914075
2840000 3.1929577447496644
2860000 3.182306909993497
2880000 3.1718029468017344
2900000 3.1611662557018536
2920000 3.150662893186577
2940000 3.1402356271951763
2960000 3.129982516391722
2980000 3.1199598506735957
3000000 3.1098111641639803
3020000 3.1002005745066707
3040000 3.0905633069710845
3060000 3.0809052252746336
3080000 3.071199808664649
3100000 3.061559635608558
3120000 3.0521993653301385
3140000 3.04274474010903
3160000 3.0336061663020573
3180000 3.024546589234499
3200000 3.0154488464925664
3220000 3.0065026550301326
3240000 2.9978030649124876
3260000 2.988979050440141
3280000 2.9802563544583602
3300000 2.9715557901565193
3320000 2.962996036308394
3340000 2.9542450955154393
3360000 2.9456032301829813
3380000 2.9371819038065063
3400000 2.9289103472790816
3420000 2.92064507479488
3440000 2.9122786648615793
3460000 2.9041735870127003
3480000 2.8963235426706584
3500000 2.888345069957583
3520000 2.880298441130755
3540000 2.872485520732838
3560000 2.864704201984031
3580000 2.856936585646185
3600000 2.8494529929180388
3620000 2.841672026409204
3640000 2.834171366768608
3660000 2.826628722004408
3680000 2.81908589593409
3700000 2.8116910399231387
3720000 2.804361134932554
3740000 2.797233209838623
3760000 2.790221539169407
3780000 2.7831407320651813
3800000 2.776186228532689
3820000 2.7692561039593357
3840000 2.7623047964153575
3860000 2.7555756914494887
3880000 2.7485563091412417
3900000 2.7418669148595387
3920000 2.7351617050614427
3940000 2.728520113297204
3960000 2.7217281446570523
3980000 2.7152401856601602
4000000 2.708617941826493
4020000 2.7020936130128317
4040000 2.6955257586466974
4060000 2.6892360932318873
4080000 2.682917572163549
4100000 2.6765624894391467
4120000 2.670266052493148
4140000 2.6641100751528253
4160000 2.65800703473555
4180000 2.651831394323763
4200000 2.6458404202519894
4220000 2.6400330284719224
4240000 2.63390830471055
4260000 2.6280023114846083
4280000 2.6220093553433066
4300000 2.616098858511135
4320000 2.6102581518712973
4340000 2.6043730326506473
4360000 2.5986337485998683
4380000 2.593148568117251
4400000 2.587519170505019
4420000 2.5819748877805697
4440000 2.5761189253387373
4460000 2.5704985543545678
4480000 2.5649670063255456
4500000 2.559485740082201
4520000 2.5538238974866374
4540000 2.5483567668412106
4560000 2.542864281802223
4580000 2.5375674817632503
4600000 2.532482918319209
4620000 2.5272278078659944
4640000 2.5220088405584633
4660000 2.516800630393001
4680000 2.5113945816907366
4700000 2.506252285773355
4720000 2.501064825459303
4740000 2.4959124205870364
4760000 2.4908724899837424
4780000 2.485733728763154
4800000 2.480841615295122
4820000 2.475816407102516
4840000 2.4709459413445054
4860000 2.466082867275473
4880000 2.46134313072921
4900000 2.4565666376606927
4920000 2.4518518933849283
4940000 2.446935078334775
4960000 2.442187443343734
4980000 2.4374288466459193
5000000 2.4327110762897157
5020000 2.4280130300906344
5040000 2.4234286546730046
5060000 2.4187035164913793
5080000 2.414098284513023
5100000 2.4095675185210492
5120000 2.405066118588204
5140000 2.4005962359330684
5160000 2.396158992073113
5180000 2.3917783139567472
5200000 2.387435281976343
5220000 2.382968931188688
5240000 2.378557126244595
5260000 2.3742961242349403
5280000 2.3699375812993053
5300000 2.365595016012494
5320000 2.3613186930955155
5340000 2.356949848558909
5360000 2.3528071999057367
5380000 2.3485659698157813
5400000 2.344377809053346
5420000 2.3401790240734046
5440000 2.3359739933467885
5460000 2.331815131573697
5480000 2.3277458634424404
5500000 2.323629331177654
5520000 2.319623044976851
5540000 2.3154805174806414
5560000 2.3115716101387194
5580000 2.307588865607383
5600000 2.3035565043575503
5620000 2.2996615819987176
5640000 2.2956977057583607
5660000 2.2919373704709245
5680000 2.2879073112643438
5700000 2.2840328076061867
5720000 2.280352852447335
5740000 2.2764193797533117
5760000 2.272704515846521
5780000 2.2689411517189164
5800000 2.2651662230679954
5820000 2.2614794325265013
5840000 2.2577560189312043
5860000 2.2540953611199788
5880000 2.250428353368631
5900000 2.2467386299467544
5920000 2.243143709903227
5940000 2.2394796428451222
5960000 2.2357645806736044
5980000 2.2321945963390273
6000000 2.22856150593337
6020000 2.2250091824040616
6040000 2.2215623055441918
6060000 2.218066819288299
6080000 2.2145494727041064
6100000 2.210986004929338
6120000 2.2073949051814696
6140000 2.203938462666415
6160000 2.2003587714980397
6180000 2.1968841377006396
6200000 2.1934416951236506
6220000 2.1900387559580667
6240000 2.186595571072919
6260000 2.1833562441157692
6280000 2.180056752072483
6300000 2.1767603521175456
6320000 2.1734559980130492
6340000 2.170185794706742
6360000 2.1669028665103354
6380000 2.163684302506274
6400000 2.1604375372147775
6420000 2.1572285310989794
6440000 2.1539557002855774
6460000 2.1507075914784384
6480000 2.1473773599066623
6500000 2.144233189149356
6520000 2.1411647803123093
6540000 2.137997892146823
6560000 2.134772325867034
6580000 2.131697115445747
6600000 2.128581739761731
6620000 2.125558974889334
6640000 2.122359445892097
6660000 2.119212474588374
6680000 2.1161270630224926
6700000 2.113008308162369
6720000 2.1099361673393684
6740000 2.1069266396598016
6760000 2.1038415917987656
6780000 2.10075519759506
6800000 2.0977345536492416
6820000 2.0947739395486393
6840000 2.0918819766570156
6860000 2.0889719149905512
6880000 2.085996478540748
6900000 2.083085200135298
6920000 2.0801611322143736
6940000 2.0773261860324523
6960000 2.0745473435954436
6980000 2.071596450940219
7000000 2.0688526671217855
7020000 2.0660200292136186
7040000 2.063066972482298
7060000 2.060220401937953
7080000 2.0574446840583285
7100000 2.0546751832107417
7120000 2.0519067941078304
7140000 2.049213956151282
7160000 2.0463222737431095
7180000 2.043546536647569
7200000 2.0409606141404275
7220000 2.0381454659390785
7240000 2.035352373711634
7260000 2.0325445066925916
7280000 2.0298220760677927
7300000 2.027067136078659
7320000 2.0244887982766175
7340000 2.0218573107122766
7360000 2.0191490244325294
7380000 2.0165463329864117
7400000 2.013811579967295
7420000 2.0111581512342953
7440000 2.0085547578401486
7460000 2.005944060411289
7480000 2.0033240561572856
7500000 2.000818633417107
7520000 1.9981931350287725
7540000 1.9956918673028026
7560000 1.9930313549338108
7580000 1.99035220085528
7600000 1.9877913702270789
7620000 1.9852812592212017
7640000 1.9828639357019822
7660000 1.9803117230538312
7680000 1.9778755575400548
7700000 1.9753913289988145
7720000 1.97286078834801
7740000 1.9704188241222103
7760000 1.967948651862578
7780000 1.965488706948779
7800000 1.9630174985582591
7820000 1.9605735702039793
7840000 1.9581337285414306
7860000 1.9556975672089727
7880000 1.9533828559808062
7900000 1.9509382653036622
7920000 1.9485695293471166
7940000 1.9461182688278944
7960000 1.9438247433927023
7980000 1.941496423593799
8000000 1.939140724374652
8020000 1.9368940563719097
8040000 1.93455617436211
8060000 1.9321377974409661
8080000 1.9298886585331652
8100000 1.9276477053760468
8120000 1.9253011285313255
8140000 1.922954915896472
8160000 1.920663925318111
8180000 1.9183268426685551
8200000 1.9160809445590368
8220000 1.9138304410168854
8240000 1.9116240678670968
8260000 1.909429120481194
8280000 1.9071959310077424
8300000 1.9050157070017657
8320000 1.9027869556413326
8340000 1.9005381165087005
8360000 1.8983346392760474
8380000 1.8962474142355954
8400000 1.8940762472950483
8420000 1.8918908509501922
8440000 1.8897269942939354
8460000 1.887649633914883
8480000 1.8854863030896634
8500000 1.8832373906916189
8520000 1.8810790718132053
8540000 1.878998186315473
8560000 1.8768963153382867
8580000 1.8746552563857126
8600000 1.872661233479088
8620000 1.8705747193288274
8640000 1.8684318099252797
8660000 1.8663044296054123
8680000 1.8642043032590851
8700000 1.862063258001841
8720000 1.8599854656180288
8740000 1.8579754576691654
8760000 1.8558969806239252
8780000 1.853830088148772
8800000 1.8518096692652348
8820000 1.849784462288792
8840000 1.8477554288769433
8860000 1.8457067023843565
8880000 1.8435534945165968
8900000 1.8415505776369054
8920000 1.8395329343992577
8940000 1.837572741554706
8960000 1.8357200189227538
8980000 1.833755623569457
9000000 1.831701520112923
9020000 1.8297323384764066
9040000 1.8277943562031629
9060000 1.8258681212698311
9080000 1.8239047056414923
9100000 1.8218847942674574
9120000 1.8199382592678768
9140000 1.8179507528307826
9160000 1.8159803223961088
9180000 1.81405520061191
9200000 1.8121697153378136
9220000 1.8103495313725602
9240000 1.8085004230937822
9260000 1.806604695132926
9280000 1.8047693945470522
9300000 1.802846467920363
9320000 1.8009908728181858
9340000 1.7991358220333875
9360000 1.797306509844001
9380000 1.795473331531902
9400000 1.7936277928724673
9420000 1.791786898029283
9440000 1.7899414396294175
9460000 1.7880791050022364
9480000 1.786282213694286
9500000 1.7844187502671383
9520000 1.7825133537360873
9540000 1.7806847087461504
9560000 1.7788133801500492
9580000 1.7770236031177418
9600000 1.775293282758899
9620000 1.773494402554137
9640000 1.7717582839199972
9660000 1.7699845064599022
9680000 1.7682838503008385
9700000 1.7665251748174924
9720000 1.7647174919792392
9740000 1.762918739789087
9760000 1.7611873797285036
9780000 1.7594471862659586
9800000 1.7575775410491852
9820000 1.7558079064365275
9840000 1.7539410738577617
9860000 1.7522547637872
9880000 1.750543361213641
9900000 1.748788100927482
9920000 1.7470597205183696
9940000 1.745388456310032
9960000 1.7437097195633813
9980000 1.742076422365153
10000000 1.7403302631918685
10020000 1.7386356379508985
10040000 1.7370101895737167
10060000 1.735305398499532
10080000 1.7336331693389648
10100000 1.7319022593442943
10120000 1.7303091694658728
10140000 1.7286458261741244
10160000 1.7269705890033593
10180000 1.7252995448010648
10200000 1.723654630275807
10220000 1.7220415744164803
10240000 1.720452051706602
10260000 1.7188097686529187
10280000 1.7171887764977947
10300000 1.7155629092525406
10320000 1.7139673106286715
10340000 1.712287332165806
10360000 1.7106538396921507
10380000 1.7090311074791564
10400000 1.7075094085277518
10420000 1.705964978082735
10440000 1.7043682142536731
10460000 1.7028302363346337
10480000 1.70127835480746
10500000 1.699672825419193
10520000 1.6981264550774264
10540000 1.6965701987389783
10560000 1.6950179567503312
10580000 1.6934210158830187
10600000 1.691947681007013
10620000 1.6903565977506538
10640000 1.688839081549609
10660000 1.687237083305017
10680000 1.685689801996961
10700000 1.6841886336338026
10720000 1.6826139763859393
10740000 1.6811688257576394
10760000 1.6796495107652063
10780000 1.678104271581751
10800000 1.6765787584404532
10820000 1.6750444230768309
10840000 1.673642178952477
10860000 1.6722113446809215
10880000 1.670743818804957
10900000 1.6692645446362724
10920000 1.6677351237687357
10940000 1.6663067234282347
10960000 1.6648363515783111
10980000 1.6633419653112618
11000000 1.6618955120509917
11020000 1.6604741412216464
11040000 1.6590974011435948
