3.200000000000000000e+01 9.060499918365756002e+02
5.400000000000000000e+01 3.425381152792356829e+02
7.600000000000000000e+01 2.646440191105407393e+02
9.800000000000000000e+01 2.251181394541234226e+02
1.000000000000000000e+03 6.915375402300882968e+01
1.022000000000000000e+03 6.844130805693282582e+01
1.044000000000000000e+03 6.775231422326488939e+01
1.066000000000000000e+03 6.709177583919644405e+01
1.088000000000000000e+03 6.644914495932829368e+01
2.012000000000000000e+03 4.973253587560817834e+01
2.034000000000000000e+03 4.947627068690560748e+01
2.056000000000000000e+03 4.922391175517538642e+01
2.078000000000000000e+03 4.897910591772017597e+01
3.002000000000000000e+03 4.118637667294412097e+01
3.024000000000000000e+03 4.104611523894143943e+01
3.046000000000000000e+03 4.090686788735357027e+01
3.068000000000000000e+03 4.076778092890909733e+01
3.090000000000000000e+03 4.063164361654931156e+01
4.014000000000000000e+03 3.593760353991829959e+01
4.036000000000000000e+03 3.584621602003800689e+01
4.058000000000000000e+03 3.575588076170487284e+01
4.080000000000000000e+03 3.566411564752357322e+01
5.004000000000000000e+03 3.240820272121844425e+01
5.026000000000000000e+03 3.234289573400089068e+01
5.048000000000000000e+03 3.227550091315066538e+01
5.070000000000000000e+03 3.220896428082547658e+01
5.092000000000000000e+03 3.214378713246419750e+01
6.016000000000000000e+03 2.972522391816421106e+01
6.038000000000000000e+03 2.967353087238958409e+01
6.060000000000000000e+03 2.962226993904470618e+01
6.082000000000000000e+03 2.957258698156445220e+01
7.006000000000000000e+03 2.767613952414615142e+01
7.028000000000000000e+03 2.763405970393054645e+01
7.050000000000000000e+03 2.759406036439108689e+01
7.072000000000000000e+03 2.755387529071988695e+01
7.094000000000000000e+03 2.751337495280793632e+01
8.018000000000000000e+03 2.597452329395797577e+01
8.040000000000000000e+03 2.594181101106915577e+01
8.062000000000000000e+03 2.590805070904293572e+01
8.084000000000000000e+03 2.587377740205568699e+01
9.008000000000000000e+03 2.459491041432055880e+01
9.030000000000000000e+03 2.456698836286982512e+01
9.052000000000000000e+03 2.453925597655958768e+01
9.074000000000000000e+03 2.451172526417602171e+01
9.096000000000000000e+03 2.448371218605413091e+01
1.002000000000000000e+04 2.339177049593290647e+01
1.004200000000000000e+04 2.336767188804515882e+01
1.006400000000000000e+04 2.334265100118766512e+01
1.008600000000000000e+04 2.332000482496837890e+01
1.101000000000000000e+04 2.238156332377533175e+01
1.103200000000000000e+04 2.236117312056953566e+01
1.105400000000000000e+04 2.234202410556548202e+01
1.107600000000000000e+04 2.231890233702299042e+01
1.109800000000000000e+04 2.229750485582965069e+01
1.200000000000000000e+04 2.149780027118879033e+01
1.202200000000000000e+04 2.147953185212325167e+01
1.204400000000000000e+04 2.146080726333167377e+01
1.206600000000000000e+04 2.144183206934869901e+01
1.208800000000000000e+04 2.142302040278376296e+01
1.301200000000000000e+04 2.069571885790694665e+01
1.303400000000000000e+04 2.067714606117782239e+01
1.305600000000000000e+04 2.066239626844699018e+01
1.307800000000000000e+04 2.064456433203307029e+01
1.400200000000000000e+04 1.999538719745367388e+01
1.402400000000000000e+04 1.998026726481682758e+01
1.404600000000000000e+04 1.996397077418474097e+01
1.406800000000000000e+04 1.995053744840273779e+01
1.409000000000000000e+04 1.993824812009273728e+01
1.501400000000000000e+04 1.934961347781484164e+01
1.503600000000000000e+04 1.933623546660674108e+01
1.505800000000000000e+04 1.932298135188337440e+01
1.508000000000000000e+04 1.930778130542506688e+01
1.600400000000000000e+04 1.877529223963785654e+01
1.602600000000000000e+04 1.876260657494172079e+01
1.604800000000000000e+04 1.875086270191282267e+01
1.607000000000000000e+04 1.873902302259088870e+01
1.609200000000000000e+04 1.872633663599100373e+01
1.701600000000000000e+04 1.824063014361367507e+01
1.703800000000000000e+04 1.822993563710809184e+01
1.706000000000000000e+04 1.821820730519316811e+01
1.708200000000000000e+04 1.820774801700681067e+01
1.800600000000000000e+04 1.776294978712993355e+01
1.802800000000000000e+04 1.775200120585763131e+01
1.805000000000000000e+04 1.774180690830384677e+01
1.807200000000000000e+04 1.773071568194168535e+01
1.809400000000000000e+04 1.772091772582019331e+01
1.901800000000000000e+04 1.730992392191123486e+01
1.904000000000000000e+04 1.730154676665590685e+01
1.906200000000000000e+04 1.729112697032583768e+01
1.908400000000000000e+04 1.728225480493225064e+01
2.000800000000000000e+04 1.690085362978236816e+01
2.003000000000000000e+04 1.689263597629966895e+01
2.005200000000000000e+04 1.688340601389149498e+01
2.007400000000000000e+04 1.687399258761674048e+01
2.009600000000000000e+04 1.686576626082416652e+01
2.102000000000000000e+04 1.651357777087304513e+01
2.104200000000000000e+04 1.650559592156838207e+01
2.106400000000000000e+04 1.649670056784772498e+01
2.108600000000000000e+04 1.648900144932297707e+01
2.201000000000000000e+04 1.615872013389915196e+01
2.203200000000000000e+04 1.615132906868896612e+01
2.205400000000000000e+04 1.614386069134523538e+01
2.207600000000000000e+04 1.613625451966890978e+01
2.209800000000000000e+04 1.612887989796942634e+01
2.300000000000000000e+04 1.582638670565016170e+01
2.302200000000000000e+04 1.581935299741291345e+01
2.304400000000000000e+04 1.581215002653728163e+01
2.306600000000000000e+04 1.580514863983802343e+01
2.308800000000000000e+04 1.579801373280417920e+01
2.401200000000000000e+04 1.550824868452960814e+01
2.403400000000000000e+04 1.550153335491750006e+01
2.405600000000000000e+04 1.549478287082081707e+01
2.407800000000000000e+04 1.548831933378811598e+01
2.500200000000000000e+04 1.521569748685644896e+01
2.502400000000000000e+04 1.520940657038139499e+01
2.504600000000000000e+04 1.520307022485143911e+01
2.506800000000000000e+04 1.519644480213352011e+01
2.509000000000000000e+04 1.519031795151906827e+01
2.601400000000000000e+04 1.493407415984088082e+01
2.603600000000000000e+04 1.492787429957473400e+01
2.605800000000000000e+04 1.492204010139647963e+01
2.608000000000000000e+04 1.491603504758870535e+01
2.700400000000000000e+04 1.467290813481175427e+01
2.702600000000000000e+04 1.466745574696979659e+01
2.704800000000000000e+04 1.466165717579310446e+01
2.707000000000000000e+04 1.465623779868646182e+01
2.709200000000000000e+04 1.465068937885930822e+01
2.801600000000000000e+04 1.442172292895845587e+01
2.803800000000000000e+04 1.441633096266389202e+01
2.806000000000000000e+04 1.441091621419109181e+01
2.808200000000000000e+04 1.440562706000735460e+01
2.900600000000000000e+04 1.418748534050018684e+01
2.902800000000000000e+04 1.418274457741349792e+01
2.905000000000000000e+04 1.417808232083518760e+01
2.907200000000000000e+04 1.417235232642169329e+01
2.909400000000000000e+04 1.416819179394819628e+01
3.001800000000000000e+04 1.396208209068036510e+01
3.004000000000000000e+04 1.395728613530117457e+01
3.006200000000000000e+04 1.395339988033401823e+01
3.008400000000000000e+04 1.394768324082967048e+01
3.100800000000000000e+04 1.374938781074760108e+01
3.103000000000000000e+04 1.374459719684673686e+01
3.105200000000000000e+04 1.374057374786075236e+01
3.107400000000000000e+04 1.373603900345722018e+01
3.109600000000000000e+04 1.373146461992491751e+01
3.202000000000000000e+04 1.354400399192978810e+01
3.204200000000000000e+04 1.353967835692700206e+01
3.206400000000000000e+04 1.353536287521932557e+01
3.208600000000000000e+04 1.353102798838813925e+01
3.301000000000000000e+04 1.335034191732772868e+01
3.303200000000000000e+04 1.334618594546357606e+01
3.305400000000000000e+04 1.334179941856440088e+01
3.307600000000000000e+04 1.333779127694799804e+01
3.309800000000000000e+04 1.333374546154984230e+01
3.400000000000000000e+04 1.316587010378724187e+01
3.402200000000000000e+04 1.316234949043773916e+01
3.404400000000000000e+04 1.315773764843749838e+01
3.406600000000000000e+04 1.315422524146298677e+01
3.408800000000000000e+04 1.315003054300177787e+01
3.501200000000000000e+04 1.298504823798247898e+01
3.503400000000000000e+04 1.298120453018757914e+01
3.505600000000000000e+04 1.297739031689496336e+01
3.507800000000000000e+04 1.297369421938487122e+01
3.600200000000000000e+04 1.281668085242508504e+01
3.602400000000000000e+04 1.281263141021690899e+01
3.604600000000000000e+04 1.280914946310190494e+01
3.606800000000000000e+04 1.280511111357886733e+01
3.609000000000000000e+04 1.280218468243301722e+01
3.701400000000000000e+04 1.265049946137636994e+01
3.703600000000000000e+04 1.264684303002706578e+01
3.705800000000000000e+04 1.264243972244790015e+01
3.708000000000000000e+04 1.263953848919106093e+01
3.800400000000000000e+04 1.249446317464533074e+01
3.802600000000000000e+04 1.249125953800847100e+01
3.804800000000000000e+04 1.248807925650426576e+01
3.807000000000000000e+04 1.248480770209300417e+01
3.809200000000000000e+04 1.248096218478557162e+01
3.901600000000000000e+04 1.233955910202244333e+01
3.903800000000000000e+04 1.233614020391039645e+01
3.906000000000000000e+04 1.233321809257816071e+01
3.908200000000000000e+04 1.232974864402616433e+01
4.000600000000000000e+04 1.219464815983417338e+01
4.002800000000000000e+04 1.219128312523939428e+01
4.005000000000000000e+04 1.218839993710915337e+01
4.007200000000000000e+04 1.218453950714675393e+01
4.009400000000000000e+04 1.218191117877077190e+01
4.101800000000000000e+04 1.205239707503302782e+01
4.104000000000000000e+04 1.204937396223342816e+01
4.106200000000000000e+04 1.204593424979084482e+01
4.108400000000000000e+04 1.204345041266297400e+01
4.200800000000000000e+04 1.191775621789790307e+01
4.203000000000000000e+04 1.191433664610926435e+01
4.205200000000000000e+04 1.191142124638986033e+01
4.207400000000000000e+04 1.190847479229393002e+01
4.209600000000000000e+04 1.190554981527936995e+01
4.302000000000000000e+04 1.178428502908734998e+01
4.304200000000000000e+04 1.178090326209330740e+01
4.306400000000000000e+04 1.177852017844896437e+01
4.308600000000000000e+04 1.177516738161743071e+01
4.401000000000000000e+04 1.165839530854948869e+01
4.403200000000000000e+04 1.165514480196537050e+01
4.405400000000000000e+04 1.165289673875664533e+01
4.407600000000000000e+04 1.164958326783628095e+01
4.409800000000000000e+04 1.164772644655282541e+01
4.500000000000000000e+04 1.153634297391703711e+01
4.502200000000000000e+04 1.153354140689857843e+01
4.504400000000000000e+04 1.153077915308682400e+01
4.506600000000000000e+04 1.152808198937625761e+01
4.508800000000000000e+04 1.152533700335460942e+01
4.601200000000000000e+04 1.141560484981409296e+01
4.603400000000000000e+04 1.141350210180496560e+01
4.605600000000000000e+04 1.141115286410350649e+01
4.607800000000000000e+04 1.140834492732309258e+01
4.700200000000000000e+04 1.130153106650617545e+01
4.702400000000000000e+04 1.129903290244505421e+01
4.704600000000000000e+04 1.129644381848300583e+01
4.706800000000000000e+04 1.129393455036539073e+01
4.709000000000000000e+04 1.129142609076653514e+01
4.801400000000000000e+04 1.118929012573849135e+01
4.803600000000000000e+04 1.118705733594903506e+01
4.805800000000000000e+04 1.118517108346150835e+01
4.808000000000000000e+04 1.118195430763488041e+01
4.900400000000000000e+04 1.108173001396854040e+01
4.902600000000000000e+04 1.108005458722406367e+01
4.904800000000000000e+04 1.107740853456536456e+01
4.907000000000000000e+04 1.107524420408989840e+01
4.909200000000000000e+04 1.107300858707326263e+01
5.001600000000000000e+04 1.097644911089008168e+01
5.003800000000000000e+04 1.097331886133681245e+01
5.006000000000000000e+04 1.097159499772655877e+01
5.008200000000000000e+04 1.096928086696523508e+01
5.100600000000000000e+04 1.087509810862017723e+01
5.102800000000000000e+04 1.087325006878984368e+01
5.105000000000000000e+04 1.087052421324977836e+01
5.107200000000000000e+04 1.086878767371325694e+01
5.109400000000000000e+04 1.086688300448929745e+01
5.201800000000000000e+04 1.077544460892592504e+01
5.204000000000000000e+04 1.077350675466645669e+01
5.206200000000000000e+04 1.077115940598194399e+01
5.208400000000000000e+04 1.076887527236819864e+01
5.300800000000000000e+04 1.068019215428863689e+01
5.303000000000000000e+04 1.067827089608670299e+01
5.305200000000000000e+04 1.067585646743578742e+01
5.307400000000000000e+04 1.067401430348547287e+01
5.309600000000000000e+04 1.067164420723000084e+01
5.402000000000000000e+04 1.058507706417749894e+01
5.404200000000000000e+04 1.058334837359376124e+01
5.406400000000000000e+04 1.058145757006278664e+01
5.408600000000000000e+04 1.057950192521901478e+01
5.501000000000000000e+04 1.049457560055247640e+01
5.503200000000000000e+04 1.049275981464391805e+01
5.505400000000000000e+04 1.049100026302840583e+01
5.507600000000000000e+04 1.048909158106861028e+01
5.509800000000000000e+04 1.048722477124388419e+01
5.600000000000000000e+04 1.040735065921411717e+01
5.602200000000000000e+04 1.040545591012187465e+01
5.604400000000000000e+04 1.040359235251003334e+01
5.606600000000000000e+04 1.040175371928264525e+01
5.608800000000000000e+04 1.039981982158563056e+01
5.701200000000000000e+04 1.031920448180470196e+01
5.703400000000000000e+04 1.031738230658005051e+01
5.705600000000000000e+04 1.031556399433824112e+01
5.707800000000000000e+04 1.031373727503737925e+01
5.800200000000000000e+04 1.023594947171808656e+01
5.802400000000000000e+04 1.023406113609089552e+01
5.804600000000000000e+04 1.023219288369823943e+01
5.806800000000000000e+04 1.023031798222891453e+01
5.809000000000000000e+04 1.022848388682195164e+01
5.901400000000000000e+04 1.015237665061034278e+01
5.903600000000000000e+04 1.015059112780610917e+01
5.905800000000000000e+04 1.014883841575886514e+01
5.908000000000000000e+04 1.014705957095121747e+01
6.000400000000000000e+04 1.007263527819372229e+01
6.002600000000000000e+04 1.007089419485321358e+01
6.004800000000000000e+04 1.006913296662074764e+01
6.007000000000000000e+04 1.006734253251506317e+01
6.009200000000000000e+04 1.006525504902410262e+01
6.101600000000000000e+04 9.993242537561297212e+00
6.103800000000000000e+04 9.991505281480572265e+00
6.106000000000000000e+04 9.989763121668573831e+00
6.108200000000000000e+04 9.988047233591796470e+00
6.200600000000000000e+04 9.917392173650553033e+00
6.202800000000000000e+04 9.915773073953580763e+00
6.205000000000000000e+04 9.914128521551379691e+00
6.207200000000000000e+04 9.912464131391805822e+00
6.209400000000000000e+04 9.910773062667114885e+00
6.301800000000000000e+04 9.841804191451707595e+00
6.304000000000000000e+04 9.840195109133990314e+00
6.306200000000000000e+04 9.838577284388851041e+00
6.308400000000000000e+04 9.836961601637277397e+00
6.400800000000000000e+04 9.769646545617614919e+00
6.403000000000000000e+04 9.768072478338279296e+00
6.405200000000000000e+04 9.766516500123351818e+00
6.407400000000000000e+04 9.764892056331483161e+00
6.409600000000000000e+04 9.763324218433620416e+00
6.502000000000000000e+04 9.697503045678807609e+00
6.504200000000000000e+04 9.695926583733523785e+00
6.506400000000000000e+04 9.694403055195882857e+00
6.508600000000000000e+04 9.692831526721043645e+00
6.601000000000000000e+04 9.628404445426387070e+00
6.603200000000000000e+04 9.626889454131413615e+00
6.605400000000000000e+04 9.625355739757671003e+00
6.607600000000000000e+04 9.623869672884852733e+00
6.609800000000000000e+04 9.622372394162184150e+00
6.700000000000000000e+04 9.560865597882575173e+00
6.702200000000000000e+04 9.559357768528101928e+00
6.704400000000000000e+04 9.557843973775097979e+00
6.706600000000000000e+04 9.556325013414369351e+00
6.708800000000000000e+04 9.554821483728765941e+00
6.801200000000000000e+04 9.493265198671501537e+00
6.803400000000000000e+04 9.491800301701060150e+00
6.805600000000000000e+04 9.490338680510884473e+00
6.807800000000000000e+04 9.488879787829738177e+00
6.900200000000000000e+04 9.428693634209027508e+00
6.902400000000000000e+04 9.427272321743169314e+00
6.904600000000000000e+04 9.425877380842464959e+00
6.906800000000000000e+04 9.424452451069619485e+00
6.909000000000000000e+04 9.423002005716295315e+00
7.001400000000000000e+04 9.364025183246271311e+00
7.003600000000000000e+04 9.362634723710671736e+00
7.005800000000000000e+04 9.361219045407137784e+00
7.008000000000000000e+04 9.359817903640848868e+00
7.100400000000000000e+04 9.302015748018988006e+00
7.102600000000000000e+04 9.300627885929378280e+00
7.104800000000000000e+04 9.299279549194150007e+00
7.107000000000000000e+04 9.297931797828209000e+00
7.109200000000000000e+04 9.296534488482706138e+00
7.201600000000000000e+04 9.239906498312267402e+00
7.203800000000000000e+04 9.238596438552113099e+00
7.206000000000000000e+04 9.237282192947208870e+00
7.208200000000000000e+04 9.235972703033548115e+00
7.300600000000000000e+04 9.180470876349499321e+00
7.302800000000000000e+04 9.179148519944265061e+00
7.305000000000000000e+04 9.177844750546876540e+00
7.307200000000000000e+04 9.176571304876965485e+00
7.309400000000000000e+04 9.175269752638183007e+00
7.401800000000000000e+04 9.120765416686973381e+00
7.404000000000000000e+04 9.119498274209993482e+00
7.406200000000000000e+04 9.118259086542822800e+00
7.408400000000000000e+04 9.116975255453994009e+00
7.500800000000000000e+04 9.063545509661370403e+00
7.503000000000000000e+04 9.062261886898088648e+00
7.505200000000000000e+04 9.060998541662289796e+00
7.507400000000000000e+04 9.059761219425414680e+00
7.509600000000000000e+04 9.058528692243308811e+00
7.602000000000000000e+04 9.006329305851441092e+00
7.604200000000000000e+04 9.005070203333163548e+00
7.606400000000000000e+04 9.003829757254283805e+00
7.608600000000000000e+04 9.002614687396597759e+00
7.701000000000000000e+04 8.951297561573372974e+00
7.703200000000000000e+04 8.950064223645046724e+00
7.705400000000000000e+04 8.948841530753686158e+00
7.707600000000000000e+04 8.947644057419640973e+00
7.709800000000000000e+04 8.946417169493889432e+00
7.800000000000000000e+04 8.897378923688421537e+00
7.802200000000000000e+04 8.896178342290992802e+00
7.804400000000000000e+04 8.894957530480615659e+00
7.806600000000000000e+04 8.893741201811641517e+00
7.808800000000000000e+04 8.892571773784908373e+00
7.901200000000000000e+04 8.843082807363051856e+00
7.903400000000000000e+04 8.841890959304254949e+00
7.905600000000000000e+04 8.840717109974796983e+00
7.907800000000000000e+04 8.839588808860801450e+00
8.000200000000000000e+04 8.791113148468944871e+00
8.002400000000000000e+04 8.789957545821017959e+00
8.004600000000000000e+04 8.788838743898693906e+00
8.006800000000000000e+04 8.787702425525072414e+00
8.009000000000000000e+04 8.786594373844046402e+00
8.101400000000000000e+04 8.738924688743974656e+00
8.103600000000000000e+04 8.737820806320037548e+00
8.105800000000000000e+04 8.736673510335922543e+00
8.108000000000000000e+04 8.735545516342604344e+00
8.200400000000000000e+04 8.688895261545411586e+00
8.202600000000000000e+04 8.687801281416074772e+00
8.204800000000000000e+04 8.686699166183755594e+00
8.207000000000000000e+04 8.685577108343371933e+00
8.209200000000000000e+04 8.684497872893958359e+00
8.301600000000000000e+04 8.638610232799864619e+00
8.303800000000000000e+04 8.637533087638626483e+00
8.306000000000000000e+04 8.636469292111808471e+00
8.308200000000000000e+04 8.635397364245557483e+00
8.400600000000000000e+04 8.590381854837387365e+00
8.402800000000000000e+04 8.589317431544511550e+00
8.405000000000000000e+04 8.588273216651714392e+00
8.407200000000000000e+04 8.587201407312738510e+00
8.409400000000000000e+04 8.586144524314457627e+00
8.501800000000000000e+04 8.541886850154327249e+00
8.504000000000000000e+04 8.540839910223960274e+00
8.506200000000000000e+04 8.539807482949862916e+00
8.508400000000000000e+04 8.538769647750296343e+00
8.600800000000000000e+04 8.495237931136884413e+00
8.603000000000000000e+04 8.494206747248430389e+00
8.605200000000000000e+04 8.493176533899266190e+00
8.607400000000000000e+04 8.492127450573310199e+00
8.609600000000000000e+04 8.491088390997816759e+00
8.702000000000000000e+04 8.448238715242721852e+00
8.704200000000000000e+04 8.447224628131355217e+00
8.706400000000000000e+04 8.446229030224341017e+00
8.708600000000000000e+04 8.445212698602793111e+00
8.801000000000000000e+04 8.403085389798999216e+00
8.803200000000000000e+04 8.402063632647752911e+00
8.805400000000000000e+04 8.401051792532104656e+00
8.807600000000000000e+04 8.400079383746817285e+00
8.809800000000000000e+04 8.399110237689363601e+00
8.900000000000000000e+04 8.358693994235226299e+00
8.902200000000000000e+04 8.357706817782812436e+00
8.904400000000000000e+04 8.356734344281870008e+00
8.906600000000000000e+04 8.355755789344240014e+00
8.908800000000000000e+04 8.354772311456734712e+00
9.001200000000000000e+04 8.314149142757424116e+00
9.003400000000000000e+04 8.313198909241259926e+00
9.005600000000000000e+04 8.312230197843163637e+00
9.007800000000000000e+04 8.311263243986642735e+00
9.100200000000000000e+04 8.271150694804093817e+00
9.102400000000000000e+04 8.270216530507935815e+00
9.104600000000000000e+04 8.269230295929389740e+00
9.106800000000000000e+04 8.268296661215115861e+00
9.109000000000000000e+04 8.267384018331613404e+00
9.201400000000000000e+04 8.227984272569404567e+00
9.203600000000000000e+04 8.227049941609982042e+00
9.205800000000000000e+04 8.226110402855416837e+00
9.208000000000000000e+04 8.225188825335632004e+00
9.300400000000000000e+04 8.186410640863691413e+00
9.302600000000000000e+04 8.185517792371779677e+00
9.304800000000000000e+04 8.184615667929694638e+00
9.307000000000000000e+04 8.183663507577840335e+00
9.309200000000000000e+04 8.182738972701125491e+00
9.401600000000000000e+04 8.144611836218176748e+00
9.403800000000000000e+04 8.143731275624537247e+00
9.406000000000000000e+04 8.142836577707162959e+00
9.408200000000000000e+04 8.141930870699141565e+00
9.500600000000000000e+04 8.104432626818597996e+00
9.502800000000000000e+04 8.103544178570746936e+00
9.505000000000000000e+04 8.102650320046283383e+00
9.507200000000000000e+04 8.101784804318089783e+00
9.509400000000000000e+04 8.100910343894916821e+00
9.601800000000000000e+04 8.063883720774889241e+00
9.604000000000000000e+04 8.063007661370342305e+00
9.606200000000000000e+04 8.062149197550155577e+00
9.608400000000000000e+04 8.061267143267729196e+00
9.700800000000000000e+04 8.024785114128693664e+00
9.703000000000000000e+04 8.023906704675820123e+00
9.705200000000000000e+04 8.023042049776567097e+00
9.707400000000000000e+04 8.022168567723944932e+00
9.709600000000000000e+04 8.021308224537698095e+00
9.802000000000000000e+04 7.985470234306058401e+00
9.804200000000000000e+04 7.984615794870874694e+00
9.806400000000000000e+04 7.983757682731559058e+00
9.808600000000000000e+04 7.982901731460970041e+00
9.901000000000000000e+04 7.947561093239715824e+00
9.903200000000000000e+04 7.946730646809824883e+00
9.905400000000000000e+04 7.945914961099212803e+00
9.907600000000000000e+04 7.945075733638836013e+00
9.909800000000000000e+04 7.944207448973330976e+00
