10000 376.1590307454293
20000 381.3507168040845
30000 384.98122741934645
40000 387.61300295825725
50000 389.81003865634375
60000 353.91386855524865
70000 393.2501974830671
80000 394.64412551602567
90000 395.88967662814935
100000 397.0131986758314
110000 398.0378039770857
120000 360.2889204274422
130000 359.9755413172897
140000 359.64287769203054
150000 359.8733412466815
160000 360.27062756989875
170000 360.7235262964605
180000 361.19869042212787
190000 361.6769178741677
200000 362.1521893480947
210000 362.6183060836815
220000 363.07224575853286
230000 363.5127186543533
240000 363.9417684373472
250000 364.35834897860167
260000 364.76056887299944
270000 365.1522268451244
270000 365.1522268451244
270000 365.1522268451244
270000 365.1522268451244
270000 365.1522268451244
270000 365.1522268451244
270000 365.1522268451244
270000 365.1522268451244
270000 365.1522268451244
270000 365.1522268451244
270000 365.1522268451244
270000 365.1522268451244
270000 365.1522268451244
270000 365.1522268451244
270000 365.1522268451244
270000 365.1522268451244
270000 365.1522268451244
270000 365.1522268451244
270000 365.1522268451244
270000 365.1522268451244
270000 365.1522268451244
270000 365.1522268451244
270000 365.1522268451244
270000 365.1522268451244
270000 365.1522268451244
270000 365.1522268451244
270000 365.1522268451244
270000 365.1522268451244
270000 365.1522268451244
270000 365.1522268451244
270000 365.1522268451244
270000 365.1522268451244
270000 365.1522268451244
270000 365.1522268451244
270000 365.1522268451244
270000 365.1522268451244
270000 365.1522268451244
270000 365.1522630167337
280000 365.5152679503475
280000 365.5152679503475
280000 365.5152679503475
280000 365.5152679503475
280000 365.5152679503475
280000 365.5152679503475
280000 365.5152679503475
280000 365.5152679503475
280000 365.5152679503475
280000 365.5152679503475
280000 365.5152679503475
280000 365.5152679503475
280000 365.5152679503475
280000 365.5152679503475
280000 365.5152679503475
280000 365.5152679503475
280000 365.5152679503475
280000 365.5152679503475
280000 365.5152679503475
280000 365.5152679503475
280000 365.5152679503475
280000 365.5152679503475
280000 365.5152679503475
280000 365.5152679503475
280000 365.5152679503475
280000 365.5152679503475
280000 365.5152679503475
280000 365.5152679503475
280000 365.5152679503475
280000 365.5152679503475
280000 365.5152679503475
280000 365.5152679503475
280000 365.5152679503475
280000 365.5152679503475
280000 365.5152679503475
280000 365.5152679503475
280000 365.5152679503475
280000 365.5153042791838
290000 365.87725259180945
290000 365.87725259180945
290000 365.87725259180945
290000 365.87725259180945
290000 365.87725259180945
290000 365.87725259180945
290000 365.87725259180945
290000 365.87725259180945
290000 365.87725259180945
290000 365.87725259180945
290000 365.87725259180945
290000 365.87725259180945
290000 365.87725259180945
290000 365.87725259180945
290000 365.87725259180945
290000 365.87725259180945
290000 365.87725259180945
290000 365.87725259180945
290000 365.87725259180945
290000 365.87725259180945
290000 365.87725259180945
290000 365.87725259180945
290000 365.87725259180945
290000 365.87725259180945
290000 365.87725259180945
290000 365.87725259180945
290000 365.87725259180945
290000 365.87725259180945
290000 365.87725259180945
290000 365.87725259180945
290000 365.87725259180945
290000 365.87725259180945
290000 365.87725259180945
290000 365.87725259180945
290000 365.87725259180945
290000 365.87725259180945
290000 365.87725259180945
290000 365.877288604787
300000 366.2347216933453
300000 366.2347216933453
300000 366.2347216933453
300000 366.2347216933453
300000 366.2347216933453
300000 366.2347216933453
300000 366.2347216933453
300000 366.2347216933453
300000 366.2347216933453
300000 366.2347216933453
300000 366.2347216933453
300000 366.2347216933453
300000 366.2347216933453
300000 366.2347216933453
300000 366.2347216933453
300000 366.2347216933453
300000 366.2347216933453
300000 366.2347216933453
300000 366.2347216933453
300000 366.2347216933453
300000 366.2347216933453
300000 366.2347216933453
300000 366.2347216933453
300000 366.2347216933453
300000 366.2347216933453
300000 366.2347216933453
300000 366.2347216933453
300000 366.2347216933453
300000 366.2347216933453
300000 366.2347216933453
300000 366.2347216933453
300000 366.2347216933453
300000 366.2347216933453
300000 366.2347216933453
300000 366.2347216933453
300000 366.2347216933453
300000 366.2347216933453
300000 366.2347571451955
310000 366.5858680741293
310000 366.5858680741293
310000 366.5858680741293
310000 366.5858680741293
310000 366.5858680741293
310000 366.5858680741293
310000 366.5858680741293
310000 366.5858680741293
310000 366.5858680741293
310000 366.5858680741293
310000 366.5858680741293
310000 366.5858680741293
310000 366.5858680741293
310000 366.5858680741293
310000 366.5858680741293
310000 366.5858680741293
310000 366.5858680741293
310000 366.5858680741293
310000 366.5858680741293
310000 366.5858680741293
310000 366.5858680741293
310000 366.5858680741293
310000 366.5858680741293
310000 366.5858680741293
310000 366.5858680741293
310000 366.5858680741293
310000 366.5858680741293
310000 366.5858680741293
310000 366.5858680741293
310000 366.5858680741293
310000 366.5858680741293
310000 366.5858680741293
310000 366.5858680741293
310000 366.5858680741293
310000 366.5858680741293
310000 366.5858680741293
310000 366.5858680741293
310000 366.5859028365616
320000 366.9297604349123
320000 366.9297604349123
320000 366.9297604349123
320000 366.9297604349123
320000 366.9297604349123
320000 366.9297604349123
320000 366.9297604349123
320000 366.9297604349123
320000 366.9297604349123
320000 366.9297604349123
320000 366.9297604349123
320000 366.9297604349123
320000 366.9297604349123
320000 366.9297604349123
320000 366.9297604349123
320000 366.9297604349123
320000 366.9297604349123
320000 366.9297604349123
320000 366.9297604349123
320000 366.9297604349123
320000 366.9297604349123
320000 366.9297604349123
320000 366.9297604349123
320000 366.9297604349123
320000 366.9297604349123
320000 366.9297604349123
320000 366.9297604349123
320000 366.9297604349123
320000 366.9297604349123
320000 366.9297604349123
320000 366.9297604349123
320000 366.9297604349123
320000 366.9297604349123
320000 366.9297604349123
320000 366.9297604349123
320000 366.9297604349123
320000 366.9297604349123
320000 366.92979444387566
