32	906.0475213831758
54	349.5524449196231
76	268.94939634455636
98	227.42672751719329
1000	69.23179702165848
1022	68.51471191708
1044	67.82200007477805
1066	67.1491811457006
1088	66.5092626598277
2012	49.76518692057717
2034	49.51001134798464
2056	49.25740426752843
2078	49.00838256844942
3002	41.22633932155004
3024	41.09046992793982
3046	40.95262810382301
3068	40.811438317098585
3090	40.67840442872309
4014	35.962450972813045
4036	35.87245032010587
4058	35.782833666613314
4080	35.68932666695588
5004	32.43019356459022
5026	32.363381890316354
5048	32.29915138667293
5070	32.23294484881741
5092	32.166572912672706
6016	29.75043989633618
6038	29.699110231941123
6060	29.646358985040095
6082	29.598091138463765
7006	27.697473308743003
7028	27.65364722552095
7050	27.616834850434444
7072	27.575117317699135
7094	27.533737030036754
8018	25.996842365467423
8040	25.964830410337125
8062	25.934411584557953
8084	25.898056406162794
9008	24.61407059155617
9030	24.585543743213098
9052	24.560118198023705
9074	24.533190452178907
9096	24.502912788366242
10020	23.40961067430914
10042	23.385426981266278
10064	23.359658164029852
10086	23.3374683648915
11010	22.39980695855853
11032	22.379942005468223
11054	22.356821883093115
11076	22.33513663700274
11098	22.313804870560986
12000	21.513148151658125
12022	21.49492489835712
12044	21.478932567054244
12066	21.46181663233218
12088	21.4409491964404
13012	20.708654582280996
13034	20.69007471916523
13056	20.6788658190113
13078	20.66055337553007
14002	20.006128581927918
14024	19.995087593396143
14046	19.97763779990492
14068	19.963506798008417
14090	19.94912936218152
15014	19.363513450315416
15036	19.348342596518663
15058	19.334189910985927
15080	19.320356497282425
16004	18.786001622055522
16026	18.773241046885317
16048	18.761076739824002
16070	18.74935666539435
16092	18.737825101642244
17016	18.254859958306113
17038	18.242937529795533
17060	18.23115261876748
17082	18.219772839928215
18006	17.778176887538354
18028	17.765598581408785
18050	17.75632801247844
18072	17.7447224719705
18094	17.735323365963172
19018	17.32420884813166
19040	17.31496409657054
19062	17.30316237137219
19084	17.294348378239608
20008	16.911471840443674
20030	16.90283350894693
20052	16.892516861753744
20074	16.88459580224753
20096	16.876617227709623
21020	16.52329052370716
21042	16.515229189244753
21064	16.507325232521154
21086	16.49951189868905
22010	16.16823283847317
22032	16.16086425233582
22054	16.15339228963198
22076	16.145496787920965
22098	16.138244262084342
23000	15.833627565069989
23022	15.82659697965423
23044	15.819713994368026
23066	15.812916495688622
23088	15.805826390674776
24012	15.515916760584386
24034	15.509320400371921
24056	15.502425099166327
24078	15.496080054420727
25002	15.222137110084219
25024	15.215904220600295
25046	15.209492087457965
25068	15.203421792989072
25090	15.197326686487832
26014	14.940785008522077
26036	14.934749353412947
26058	14.928592851509185
26080	14.922997969696741
27004	14.678854241309292
27026	14.672885461475985
27048	14.667445988059528
27070	14.66192660929413
27092	14.657537894576537
28016	14.428519527922258
28038	14.422025200684836
28060	14.4162581852593
28082	14.41024340666148
29006	14.192237073236381
29028	14.18675855148961
29050	14.182651543518123
29072	14.17681881989095
29094	14.172671959468019
30018	13.966122714474817
30040	13.96190637128821
30062	13.95977973891314
30084	13.952555169336176
31008	13.753931123812226
31030	13.748396800828921
31052	13.744586094176924
31074	13.739095324794862
31096	13.735320428019069
32020	13.547858029037588
32042	13.54377953477008
32064	13.539459539692938
32086	13.535130415404392
33010	13.354625928996573
33032	13.350450235817647
33054	13.346525138401272
33076	13.342355365557914
33098	13.338178635305427
34000	13.16981618807903
34022	13.165830170764394
34044	13.161994362782803
34066	13.157941099416169
34088	13.153751113899812
35012	12.989807393568057
35034	12.985932818277345
35056	12.98207681600048
35078	12.978234171908566
36002	12.820349930733897
36024	12.818359375817654
36046	12.813662504098165
36068	12.809507000348264
36090	12.80757931839969
37014	12.653947369899992
37036	12.650005171581068
37058	12.646154813545408
37080	12.644235976992967
38004	12.496559847205575
38026	12.494666729319459
38048	12.490427276338693
38070	12.48853853497165
38092	12.483879228062314
39016	12.342518501883138
39038	12.338755722806525
39060	12.335175361047561
39082	12.331599494730877
40006	12.195989389155251
40028	12.194313375933525
40050	12.19035566285904
40072	12.186910791891652
40094	12.183532958891833
41018	12.05451517398765
41040	12.052672296613691
41062	12.048536859237274
41084	12.046455818568313
42008	11.92063598352322
42030	11.916639446793448
42052	11.914559390919688
42074	11.910482734670994
42096	11.90857952105399
43020	11.786468639627635
43042	11.782630967787508
43064	11.780726442781443
43086	11.776851620282395
44010	11.661611254746097
44032	11.657520417706811
44054	11.655829318777746
44076	11.651857710601552
44098	11.649984148393726
45000	11.538553904578086
45022	11.53470107185733
45044	11.532930895609313
45066	11.529389437671
45088	11.527627548346832
46012	11.417088628529726
46034	11.415507935117937
46056	11.41351405982168
46078	11.40970563745482
47002	11.30455853011956
47024	11.301181797953966
47046	11.299471938888566
47068	11.296127225502548
47090	11.29461054069872
48014	11.190754360131766
48036	11.189106570974655
48058	11.187150358242679
48080	11.183580390273528
49004	11.084065938334966
49026	11.08215339697507
49048	11.078617515597887
49070	11.077058101043608
49092	11.075146541453343
50016	10.977344221267458
50038	10.975495041152499
50060	10.973597264892843
50082	10.969986582982639
51006	10.876113869003884
51028	10.874396502016015
51050	10.872532099803976
51072	10.870681851579256
51094	10.868686739532013
52018	10.77710695142622
52040	10.775123702117885
52062	10.773222999032807
52084	10.771184681250446
53008	10.682448192144646
53030	10.680426430265342
53052	10.676597580233587
53074	10.675009525801087
53096	10.673130736681717
54020	10.5857772920384
54042	10.58420189215888
54064	10.582389381894007
54086	10.580454980581939
55010	10.495892377738134
55032	10.494060949973527
55054	10.492361594009541
55076	10.490480071924878
55098	10.488641841643672
56000	10.40916401915019
56022	10.407171249923357
56044	10.405233280554521
56066	10.403388071107516
56088	10.401574766738346
57012	10.321089463790404
57034	10.319154828831618
57056	10.317227770271543
57078	10.315307518461715
58002	10.23719861283286
58024	10.235215197372113
58046	10.23338601233256
58068	10.231511902434004
58090	10.229731679393156
59014	10.15369165012109
59036	10.152005197507329
59058	10.15025990130965
59080	10.1485073026852
60004	10.074011743041176
60026	10.072389839622389
60048	10.070707762866425
60070	10.068932918904286
60092	10.067162986775589
61016	9.995021690892122
61038	9.993345807152407
61060	9.991502250656223
61082	9.989761055145673
62006	9.919397736519484
62028	9.917741588178922
62050	9.916042751918985
62072	9.914314885463744
62094	9.912556364272293
63018	9.843552960628744
63040	9.842007368157319
63062	9.840371291647275
63084	9.83877492355436
64008	9.77134930343289
64030	9.769735078103503
64052	9.768200670239803
64074	9.766544669458648
64096	9.764899611305964
65020	9.699015740395414
65042	9.697407826722902
65064	9.695881586074561
65086	9.694276557401848
66010	9.629628454312218
66032	9.628116664240972
66054	9.626531382463293
66076	9.625101437398406
66098	9.62362795882418
67000	9.56216798770776
67022	9.56059447571008
67044	9.559069426881246
67066	9.557479431574333
67088	9.556047640860347
68012	9.494840581727448
68034	9.493419687971013
68056	9.491958579934284
68078	9.49046354675397
69002	9.430215030761428
69024	9.428812232313735
69046	9.427439213038783
69068	9.42595568366211
69090	9.424480576817771
70014	9.365262949333356
70036	9.363891697759964
70058	9.362416677941646
70080	9.361025958860806
71004	9.303043834768594
71026	9.301571915282356
71048	9.300181519360791
71070	9.298833438810851
71092	9.29741833644979
72016	9.240951563411633
72038	9.239607042649325
72060	9.238295053878128
72082	9.237042337094188
73006	9.181222481598361
73028	9.179892443269118
73050	9.178595812408998
73072	9.177264876783806
73094	9.17593631713501
74018	9.121160824951287
74040	9.119902372728166
74062	9.118671331281645
74084	9.117376668755956
75008	9.064253872094364
75030	9.062937489844352
75052	9.0616902224739
75074	9.06047660176042
75096	9.059226268611459
76020	9.006992991285916
76042	9.005766331050157
76064	9.004509123337616
76086	9.00334383180575
77010	8.951837069045428
77032	8.950579184482361
77054	8.949415501486271
77076	8.948249818791664
77098	8.947106275962323
78000	8.897830491192895
78022	8.896580929141006
78044	8.89536906315423
78066	8.894189296874766
78088	8.893036704767177
79012	8.843597233315172
79034	8.842435757897382
79056	8.841245679154675
79078	8.84011982594204
80002	8.791623562309093
80024	8.790449249297538
80046	8.789388690083243
80068	8.78825991388021
80090	8.787160020357696
81014	8.73934410558833
81036	8.738284216604638
81058	8.737080058931934
81080	8.735973675932648
82004	8.68940122000924
82026	8.688267475866098
82048	8.687190810214918
82070	8.68605694171305
82092	8.684953893512008
83016	8.639052777610015
83038	8.63800084583409
83060	8.636970686257897
83082	8.635958698838804
84006	8.590960336395081
84028	8.58989339649394
84050	8.588775577484016
84072	8.587721009795729
84094	8.586664995090711
85018	8.542344635361939
85040	8.541313892902512
85062	8.540284269068096
85084	8.539230703307338
86008	8.49563417666516
86030	8.494594284172576
86052	8.493530846991185
86074	8.492472278534896
86096	8.491422281505299
87020	8.44856269544701
87042	8.447532477933022
87064	8.446529353517496
87086	8.445525025024617
88010	8.40336176207416
88032	8.402351841033916
88054	8.401320673328184
88076	8.40037092623204
88098	8.399438453379965
89000	8.359266254985087
89022	8.358218799787775
89044	8.357227958352738
89066	8.35628916267056
89088	8.355300825818885
90012	8.314541646399608
90034	8.313581083722557
90056	8.312624008718428
90078	8.31164307086862
91002	8.271654779775535
91024	8.270734890180199
91046	8.269746628339902
91068	8.268810111176087
91090	8.26789476979526
92014	8.228538012312573
92036	8.22763939019733
92058	8.226645672465564
92080	8.22570541880402
93004	8.186895809809338
93026	8.18598471032627
93048	8.185072627786992
93070	8.184137813674731
93092	8.183205802457255
94016	8.14508344496255
94038	8.144148264454138
94060	8.143260733726777
94082	8.142327132434549
95006	8.10466130343208
95028	8.10375321011752
95050	8.102869269688664
95072	8.102005778968358
95094	8.101180731787506
96018	8.064068564773232
96040	8.063190112759067
96062	8.062332744639528
96084	8.061430318787096
97008	8.02480538192022
97030	8.02393760763746
97052	8.02307111770973
97074	8.022185175849774
97096	8.021368971595633
98020	7.9854919819939525
98042	7.984630973592208
98064	7.98377114545857
98086	7.982915897303055
99010	7.9474874181367205
99032	7.946585634793716
99054	7.945794161662189
99076	7.944935315314387
99098	7.944019597563913
