30935
32495
16040
30907
16102
15214
25120
30425
24344
30485
90629
2442
16925
16214
4453
23927
2988
31570
30596
30663
31160
102860
16827
31276
101224
3204
2363
30113
30888
100286
3365
31793
101617
2111
113
30700
17962
4644
99700
16796
17538
41602
2166
3095
29617
2075
97674
89637
17242
3138
90806
99830
89646
3339
90158
88506
31292
31138
3317
30688
31473
90472
90672
120
102914
41461
30645
89400
31418
16329
31733
17296
80
136
91958
3337
31610
16249
15948
30772
17679
90095
17029
102158
3209
17088
31684
30142
153
2648
16812
91498
91823
101281
2738
29981
30976
