1.200000000000000000e+01 8.549572810448833025e+02
1.300000000000000000e+01 8.586928726704647943e+02
1.400000000000000000e+01 8.621375837532139030e+02
1.500000000000000000e+01 8.653338985884613521e+02
1.600000000000000000e+01 8.683114153482331403e+02
1.700000000000000000e+01 8.710989420358810094e+02
1.800000000000000000e+01 8.737206656810815275e+02
1.900000000000000000e+01 8.120414035904880166e+02
2.000000000000000000e+01 8.142005909629825737e+02
2.100000000000000000e+01 8.162561950165471671e+02
2.200000000000000000e+01 8.182127008715352758e+02
2.300000000000000000e+01 8.526599130585627790e+02
2.400000000000000000e+01 8.445111930767531021e+02
2.500000000000000000e+01 8.462636082336102845e+02
2.600000000000000000e+01 8.479421189351386374e+02
2.700000000000000000e+01 8.495558254870669543e+02
2.800000000000000000e+01 8.511061634493909196e+02
2.900000000000000000e+01 8.526011499744793127e+02
3.000000000000000000e+01 8.150193913923067157e+02
3.100000000000000000e+01 8.151925706712282818e+02
3.200000000000000000e+01 8.085683941207539647e+02
3.300000000000000000e+01 8.021991759126221950e+02
3.400000000000000000e+01 8.024589193310819155e+02
3.500000000000000000e+01 8.027742754575658637e+02
3.600000000000000000e+01 8.051885654360880835e+02
3.700000000000000000e+01 8.217946697664169733e+02
3.800000000000000000e+01 8.069043518038738512e+02
3.900000000000000000e+01 8.003245629612749781e+02
4.000000000000000000e+01 7.973211012650187968e+02
4.100000000000000000e+01 7.973074405220031622e+02
4.200000000000000000e+01 7.944263300384493505e+02
4.300000000000000000e+01 7.916879730010261937e+02
4.400000000000000000e+01 7.825214913154906071e+02
4.500000000000000000e+01 7.804236918664587392e+02
4.600000000000000000e+01 7.850284803876086244e+02
4.700000000000000000e+01 7.989379976841466942e+02
4.800000000000000000e+01 7.972790209425070316e+02
4.900000000000000000e+01 7.981392067803275268e+02
5.000000000000000000e+01 8.079162616264674170e+02
5.100000000000000000e+01 8.150560767822307753e+02
5.200000000000000000e+01 8.205655016391983736e+02
5.300000000000000000e+01 8.195469095953039869e+02
5.400000000000000000e+01 8.154430355915882274e+02
5.500000000000000000e+01 8.178289588401760284e+02
5.600000000000000000e+01 8.146703999796570770e+02
5.700000000000000000e+01 8.116671286652740491e+02
5.800000000000000000e+01 8.086810507695408887e+02
5.900000000000000000e+01 7.996600775868062101e+02
6.000000000000000000e+01 7.909658762094454687e+02
6.100000000000000000e+01 7.843136180669948772e+02
6.200000000000000000e+01 7.778532335218683329e+02
6.300000000000000000e+01 7.756028856828886546e+02
6.400000000000000000e+01 7.734384815092860208e+02
6.500000000000000000e+01 7.799738275298324197e+02
6.600000000000000000e+01 7.790602679261513686e+02
6.700000000000000000e+01 7.710973505696520078e+02
6.800000000000000000e+01 7.717920991648620657e+02
6.900000000000000000e+01 7.716885271003357047e+02
7.000000000000000000e+01 7.669270705719850412e+02
7.100000000000000000e+01 7.590437133319044278e+02
7.200000000000000000e+01 7.649596911016103604e+02
7.300000000000000000e+01 7.636445370312720797e+02
7.400000000000000000e+01 7.673725161592549284e+02
7.500000000000000000e+01 7.643071746969458218e+02
7.600000000000000000e+01 7.401073802826638257e+02
7.700000000000000000e+01 7.418052978437730189e+02
7.800000000000000000e+01 7.408577288110438985e+02
7.900000000000000000e+01 7.378782835565024243e+02
8.000000000000000000e+01 7.350840760415383102e+02
8.100000000000000000e+01 7.324602309634979065e+02
8.200000000000000000e+01 7.317165209944053004e+02
8.300000000000000000e+01 7.295627413343318040e+02
8.400000000000000000e+01 7.308518178173418391e+02
8.500000000000000000e+01 7.302157541579093731e+02
8.600000000000000000e+01 7.295796754999246332e+02
8.700000000000000000e+01 7.316108900008694036e+02
8.800000000000000000e+01 7.330838954842934072e+02
8.900000000000000000e+01 7.317550071137853820e+02
9.000000000000000000e+01 7.316656601851266259e+02
9.100000000000000000e+01 7.295518222117517553e+02
9.200000000000000000e+01 7.274779602992925902e+02
9.300000000000000000e+01 7.231837475062711746e+02
9.400000000000000000e+01 7.211892109746155484e+02
9.500000000000000000e+01 7.192420389767772804e+02
9.600000000000000000e+01 7.173349041643375585e+02
9.700000000000000000e+01 7.154649860990193702e+02
9.800000000000000000e+01 7.136316545278385775e+02
9.900000000000000000e+01 6.887611066634477766e+02
1.000000000000000000e+03 9.335479982664458021e+01
1.001000000000000000e+03 9.315896715926731986e+01
1.002000000000000000e+03 9.312841755406552124e+01
1.003000000000000000e+03 9.312376573926104584e+01
1.004000000000000000e+03 9.312400685647443765e+01
1.005000000000000000e+03 9.312441630854195296e+01
1.006000000000000000e+03 9.312476566359410413e+01
1.007000000000000000e+03 9.299195665411517098e+01
1.008000000000000000e+03 9.293468392915227128e+01
1.009000000000000000e+03 9.290214013302662011e+01
1.010000000000000000e+03 9.290205141755998852e+01
1.011000000000000000e+03 9.285306696590940589e+01
1.012000000000000000e+03 9.282242263498427803e+01
1.013000000000000000e+03 9.272444743734889983e+01
1.014000000000000000e+03 9.261271742180380784e+01
1.015000000000000000e+03 9.255545653459309108e+01
1.016000000000000000e+03 9.252291666515354507e+01
1.017000000000000000e+03 9.252219621979193676e+01
1.018000000000000000e+03 9.243828841324685186e+01
1.019000000000000000e+03 9.242660884325738380e+01
1.020000000000000000e+03 9.234472036767320446e+01
1.021000000000000000e+03 9.224411898158736278e+01
1.022000000000000000e+03 9.218044574095792143e+01
1.023000000000000000e+03 9.214662558164727102e+01
1.024000000000000000e+03 9.209646680623410475e+01
1.025000000000000000e+03 9.206620533114951854e+01
1.026000000000000000e+03 9.203880384825652072e+01
1.027000000000000000e+03 9.198881689123012961e+01
1.028000000000000000e+03 9.195251916138832371e+01
1.029000000000000000e+03 9.190381436943171423e+01
1.030000000000000000e+03 9.187632104198706884e+01
1.031000000000000000e+03 9.174593520910292455e+01
1.032000000000000000e+03 9.174525529729689310e+01
1.033000000000000000e+03 9.173671705616361294e+01
1.034000000000000000e+03 9.163687763046097245e+01
1.035000000000000000e+03 9.158916219224641964e+01
1.036000000000000000e+03 9.142370232424306664e+01
1.037000000000000000e+03 9.142375529209307672e+01
1.038000000000000000e+03 9.138303167425807771e+01
1.039000000000000000e+03 9.136250642343777884e+01
1.040000000000000000e+03 9.125926717011907385e+01
1.041000000000000000e+03 9.122192131486838207e+01
1.042000000000000000e+03 9.118705453382428061e+01
1.043000000000000000e+03 9.116771093485559163e+01
1.044000000000000000e+03 9.111309378664830660e+01
1.045000000000000000e+03 9.105063971442535831e+01
1.046000000000000000e+03 9.104051114573991299e+01
1.047000000000000000e+03 9.095225826565064153e+01
1.048000000000000000e+03 9.084552054349400407e+01
1.049000000000000000e+03 9.084474085770273177e+01
1.050000000000000000e+03 9.071040262907087026e+01
1.051000000000000000e+03 9.070924315334067956e+01
1.052000000000000000e+03 9.066228408848628817e+01
1.053000000000000000e+03 9.063882238491778764e+01
1.054000000000000000e+03 9.052707010716812874e+01
1.055000000000000000e+03 9.037078824018331602e+01
1.056000000000000000e+03 9.036972456847233559e+01
1.057000000000000000e+03 9.025448739304233925e+01
1.058000000000000000e+03 9.021012102019639656e+01
1.059000000000000000e+03 9.021651104339281346e+01
1.060000000000000000e+03 9.013901201550905284e+01
1.061000000000000000e+03 9.003226378354733583e+01
1.062000000000000000e+03 9.003121870706056029e+01
1.063000000000000000e+03 8.995103382104615264e+01
1.064000000000000000e+03 8.983210309692634610e+01
1.065000000000000000e+03 8.983093017310810069e+01
1.066000000000000000e+03 8.981460924949283253e+01
1.067000000000000000e+03 8.968446026578732244e+01
1.068000000000000000e+03 8.968329110424176065e+01
1.069000000000000000e+03 8.961686009509458017e+01
1.070000000000000000e+03 8.961610756121916666e+01
1.071000000000000000e+03 8.959164802527071458e+01
1.072000000000000000e+03 8.943338878749636933e+01
1.073000000000000000e+03 8.943241123243527113e+01
1.074000000000000000e+03 8.932269258957461489e+01
1.075000000000000000e+03 8.929804878897743947e+01
1.076000000000000000e+03 8.923701297805644117e+01
1.077000000000000000e+03 8.919220718731294539e+01
1.078000000000000000e+03 8.915682084503654892e+01
1.079000000000000000e+03 8.915592048489298804e+01
1.080000000000000000e+03 8.909152866656657466e+01
1.081000000000000000e+03 8.898454029984759472e+01
1.082000000000000000e+03 8.895737067183539182e+01
1.083000000000000000e+03 8.883243053138973266e+01
1.084000000000000000e+03 8.880434909623542694e+01
1.085000000000000000e+03 8.880360116552461136e+01
1.086000000000000000e+03 8.865337328513554382e+01
1.087000000000000000e+03 8.858936561272817301e+01
1.088000000000000000e+03 8.848322587263095329e+01
1.089000000000000000e+03 8.848299499831311721e+01
1.090000000000000000e+03 8.848298727429073551e+01
1.091000000000000000e+03 8.847153633844908427e+01
1.092000000000000000e+03 8.839029272468336274e+01
1.093000000000000000e+03 8.838584869262149368e+01
1.094000000000000000e+03 8.827137598315442801e+01
1.095000000000000000e+03 8.825022236819674504e+01
1.096000000000000000e+03 8.812576574535148666e+01
1.097000000000000000e+03 8.812476750994775898e+01
1.098000000000000000e+03 8.806823594056959337e+01
1.099000000000000000e+03 8.804109508335022838e+01
2.000000000000000000e+03 6.370652154107480669e+01
2.001000000000000000e+03 6.369568691724515475e+01
2.002000000000000000e+03 6.368887328770711775e+01
2.003000000000000000e+03 6.363548116890609663e+01
2.004000000000000000e+03 6.363431838273609742e+01
2.005000000000000000e+03 6.361549825193223029e+01
2.006000000000000000e+03 6.359822346696299888e+01
2.007000000000000000e+03 6.355038317458213726e+01
2.008000000000000000e+03 6.352150069477038841e+01
2.009000000000000000e+03 6.351211492853735763e+01
2.010000000000000000e+03 6.351109323039064236e+01
2.011000000000000000e+03 6.350263866249892430e+01
2.012000000000000000e+03 6.349588987823962327e+01
2.013000000000000000e+03 6.346622140560003800e+01
2.014000000000000000e+03 6.346508769006963746e+01
2.015000000000000000e+03 6.345128728706817611e+01
2.016000000000000000e+03 6.343772126817017210e+01
2.017000000000000000e+03 6.335978155082666063e+01
2.018000000000000000e+03 6.333144665758003100e+01
2.019000000000000000e+03 6.332152311953103663e+01
2.020000000000000000e+03 6.328844960628687488e+01
2.021000000000000000e+03 6.328364275389279214e+01
2.022000000000000000e+03 6.325033173719842949e+01
2.023000000000000000e+03 6.324368705554877579e+01
2.024000000000000000e+03 6.323468920022808248e+01
2.025000000000000000e+03 6.322590222219250933e+01
2.026000000000000000e+03 6.322515709573218601e+01
2.027000000000000000e+03 6.322454656237796655e+01
2.028000000000000000e+03 6.321305954453113429e+01
2.029000000000000000e+03 6.321225562412335108e+01
2.030000000000000000e+03 6.321154219306916389e+01
2.031000000000000000e+03 6.320420839333097263e+01
2.032000000000000000e+03 6.315611100454523807e+01
2.033000000000000000e+03 6.312946205963109492e+01
2.034000000000000000e+03 6.310364032434114279e+01
2.035000000000000000e+03 6.308105034733956273e+01
2.036000000000000000e+03 6.308049043034118597e+01
2.037000000000000000e+03 6.307964956487375474e+01
2.038000000000000000e+03 6.301341190780300394e+01
2.039000000000000000e+03 6.300386486182105727e+01
2.040000000000000000e+03 6.295982342274702859e+01
2.041000000000000000e+03 6.295343151035928742e+01
2.042000000000000000e+03 6.292876389281128979e+01
2.043000000000000000e+03 6.291519496127877176e+01
2.044000000000000000e+03 6.289953428271100222e+01
2.045000000000000000e+03 6.286496099723666475e+01
2.046000000000000000e+03 6.283838764173098923e+01
2.047000000000000000e+03 6.283527782003150719e+01
2.048000000000000000e+03 6.280635616395493770e+01
2.049000000000000000e+03 6.280112244454132053e+01
2.050000000000000000e+03 6.280031750793445156e+01
2.051000000000000000e+03 6.279931408681338212e+01
2.052000000000000000e+03 6.276368815075113616e+01
2.053000000000000000e+03 6.273140740143204397e+01
2.054000000000000000e+03 6.271582829753349841e+01
2.055000000000000000e+03 6.270636488670943720e+01
2.056000000000000000e+03 6.266301031881032202e+01
2.057000000000000000e+03 6.265411301452959947e+01
2.058000000000000000e+03 6.265355327658591733e+01
2.059000000000000000e+03 6.264439778024890870e+01
2.060000000000000000e+03 6.262301016824139310e+01
2.061000000000000000e+03 6.262182433747893384e+01
2.062000000000000000e+03 6.262065654439612672e+01
2.063000000000000000e+03 6.261937581248224660e+01
2.064000000000000000e+03 6.259494121171994152e+01
2.065000000000000000e+03 6.259436321129618364e+01
2.066000000000000000e+03 6.257535249768476859e+01
2.067000000000000000e+03 6.255625659649662396e+01
2.068000000000000000e+03 6.251153435282340354e+01
2.069000000000000000e+03 6.251019103546735067e+01
2.070000000000000000e+03 6.249460064153193883e+01
2.071000000000000000e+03 6.249361488740874648e+01
2.072000000000000000e+03 6.249272087349862659e+01
2.073000000000000000e+03 6.247702584780800805e+01
2.074000000000000000e+03 6.247600200740905052e+01
2.075000000000000000e+03 6.244732905308875104e+01
2.076000000000000000e+03 6.243654956674478740e+01
2.077000000000000000e+03 6.243150538818156292e+01
2.078000000000000000e+03 6.239588634795491373e+01
2.079000000000000000e+03 6.236940250240229489e+01
2.080000000000000000e+03 6.236259898557185011e+01
2.081000000000000000e+03 6.234833160110322581e+01
2.082000000000000000e+03 6.230022766242678500e+01
2.083000000000000000e+03 6.229622386177896942e+01
2.084000000000000000e+03 6.229538759651782698e+01
2.085000000000000000e+03 6.229494575243055010e+01
2.086000000000000000e+03 6.228530939106925501e+01
2.087000000000000000e+03 6.227184990658626873e+01
2.088000000000000000e+03 6.224785415425198210e+01
2.089000000000000000e+03 6.223781073333965708e+01
2.090000000000000000e+03 6.223677689346069997e+01
2.091000000000000000e+03 6.220943289574081803e+01
2.092000000000000000e+03 6.219673766646297963e+01
2.093000000000000000e+03 6.219561885312830896e+01
2.094000000000000000e+03 6.219437239516862093e+01
2.095000000000000000e+03 6.215834358381905389e+01
2.096000000000000000e+03 6.214849608568625428e+01
2.097000000000000000e+03 6.214476399946077123e+01
2.098000000000000000e+03 6.212801695063524221e+01
2.099000000000000000e+03 6.212680146656492752e+01
3.000000000000000000e+03 5.187062806032165696e+01
3.001000000000000000e+03 5.186788763132102531e+01
3.002000000000000000e+03 5.184107406280382691e+01
3.003000000000000000e+03 5.183450812075609804e+01
3.004000000000000000e+03 5.183315717950601709e+01
3.005000000000000000e+03 5.181417327897527514e+01
3.006000000000000000e+03 5.180010502492049795e+01
3.007000000000000000e+03 5.178447699332865284e+01
3.008000000000000000e+03 5.177151229041979263e+01
3.009000000000000000e+03 5.177043009515753624e+01
3.010000000000000000e+03 5.176949532838203538e+01
3.011000000000000000e+03 5.176039895315597050e+01
3.012000000000000000e+03 5.175832997305032990e+01
3.013000000000000000e+03 5.175738964262175301e+01
3.014000000000000000e+03 5.175080272398376735e+01
3.015000000000000000e+03 5.174757329949328266e+01
3.016000000000000000e+03 5.174664229672957561e+01
3.017000000000000000e+03 5.172977931642984117e+01
3.018000000000000000e+03 5.172229126107844621e+01
3.019000000000000000e+03 5.172082099902915786e+01
3.020000000000000000e+03 5.170786231319648607e+01
3.021000000000000000e+03 5.170462867060541612e+01
3.022000000000000000e+03 5.169224892856384201e+01
3.023000000000000000e+03 5.168605151070620707e+01
3.024000000000000000e+03 5.168094972318137792e+01
3.025000000000000000e+03 5.165103192518895980e+01
3.026000000000000000e+03 5.163524862899558343e+01
3.027000000000000000e+03 5.163483513600066033e+01
3.028000000000000000e+03 5.163036802524389657e+01
3.029000000000000000e+03 5.162947235522983647e+01
3.030000000000000000e+03 5.161939601389684640e+01
3.031000000000000000e+03 5.161857292713260392e+01
3.032000000000000000e+03 5.161777649941634394e+01
3.033000000000000000e+03 5.161706753004889947e+01
3.034000000000000000e+03 5.161635189515966005e+01
3.035000000000000000e+03 5.161559841223629519e+01
3.036000000000000000e+03 5.159404141944665412e+01
3.037000000000000000e+03 5.159107927687812634e+01
3.038000000000000000e+03 5.157864642732140226e+01
3.039000000000000000e+03 5.156334357926755274e+01
3.040000000000000000e+03 5.154052590547997426e+01
3.041000000000000000e+03 5.152883221675962488e+01
3.042000000000000000e+03 5.152685285857469211e+01
3.043000000000000000e+03 5.151201337684425141e+01
3.044000000000000000e+03 5.151068127140635511e+01
3.045000000000000000e+03 5.149061302528876638e+01
3.046000000000000000e+03 5.146584749773455769e+01
3.047000000000000000e+03 5.145283087345254813e+01
3.048000000000000000e+03 5.144689922055649589e+01
3.049000000000000000e+03 5.144589837051952230e+01
3.050000000000000000e+03 5.143449258713707906e+01
3.051000000000000000e+03 5.142831907511256162e+01
3.052000000000000000e+03 5.142776762536483659e+01
3.053000000000000000e+03 5.142727507174706858e+01
3.054000000000000000e+03 5.142681932210952311e+01
3.055000000000000000e+03 5.142636608125049236e+01
3.056000000000000000e+03 5.142587267032469356e+01
3.057000000000000000e+03 5.142514782500900594e+01
3.058000000000000000e+03 5.139691447915298284e+01
3.059000000000000000e+03 5.139623276259460027e+01
3.060000000000000000e+03 5.137023402593692367e+01
3.061000000000000000e+03 5.136867806051787966e+01
3.062000000000000000e+03 5.136571496256478042e+01
3.063000000000000000e+03 5.135979470228947719e+01
3.064000000000000000e+03 5.134071188882023762e+01
3.065000000000000000e+03 5.132520520449151036e+01
3.066000000000000000e+03 5.132258268251241873e+01
3.067000000000000000e+03 5.132139102311252543e+01
3.068000000000000000e+03 5.131566904673443474e+01
3.069000000000000000e+03 5.128655653068414466e+01
3.070000000000000000e+03 5.128555825741015894e+01
3.071000000000000000e+03 5.127545466104972149e+01
3.072000000000000000e+03 5.127408155213537100e+01
3.073000000000000000e+03 5.126621594684111471e+01
3.074000000000000000e+03 5.125123413440374520e+01
3.075000000000000000e+03 5.124290130525027109e+01
3.076000000000000000e+03 5.121932512980249186e+01
3.077000000000000000e+03 5.120522097808711237e+01
3.078000000000000000e+03 5.120113883841531788e+01
3.079000000000000000e+03 5.119498992767630341e+01
3.080000000000000000e+03 5.118506341763544754e+01
3.081000000000000000e+03 5.118353488090721726e+01
3.082000000000000000e+03 5.117292913959764888e+01
3.083000000000000000e+03 5.116840305735570382e+01
3.084000000000000000e+03 5.115210790188327650e+01
3.085000000000000000e+03 5.114196096568447558e+01
3.086000000000000000e+03 5.114074912513459026e+01
3.087000000000000000e+03 5.113616176170489069e+01
3.088000000000000000e+03 5.113107853496872224e+01
3.089000000000000000e+03 5.111728534107061250e+01
3.090000000000000000e+03 5.110940596406719294e+01
3.091000000000000000e+03 5.110811069645355786e+01
3.092000000000000000e+03 5.108540470507679743e+01
3.093000000000000000e+03 5.108425574221777765e+01
3.094000000000000000e+03 5.107984773676945167e+01
3.095000000000000000e+03 5.107901646444938848e+01
3.096000000000000000e+03 5.107819099462520995e+01
3.097000000000000000e+03 5.107054730047910596e+01
3.098000000000000000e+03 5.106933283376874044e+01
3.099000000000000000e+03 5.105275028220282252e+01
4.000000000000000000e+03 4.500037387331494187e+01
4.001000000000000000e+03 4.498990194475311455e+01
4.002000000000000000e+03 4.498888460391064825e+01
4.003000000000000000e+03 4.498053382070886386e+01
4.004000000000000000e+03 4.497668812825878604e+01
4.005000000000000000e+03 4.496806176913140973e+01
4.006000000000000000e+03 4.496698357385572109e+01
4.007000000000000000e+03 4.495894099932297650e+01
4.008000000000000000e+03 4.495771367127550633e+01
4.009000000000000000e+03 4.495330984020966980e+01
4.010000000000000000e+03 4.494137279986122024e+01
4.011000000000000000e+03 4.493224310735726590e+01
4.012000000000000000e+03 4.490929792395316156e+01
4.013000000000000000e+03 4.490465287905978187e+01
4.014000000000000000e+03 4.490312771722761198e+01
4.015000000000000000e+03 4.489813847521428158e+01
4.016000000000000000e+03 4.489505297627513158e+01
4.017000000000000000e+03 4.489397014096542904e+01
4.018000000000000000e+03 4.488879295398103153e+01
4.019000000000000000e+03 4.487765571431100398e+01
4.020000000000000000e+03 4.487403941104967942e+01
4.021000000000000000e+03 4.487292429681170347e+01
4.022000000000000000e+03 4.486635963502042301e+01
4.023000000000000000e+03 4.485157468776608880e+01
4.024000000000000000e+03 4.485040661742042545e+01
4.025000000000000000e+03 4.484011507488909842e+01
4.026000000000000000e+03 4.482547411477904120e+01
4.027000000000000000e+03 4.481966877526733128e+01
4.028000000000000000e+03 4.481338568545265844e+01
4.029000000000000000e+03 4.481236875995158186e+01
4.030000000000000000e+03 4.481162864609404295e+01
4.031000000000000000e+03 4.481100504238071380e+01
4.032000000000000000e+03 4.481016530258102648e+01
4.033000000000000000e+03 4.480828290148037496e+01
4.034000000000000000e+03 4.480755309648630913e+01
4.035000000000000000e+03 4.479672170111346929e+01
4.036000000000000000e+03 4.479546405333265824e+01
4.037000000000000000e+03 4.477933008818723692e+01
4.038000000000000000e+03 4.476888712064734221e+01
4.039000000000000000e+03 4.475972669963625350e+01
4.040000000000000000e+03 4.474519740685165203e+01
4.041000000000000000e+03 4.474363695524699835e+01
4.042000000000000000e+03 4.474231308925828898e+01
4.043000000000000000e+03 4.474117574944853715e+01
4.044000000000000000e+03 4.474009356230691026e+01
4.045000000000000000e+03 4.473911310703444855e+01
4.046000000000000000e+03 4.472879050724698402e+01
4.047000000000000000e+03 4.471649410418638837e+01
4.048000000000000000e+03 4.470939872485527644e+01
4.049000000000000000e+03 4.470760412759497626e+01
4.050000000000000000e+03 4.470374284138220133e+01
4.051000000000000000e+03 4.470246987643309211e+01
4.052000000000000000e+03 4.469257246972480857e+01
4.053000000000000000e+03 4.468951979490260840e+01
4.054000000000000000e+03 4.468826176160912667e+01
4.055000000000000000e+03 4.468718922218643286e+01
4.056000000000000000e+03 4.468630239600852860e+01
4.057000000000000000e+03 4.467606868028305200e+01
4.058000000000000000e+03 4.466905453490240063e+01
4.059000000000000000e+03 4.465233772476223351e+01
4.060000000000000000e+03 4.465111958916919122e+01
4.061000000000000000e+03 4.464575474956600942e+01
4.062000000000000000e+03 4.464457292472629035e+01
4.063000000000000000e+03 4.464344687874625350e+01
4.064000000000000000e+03 4.463757829258377541e+01
4.065000000000000000e+03 4.461361120433036831e+01
4.066000000000000000e+03 4.461215822579650592e+01
4.067000000000000000e+03 4.461081121879119138e+01
4.068000000000000000e+03 4.460414201325077244e+01
4.069000000000000000e+03 4.460274479049679996e+01
4.070000000000000000e+03 4.459846648816014181e+01
4.071000000000000000e+03 4.459456395987148625e+01
4.072000000000000000e+03 4.459380498299705664e+01
4.073000000000000000e+03 4.459330162531786357e+01
4.074000000000000000e+03 4.456694758251298794e+01
4.075000000000000000e+03 4.456566587271218083e+01
4.076000000000000000e+03 4.456115209895756379e+01
4.077000000000000000e+03 4.455253944833823709e+01
4.078000000000000000e+03 4.455164776119461578e+01
4.079000000000000000e+03 4.454786536745240255e+01
4.080000000000000000e+03 4.454673735697996761e+01
4.081000000000000000e+03 4.454351961914697711e+01
4.082000000000000000e+03 4.453917540181697632e+01
4.083000000000000000e+03 4.453552054590026898e+01
4.084000000000000000e+03 4.453405398525268311e+01
4.085000000000000000e+03 4.453117192122917345e+01
4.086000000000000000e+03 4.451918501584604826e+01
4.087000000000000000e+03 4.450839624333717381e+01
4.088000000000000000e+03 4.450057298648633264e+01
4.089000000000000000e+03 4.449925815852507327e+01
4.090000000000000000e+03 4.448637357032207262e+01
4.091000000000000000e+03 4.448324132215977755e+01
4.092000000000000000e+03 4.447453180821477048e+01
4.093000000000000000e+03 4.447204525833797106e+01
4.094000000000000000e+03 4.446686466456785070e+01
4.095000000000000000e+03 4.445249438209205550e+01
4.096000000000000000e+03 4.445147227435540316e+01
4.097000000000000000e+03 4.445040723365112711e+01
4.098000000000000000e+03 4.444912960783132405e+01
4.099000000000000000e+03 4.444251169409207591e+01
5.000000000000000000e+03 4.054979130333998683e+01
5.001000000000000000e+03 4.054842753868301486e+01
5.002000000000000000e+03 4.054271712827536334e+01
5.003000000000000000e+03 4.054141192978691777e+01
5.004000000000000000e+03 4.053312839650256194e+01
5.005000000000000000e+03 4.053207060591356736e+01
5.006000000000000000e+03 4.053098183752553751e+01
5.007000000000000000e+03 4.052586709033739965e+01
5.008000000000000000e+03 4.052458118216338789e+01
5.009000000000000000e+03 4.050872244300394698e+01
5.010000000000000000e+03 4.050758808767964325e+01
5.011000000000000000e+03 4.050653130528910140e+01
5.012000000000000000e+03 4.050390244218466762e+01
5.013000000000000000e+03 4.050117464151804825e+01
5.014000000000000000e+03 4.049509276009968062e+01
5.015000000000000000e+03 4.049412917027119363e+01
5.016000000000000000e+03 4.049328518664900400e+01
5.017000000000000000e+03 4.049248360973787442e+01
5.018000000000000000e+03 4.049171592716309220e+01
5.019000000000000000e+03 4.048512633193297461e+01
5.020000000000000000e+03 4.047840102082695068e+01
5.021000000000000000e+03 4.047148592095025776e+01
5.022000000000000000e+03 4.046553652533359724e+01
5.023000000000000000e+03 4.045305992695510611e+01
5.024000000000000000e+03 4.045173521566535157e+01
5.025000000000000000e+03 4.044324231263446023e+01
5.026000000000000000e+03 4.044197119355825976e+01
5.027000000000000000e+03 4.044080149043250572e+01
5.028000000000000000e+03 4.043107776093118844e+01
5.029000000000000000e+03 4.042806908198436133e+01
5.030000000000000000e+03 4.042055267861115198e+01
5.031000000000000000e+03 4.041405305741012910e+01
5.032000000000000000e+03 4.041266765448232690e+01
5.033000000000000000e+03 4.040845198783661374e+01
5.034000000000000000e+03 4.040561502349651590e+01
5.035000000000000000e+03 4.040123519908576100e+01
5.036000000000000000e+03 4.039955710660679244e+01
5.037000000000000000e+03 4.039327202222419544e+01
5.038000000000000000e+03 4.039190725823781491e+01
5.039000000000000000e+03 4.038850304573232108e+01
5.040000000000000000e+03 4.038693160555727246e+01
5.041000000000000000e+03 4.038554358289952972e+01
5.042000000000000000e+03 4.037329136575224453e+01
5.043000000000000000e+03 4.037198965126848549e+01
5.044000000000000000e+03 4.036280113423637772e+01
5.045000000000000000e+03 4.036148250496238177e+01
5.046000000000000000e+03 4.035724465511570003e+01
5.047000000000000000e+03 4.034942720569387120e+01
5.048000000000000000e+03 4.034282097959597024e+01
5.049000000000000000e+03 4.034148158804872253e+01
5.050000000000000000e+03 4.034014099999983927e+01
5.051000000000000000e+03 4.033889486655065326e+01
5.052000000000000000e+03 4.033500728277683578e+01
5.053000000000000000e+03 4.033377846597497296e+01
5.054000000000000000e+03 4.032383898288699697e+01
5.055000000000000000e+03 4.032239151810303213e+01
5.056000000000000000e+03 4.030876701585188471e+01
5.057000000000000000e+03 4.030741365728660242e+01
5.058000000000000000e+03 4.029953483416075954e+01
5.059000000000000000e+03 4.029840129146001004e+01
5.060000000000000000e+03 4.029713213063249100e+01
5.061000000000000000e+03 4.028901408909608506e+01
5.062000000000000000e+03 4.028491012826848561e+01
5.063000000000000000e+03 4.028366426428425484e+01
5.064000000000000000e+03 4.028264118173067487e+01
5.065000000000000000e+03 4.028178050673871979e+01
5.066000000000000000e+03 4.027779315969551988e+01
5.067000000000000000e+03 4.027644696449655726e+01
5.068000000000000000e+03 4.026416029747179692e+01
5.069000000000000000e+03 4.026308733300864873e+01
5.070000000000000000e+03 4.026181180586939945e+01
5.071000000000000000e+03 4.025662236465983312e+01
5.072000000000000000e+03 4.024960668970861377e+01
5.073000000000000000e+03 4.024613767401952913e+01
5.074000000000000000e+03 4.024178049322769368e+01
5.075000000000000000e+03 4.024055512090139075e+01
5.076000000000000000e+03 4.023583500584439321e+01
5.077000000000000000e+03 4.023141557725644191e+01
5.078000000000000000e+03 4.022380842230782605e+01
5.079000000000000000e+03 4.021720934712603679e+01
5.080000000000000000e+03 4.021602123256279526e+01
5.081000000000000000e+03 4.021508921616462828e+01
5.082000000000000000e+03 4.021375107104158531e+01
5.083000000000000000e+03 4.021239783939826395e+01
5.084000000000000000e+03 4.021116921505598896e+01
5.085000000000000000e+03 4.021010430517137024e+01
5.086000000000000000e+03 4.020902249519740224e+01
5.087000000000000000e+03 4.020462511764897329e+01
5.088000000000000000e+03 4.019943602330025101e+01
5.089000000000000000e+03 4.019661428158025274e+01
5.090000000000000000e+03 4.018810674514874393e+01
5.091000000000000000e+03 4.018710540426145172e+01
5.092000000000000000e+03 4.018265247865652867e+01
5.093000000000000000e+03 4.017256831885436696e+01
5.094000000000000000e+03 4.017174698981890657e+01
5.095000000000000000e+03 4.017084596295859455e+01
5.096000000000000000e+03 4.016998899336095974e+01
5.097000000000000000e+03 4.016285834145225664e+01
5.098000000000000000e+03 4.015732225027981883e+01
5.099000000000000000e+03 4.015323869901319398e+01
6.000000000000000000e+03 3.707708640818535173e+01
6.001000000000000000e+03 3.707418831282448934e+01
6.002000000000000000e+03 3.707295206638287510e+01
6.003000000000000000e+03 3.706956264401694057e+01
6.004000000000000000e+03 3.706376210538279281e+01
6.005000000000000000e+03 3.705821874729393528e+01
6.006000000000000000e+03 3.705671373322594064e+01
6.007000000000000000e+03 3.705469429654380065e+01
6.008000000000000000e+03 3.705224824310560905e+01
6.009000000000000000e+03 3.705093861518099629e+01
6.010000000000000000e+03 3.704999263942863763e+01
6.011000000000000000e+03 3.704908431970654448e+01
6.012000000000000000e+03 3.704807650588741552e+01
6.013000000000000000e+03 3.704398385716127251e+01
6.014000000000000000e+03 3.703763857833264694e+01
6.015000000000000000e+03 3.703674399386252247e+01
6.016000000000000000e+03 3.703577754946550726e+01
6.017000000000000000e+03 3.703389639640844422e+01
6.018000000000000000e+03 3.703280544892518833e+01
6.019000000000000000e+03 3.702736681008474307e+01
6.020000000000000000e+03 3.702623931282877834e+01
6.021000000000000000e+03 3.702523160068873409e+01
6.022000000000000000e+03 3.702435265351866178e+01
6.023000000000000000e+03 3.702361215248721749e+01
6.024000000000000000e+03 3.702292533340656178e+01
6.025000000000000000e+03 3.701660497810883044e+01
6.026000000000000000e+03 3.701579954971333564e+01
6.027000000000000000e+03 3.701502214841642058e+01
6.028000000000000000e+03 3.701415271493334558e+01
6.029000000000000000e+03 3.700781476966156447e+01
6.030000000000000000e+03 3.700679230060345049e+01
6.031000000000000000e+03 3.700315719873141518e+01
6.032000000000000000e+03 3.699727262554958429e+01
6.033000000000000000e+03 3.699408766207441346e+01
6.034000000000000000e+03 3.698266306567198569e+01
6.035000000000000000e+03 3.697719323986896001e+01
6.036000000000000000e+03 3.697164990789335093e+01
6.037000000000000000e+03 3.696866636002505402e+01
6.038000000000000000e+03 3.696733747584650587e+01
6.039000000000000000e+03 3.696612000995099123e+01
6.040000000000000000e+03 3.696268383183243600e+01
6.041000000000000000e+03 3.696171036667475107e+01
6.042000000000000000e+03 3.695737345086533310e+01
6.043000000000000000e+03 3.695622162101922470e+01
6.044000000000000000e+03 3.695289727038156968e+01
6.045000000000000000e+03 3.695181726578503856e+01
6.046000000000000000e+03 3.694911379327636070e+01
6.047000000000000000e+03 3.694439009204332791e+01
6.048000000000000000e+03 3.694312534061310771e+01
6.049000000000000000e+03 3.694082280329197943e+01
6.050000000000000000e+03 3.693790644826176361e+01
6.051000000000000000e+03 3.693518677075628176e+01
6.052000000000000000e+03 3.693193334396577399e+01
6.053000000000000000e+03 3.693057550609707107e+01
6.054000000000000000e+03 3.692941955707661350e+01
6.055000000000000000e+03 3.692831940865266915e+01
6.056000000000000000e+03 3.692734861492552767e+01
6.057000000000000000e+03 3.692277268482534680e+01
6.058000000000000000e+03 3.692157448863903824e+01
6.059000000000000000e+03 3.692053834010349789e+01
6.060000000000000000e+03 3.691729599428735753e+01
6.061000000000000000e+03 3.691592537482706859e+01
6.062000000000000000e+03 3.691339053198943532e+01
6.063000000000000000e+03 3.691201352803268776e+01
6.064000000000000000e+03 3.690160090083573152e+01
6.065000000000000000e+03 3.689665919601449673e+01
6.066000000000000000e+03 3.689419511900949544e+01
6.067000000000000000e+03 3.689134067741745326e+01
6.068000000000000000e+03 3.689003640884742197e+01
6.069000000000000000e+03 3.688418390901651378e+01
6.070000000000000000e+03 3.688298004558154730e+01
6.071000000000000000e+03 3.688176808057329481e+01
6.072000000000000000e+03 3.688064682422251650e+01
6.073000000000000000e+03 3.687952535171137924e+01
6.074000000000000000e+03 3.687748327907669932e+01
6.075000000000000000e+03 3.687668038858863184e+01
6.076000000000000000e+03 3.687588813870900140e+01
6.077000000000000000e+03 3.687340118384680210e+01
6.078000000000000000e+03 3.687223000401073847e+01
6.079000000000000000e+03 3.686650939699165974e+01
6.080000000000000000e+03 3.686537702924459836e+01
6.081000000000000000e+03 3.686434403077754496e+01
6.082000000000000000e+03 3.685913345050055767e+01
6.083000000000000000e+03 3.685253028969966493e+01
6.084000000000000000e+03 3.684809801723880440e+01
6.085000000000000000e+03 3.684683243837473299e+01
6.086000000000000000e+03 3.684405619782044994e+01
6.087000000000000000e+03 3.684304435670016886e+01
6.088000000000000000e+03 3.684215370148517366e+01
6.089000000000000000e+03 3.683887315194826328e+01
6.090000000000000000e+03 3.683245254520454637e+01
6.091000000000000000e+03 3.683155735130088715e+01
6.092000000000000000e+03 3.682028661359574073e+01
6.093000000000000000e+03 3.680738952086173299e+01
6.094000000000000000e+03 3.680220318818496850e+01
6.095000000000000000e+03 3.679629693664001877e+01
6.096000000000000000e+03 3.679336064715002408e+01
6.097000000000000000e+03 3.678314917937647976e+01
6.098000000000000000e+03 3.678210443585660272e+01
6.099000000000000000e+03 3.678001173045300476e+01
7.000000000000000000e+03 3.444340726363797245e+01
7.001000000000000000e+03 3.444002337793820345e+01
7.002000000000000000e+03 3.443868805829627888e+01
7.003000000000000000e+03 3.443602181227782921e+01
7.004000000000000000e+03 3.443046733290006500e+01
7.005000000000000000e+03 3.442766608709244736e+01
7.006000000000000000e+03 3.442630402353059083e+01
7.007000000000000000e+03 3.442504150923252837e+01
7.008000000000000000e+03 3.442238635456448037e+01
7.009000000000000000e+03 3.442104624698273341e+01
7.010000000000000000e+03 3.441981734295016793e+01
7.011000000000000000e+03 3.441860346552915217e+01
7.012000000000000000e+03 3.441133674734849279e+01
7.013000000000000000e+03 3.440776123231520955e+01
7.014000000000000000e+03 3.440622541223517317e+01
7.015000000000000000e+03 3.440477333978923014e+01
7.016000000000000000e+03 3.440339155603876975e+01
7.017000000000000000e+03 3.440218071730026850e+01
7.018000000000000000e+03 3.440112767469301502e+01
7.019000000000000000e+03 3.440021207961923722e+01
7.020000000000000000e+03 3.439847054762010714e+01
7.021000000000000000e+03 3.439660071477177894e+01
7.022000000000000000e+03 3.439173865263473573e+01
7.023000000000000000e+03 3.439040607557261353e+01
7.024000000000000000e+03 3.438857479259915806e+01
7.025000000000000000e+03 3.438738732411371046e+01
7.026000000000000000e+03 3.438634100544447136e+01
7.027000000000000000e+03 3.438538682889811327e+01
7.028000000000000000e+03 3.438452384457906419e+01
7.029000000000000000e+03 3.438358967376247222e+01
7.030000000000000000e+03 3.438263066695950698e+01
7.031000000000000000e+03 3.438161397776003980e+01
7.032000000000000000e+03 3.437513405918529941e+01
7.033000000000000000e+03 3.436991109951173939e+01
7.034000000000000000e+03 3.436728349156305740e+01
7.035000000000000000e+03 3.436581478320816530e+01
7.036000000000000000e+03 3.436424812526308870e+01
7.037000000000000000e+03 3.436281471032513224e+01
7.038000000000000000e+03 3.436145494594538263e+01
7.039000000000000000e+03 3.436025458656402520e+01
7.040000000000000000e+03 3.435920372889388119e+01
7.041000000000000000e+03 3.435421545286584433e+01
7.042000000000000000e+03 3.435325381692670987e+01
7.043000000000000000e+03 3.434767156536966581e+01
7.044000000000000000e+03 3.434449980507463351e+01
7.045000000000000000e+03 3.434247647443230989e+01
7.046000000000000000e+03 3.434107337316378050e+01
7.047000000000000000e+03 3.433667511584820886e+01
7.048000000000000000e+03 3.433542953462490743e+01
7.049000000000000000e+03 3.433261162238993336e+01
7.050000000000000000e+03 3.433144565027247808e+01
7.051000000000000000e+03 3.433056284122788782e+01
7.052000000000000000e+03 3.432877725006673586e+01
7.053000000000000000e+03 3.432792435897589201e+01
7.054000000000000000e+03 3.432686516240499230e+01
7.055000000000000000e+03 3.432546644980259742e+01
7.056000000000000000e+03 3.431941391773627714e+01
7.057000000000000000e+03 3.431580333796424043e+01
7.058000000000000000e+03 3.431437746222614749e+01
7.059000000000000000e+03 3.431177275283624084e+01
7.060000000000000000e+03 3.430686019355314187e+01
7.061000000000000000e+03 3.430558646713336657e+01
7.062000000000000000e+03 3.430460272794282162e+01
7.063000000000000000e+03 3.430043723265595190e+01
7.064000000000000000e+03 3.429559682657193775e+01
7.065000000000000000e+03 3.429447408905603112e+01
7.066000000000000000e+03 3.429335930078461558e+01
7.067000000000000000e+03 3.429241771424548091e+01
7.068000000000000000e+03 3.429155079347042090e+01
7.069000000000000000e+03 3.428955678431400145e+01
7.070000000000000000e+03 3.428832788562525025e+01
7.071000000000000000e+03 3.428709187009472004e+01
7.072000000000000000e+03 3.428136408325378426e+01
7.073000000000000000e+03 3.428016673182749940e+01
7.074000000000000000e+03 3.427796585180653466e+01
7.075000000000000000e+03 3.427689838118233467e+01
7.076000000000000000e+03 3.427239383596021582e+01
7.077000000000000000e+03 3.427133324428334760e+01
7.078000000000000000e+03 3.427041272595663202e+01
7.079000000000000000e+03 3.426953702540188829e+01
7.080000000000000000e+03 3.426876442740605455e+01
7.081000000000000000e+03 3.426793107411946693e+01
7.082000000000000000e+03 3.426307685694580130e+01
7.083000000000000000e+03 3.426183390297653375e+01
7.084000000000000000e+03 3.425577505036503823e+01
7.085000000000000000e+03 3.425460648569652733e+01
7.086000000000000000e+03 3.425332199114416198e+01
7.087000000000000000e+03 3.425199593560582656e+01
7.088000000000000000e+03 3.424917257669369519e+01
7.089000000000000000e+03 3.424548754018220365e+01
7.090000000000000000e+03 3.424416360543176552e+01
7.091000000000000000e+03 3.424305450911435145e+01
7.092000000000000000e+03 3.424212611931545069e+01
7.093000000000000000e+03 3.424132740769240968e+01
7.094000000000000000e+03 3.423966727931875198e+01
7.095000000000000000e+03 3.423879592999106336e+01
7.096000000000000000e+03 3.423797983751063612e+01
7.097000000000000000e+03 3.423550202371549744e+01
7.098000000000000000e+03 3.423409086305218807e+01
7.099000000000000000e+03 3.422947110719635333e+01
8.000000000000000000e+03 3.227920266388430548e+01
8.001000000000000000e+03 3.227692901279291249e+01
8.002000000000000000e+03 3.227563226782306316e+01
8.003000000000000000e+03 3.227442328105624370e+01
8.004000000000000000e+03 3.227336433747645117e+01
8.005000000000000000e+03 3.227225513144485802e+01
8.006000000000000000e+03 3.226974042698337541e+01
8.007000000000000000e+03 3.226799589327781348e+01
8.008000000000000000e+03 3.226662327222433646e+01
8.009000000000000000e+03 3.226545744518159609e+01
8.010000000000000000e+03 3.226445201838869536e+01
8.011000000000000000e+03 3.226361387245943035e+01
8.012000000000000000e+03 3.225987303978978105e+01
8.013000000000000000e+03 3.225886381324461638e+01
8.014000000000000000e+03 3.225383126293129976e+01
8.015000000000000000e+03 3.225006769028427556e+01
8.016000000000000000e+03 3.224899623665625370e+01
8.017000000000000000e+03 3.224684700695193840e+01
8.018000000000000000e+03 3.224545977080248349e+01
8.019000000000000000e+03 3.224279265560257812e+01
8.020000000000000000e+03 3.224040252839503040e+01
8.021000000000000000e+03 3.223931849844639430e+01
8.022000000000000000e+03 3.223833930154930272e+01
8.023000000000000000e+03 3.223747288559641078e+01
8.024000000000000000e+03 3.223638669667506917e+01
8.025000000000000000e+03 3.223529324280960395e+01
8.026000000000000000e+03 3.223329307451210468e+01
8.027000000000000000e+03 3.223200309069500236e+01
8.028000000000000000e+03 3.222782649160443214e+01
8.029000000000000000e+03 3.222621405431986119e+01
8.030000000000000000e+03 3.222332769761970894e+01
8.031000000000000000e+03 3.222197666056675303e+01
8.032000000000000000e+03 3.222069200861483296e+01
8.033000000000000000e+03 3.221952352465658009e+01
8.034000000000000000e+03 3.221838118553631602e+01
8.035000000000000000e+03 3.221583617563395308e+01
8.036000000000000000e+03 3.221328538437062861e+01
8.037000000000000000e+03 3.221213482319952703e+01
8.038000000000000000e+03 3.221099867829408936e+01
8.039000000000000000e+03 3.220615533679167442e+01
8.040000000000000000e+03 3.220124287305162625e+01
8.041000000000000000e+03 3.220005031062649437e+01
8.042000000000000000e+03 3.219898276360696343e+01
8.043000000000000000e+03 3.219792957242966480e+01
8.044000000000000000e+03 3.219612905160061445e+01
8.045000000000000000e+03 3.219495280846137319e+01
8.046000000000000000e+03 3.219388503373973975e+01
8.047000000000000000e+03 3.219183381720625903e+01
8.048000000000000000e+03 3.219091444567204974e+01
8.049000000000000000e+03 3.218756150652421866e+01
8.050000000000000000e+03 3.218229545604635433e+01
8.051000000000000000e+03 3.218113164092244460e+01
8.052000000000000000e+03 3.217633799980604437e+01
8.053000000000000000e+03 3.217529587727895546e+01
8.054000000000000000e+03 3.217442308985373955e+01
8.055000000000000000e+03 3.217211509553422388e+01
8.056000000000000000e+03 3.217098292256818581e+01
8.057000000000000000e+03 3.216764604769714708e+01
8.058000000000000000e+03 3.216339903059277816e+01
8.059000000000000000e+03 3.216217260365812081e+01
8.060000000000000000e+03 3.216118113065557793e+01
8.061000000000000000e+03 3.216027229505750995e+01
8.062000000000000000e+03 3.215676153640471568e+01
8.063000000000000000e+03 3.215589558847635487e+01
8.064000000000000000e+03 3.215495238845439019e+01
8.065000000000000000e+03 3.215403534622774373e+01
8.066000000000000000e+03 3.215315826989761661e+01
8.067000000000000000e+03 3.215145411512696683e+01
8.068000000000000000e+03 3.214879507907064493e+01
8.069000000000000000e+03 3.214686771860437631e+01
8.070000000000000000e+03 3.214422553696827833e+01
8.071000000000000000e+03 3.214308286239594992e+01
8.072000000000000000e+03 3.214212815892661723e+01
8.073000000000000000e+03 3.214103088529840591e+01
8.074000000000000000e+03 3.213991344778654025e+01
8.075000000000000000e+03 3.213731965681546399e+01
8.076000000000000000e+03 3.213618266202749396e+01
8.077000000000000000e+03 3.213521294742662349e+01
8.078000000000000000e+03 3.213438967783319100e+01
8.079000000000000000e+03 3.213354185060831014e+01
8.080000000000000000e+03 3.213254412554916684e+01
8.081000000000000000e+03 3.213153093839840579e+01
8.082000000000000000e+03 3.213059140544459069e+01
8.083000000000000000e+03 3.212970927503466356e+01
8.084000000000000000e+03 3.212606932247560820e+01
8.085000000000000000e+03 3.212512194215408812e+01
8.086000000000000000e+03 3.212409300065537110e+01
8.087000000000000000e+03 3.212315806634827453e+01
8.088000000000000000e+03 3.212062910194907772e+01
8.089000000000000000e+03 3.211856978979680832e+01
8.090000000000000000e+03 3.211396361232425534e+01
8.091000000000000000e+03 3.211288317939590797e+01
8.092000000000000000e+03 3.211198931278331514e+01
8.093000000000000000e+03 3.211105792781228985e+01
8.094000000000000000e+03 3.211010712552629087e+01
8.095000000000000000e+03 3.210796645632574808e+01
8.096000000000000000e+03 3.210538097335027885e+01
8.097000000000000000e+03 3.210402405445184115e+01
8.098000000000000000e+03 3.209777648404210026e+01
8.099000000000000000e+03 3.209658133331181773e+01
9.000000000000000000e+03 3.051555896154260239e+01
9.001000000000000000e+03 3.051318148007799991e+01
9.002000000000000000e+03 3.051219473092749368e+01
9.003000000000000000e+03 3.051135397760751289e+01
9.004000000000000000e+03 3.051028607791135983e+01
9.005000000000000000e+03 3.050752087566488058e+01
9.006000000000000000e+03 3.050649261191427897e+01
9.007000000000000000e+03 3.050352084562033639e+01
9.008000000000000000e+03 3.050248151229928695e+01
9.009000000000000000e+03 3.050061500636823553e+01
9.010000000000000000e+03 3.049956355987710310e+01
9.011000000000000000e+03 3.049861848373716100e+01
9.012000000000000000e+03 3.049779233696192904e+01
9.013000000000000000e+03 3.049707463423827036e+01
9.014000000000000000e+03 3.049638208718705101e+01
9.015000000000000000e+03 3.049564309306107290e+01
9.016000000000000000e+03 3.048896140207905603e+01
9.017000000000000000e+03 3.048794647680315961e+01
9.018000000000000000e+03 3.048701618142036551e+01
9.019000000000000000e+03 3.048619638330612247e+01
9.020000000000000000e+03 3.048544759983499830e+01
9.021000000000000000e+03 3.048476520828913294e+01
9.022000000000000000e+03 3.048412966681237180e+01
9.023000000000000000e+03 3.048128076469178183e+01
9.024000000000000000e+03 3.048010342754975710e+01
9.025000000000000000e+03 3.047868862359353415e+01
9.026000000000000000e+03 3.047604368606046776e+01
9.027000000000000000e+03 3.047473332133730750e+01
9.028000000000000000e+03 3.047200370481022347e+01
9.029000000000000000e+03 3.046838644512667926e+01
9.030000000000000000e+03 3.046721894862773183e+01
9.031000000000000000e+03 3.046623894857863490e+01
9.032000000000000000e+03 3.046533560280371589e+01
9.033000000000000000e+03 3.046194582540258722e+01
9.034000000000000000e+03 3.046107639324004168e+01
9.035000000000000000e+03 3.046021259085087962e+01
9.036000000000000000e+03 3.045923794081618752e+01
9.037000000000000000e+03 3.045822567730509434e+01
9.038000000000000000e+03 3.045463917417695399e+01
9.039000000000000000e+03 3.045362602906219962e+01
9.040000000000000000e+03 3.045195491936372889e+01
9.041000000000000000e+03 3.045099684428555165e+01
9.042000000000000000e+03 3.045012291240789892e+01
9.043000000000000000e+03 3.044711802716045668e+01
9.044000000000000000e+03 3.044205406440362438e+01
9.045000000000000000e+03 3.044070668895908582e+01
9.046000000000000000e+03 3.043953642320275321e+01
9.047000000000000000e+03 3.043854168385608006e+01
9.048000000000000000e+03 3.043747189746275694e+01
9.049000000000000000e+03 3.043504228308048809e+01
9.050000000000000000e+03 3.043405885341697115e+01
9.051000000000000000e+03 3.043063214784265824e+01
9.052000000000000000e+03 3.042979274975445492e+01
9.053000000000000000e+03 3.042907508751270029e+01
9.054000000000000000e+03 3.042586546647022416e+01
9.055000000000000000e+03 3.042365748235820888e+01
9.056000000000000000e+03 3.042276824853587058e+01
9.057000000000000000e+03 3.042193623128154911e+01
9.058000000000000000e+03 3.041781721066623945e+01
9.059000000000000000e+03 3.041689442748918992e+01
9.060000000000000000e+03 3.041597052573747817e+01
9.061000000000000000e+03 3.041381786081404925e+01
9.062000000000000000e+03 3.040778055595426110e+01
9.063000000000000000e+03 3.040659860406140069e+01
9.064000000000000000e+03 3.040553435293336548e+01
9.065000000000000000e+03 3.040423192207289560e+01
9.066000000000000000e+03 3.040141078306622902e+01
9.067000000000000000e+03 3.040036954267797142e+01
9.068000000000000000e+03 3.039943320502530355e+01
9.069000000000000000e+03 3.039859574566375855e+01
9.070000000000000000e+03 3.039785547027418744e+01
9.071000000000000000e+03 3.039724311314846972e+01
9.072000000000000000e+03 3.039533841629572919e+01
9.073000000000000000e+03 3.039463304841291347e+01
9.074000000000000000e+03 3.039401398215608197e+01
9.075000000000000000e+03 3.039314352184876356e+01
9.076000000000000000e+03 3.039184217111238695e+01
9.077000000000000000e+03 3.039076807281879411e+01
9.078000000000000000e+03 3.038957266820717962e+01
9.079000000000000000e+03 3.038862259137303212e+01
9.080000000000000000e+03 3.038494523666980385e+01
9.081000000000000000e+03 3.038386712045777216e+01
9.082000000000000000e+03 3.038133091328793256e+01
9.083000000000000000e+03 3.038003276945157083e+01
9.084000000000000000e+03 3.037874819742571120e+01
9.085000000000000000e+03 3.037422184815907045e+01
9.086000000000000000e+03 3.036853932028425973e+01
9.087000000000000000e+03 3.036744866728692926e+01
9.088000000000000000e+03 3.036640579439195164e+01
9.089000000000000000e+03 3.036541142919743663e+01
9.090000000000000000e+03 3.036441678719530302e+01
9.091000000000000000e+03 3.036342325739619241e+01
9.092000000000000000e+03 3.036061028690919628e+01
9.093000000000000000e+03 3.035936016592032516e+01
9.094000000000000000e+03 3.035839595669258983e+01
9.095000000000000000e+03 3.035743625215895491e+01
9.096000000000000000e+03 3.035416609187662473e+01
9.097000000000000000e+03 3.035285478489769417e+01
9.098000000000000000e+03 3.035086474223782815e+01
9.099000000000000000e+03 3.034886111691304578e+01
