1.200000000000000000e+01 8.549572810448833025e+02
1.012000000000000000e+03 7.704527194345383805e+02
2.012000000000000000e+03 5.612111124757913103e+02
3.012000000000000000e+03 4.132828666204660522e+02
4.012000000000000000e+03 2.621795872315242946e+02
5.012000000000000000e+03 1.617977175492559923e+02
6.012000000000000000e+03 7.506375195413352230e+01
7.012000000000000000e+03 5.623159016978708280e+01
8.012000000000000000e+03 4.405537822469752740e+01
9.012000000000000000e+03 3.671170689933095588e+01
1.001200000000000000e+04 3.217744024723041463e+01
1.101200000000000000e+04 3.157759048498220267e+01
1.201200000000000000e+04 3.107896879474005658e+01
1.301200000000000000e+04 3.054752252277764057e+01
1.401200000000000000e+04 2.997866286329315244e+01
1.501200000000000000e+04 2.932001724553801125e+01
1.601200000000000000e+04 2.840634453872485210e+01
1.701200000000000000e+04 2.736462306424486002e+01
1.801200000000000000e+04 2.593213658277960576e+01
1.901200000000000000e+04 2.451246776059966237e+01
2.001200000000000000e+04 2.314916345234329142e+01
2.101200000000000000e+04 2.291659824246811183e+01
2.201200000000000000e+04 2.271806025245535210e+01
2.301200000000000000e+04 2.251724287353234288e+01
2.401200000000000000e+04 2.230326026608042156e+01
2.501200000000000000e+04 2.200964548146439625e+01
2.601200000000000000e+04 2.165266125165270950e+01
2.701200000000000000e+04 2.108994085839631794e+01
2.801200000000000000e+04 2.048572160564454592e+01
2.901200000000000000e+04 1.986782136847871527e+01
3.001200000000000000e+04 1.915703940317441578e+01
3.101200000000000000e+04 1.903051346471433547e+01
3.201200000000000000e+04 1.890076381152215390e+01
3.301200000000000000e+04 1.878673742143480396e+01
3.401200000000000000e+04 1.865887095923702432e+01
3.501200000000000000e+04 1.849623594804408100e+01
3.601200000000000000e+04 1.829709225467602352e+01
3.701200000000000000e+04 1.801662847571694925e+01
3.801200000000000000e+04 1.768824208071839266e+01
3.901200000000000000e+04 1.722635771297617779e+01
4.001200000000000000e+04 1.677754274156985304e+01
4.101200000000000000e+04 1.668807205414888983e+01
4.201200000000000000e+04 1.661292883650358476e+01
4.301200000000000000e+04 1.653842242686563324e+01
4.401200000000000000e+04 1.645629340763805004e+01
4.501200000000000000e+04 1.635890306081936529e+01
4.601200000000000000e+04 1.621238228866098652e+01
4.701200000000000000e+04 1.601312782831913495e+01
4.801200000000000000e+04 1.577417927585413793e+01
4.901200000000000000e+04 1.547652314027912368e+01
5.001200000000000000e+04 1.512958588947237359e+01
5.101200000000000000e+04 1.506583468291625572e+01
5.201200000000000000e+04 1.499830360097099557e+01
5.301200000000000000e+04 1.494120101936266032e+01
5.401200000000000000e+04 1.488155993621301221e+01
5.501200000000000000e+04 1.480650399438449583e+01
5.601200000000000000e+04 1.469294976069399716e+01
5.701200000000000000e+04 1.453711936221046663e+01
5.801200000000000000e+04 1.436049292728650784e+01
5.901200000000000000e+04 1.413968676052339291e+01
6.001200000000000000e+04 1.388295832774082861e+01
6.101200000000000000e+04 1.382957797460006510e+01
6.201200000000000000e+04 1.378390672962480679e+01
6.301200000000000000e+04 1.373315953478890350e+01
6.401200000000000000e+04 1.368384599191597140e+01
6.501200000000000000e+04 1.361859615765896336e+01
6.601200000000000000e+04 1.352582902485594829e+01
6.701200000000000000e+04 1.342466810289136347e+01
6.801200000000000000e+04 1.328798205968541168e+01
6.901200000000000000e+04 1.309387199580795169e+01
7.001200000000000000e+04 1.288793342047450352e+01
7.101200000000000000e+04 1.284395669865383383e+01
7.201200000000000000e+04 1.280866990619213652e+01
7.301200000000000000e+04 1.276763434835737598e+01
7.401200000000000000e+04 1.272889635939686315e+01
7.501200000000000000e+04 1.268148172466424306e+01
7.601200000000000000e+04 1.261131174916846476e+01
7.701200000000000000e+04 1.252607148685260086e+01
7.801200000000000000e+04 1.240941730044141522e+01
7.901200000000000000e+04 1.226735975607730111e+01
8.001200000000000000e+04 1.210665806924101773e+01
8.101200000000000000e+04 1.206855905083998692e+01
8.201200000000000000e+04 1.203612640605055084e+01
8.301200000000000000e+04 1.200720142590546757e+01
8.401200000000000000e+04 1.197178020728027725e+01
8.501200000000000000e+04 1.193758563512602677e+01
8.601200000000000000e+04 1.189325106904018448e+01
8.701200000000000000e+04 1.181846349117148520e+01
8.801200000000000000e+04 1.171917693001424254e+01
8.901200000000000000e+04 1.159645387687587359e+01
9.001200000000000000e+04 1.146336563569647993e+01
9.101200000000000000e+04 1.142936820054895364e+01
9.201200000000000000e+04 1.140121995842022073e+01
9.301200000000000000e+04 1.137496345584036739e+01
9.401200000000000000e+04 1.134878533297066028e+01
9.501200000000000000e+04 1.131763781397750890e+01
9.601200000000000000e+04 1.127581951362567914e+01
9.701200000000000000e+04 1.121155688670648232e+01
9.801200000000000000e+04 1.113629207709528224e+01
9.901200000000000000e+04 1.102226910663664228e+01
