1.200000000000000000e+01 8.549572810448833025e+02
1.800000000000000000e+01 6.178411549441275383e+02
2.400000000000000000e+01 5.120158019438605379e+02
3.000000000000000000e+01 4.484241466434713743e+02
3.600000000000000000e+01 4.047038104635175273e+02
4.200000000000000000e+01 3.722140153314635427e+02
4.800000000000000000e+01 3.468116751053490248e+02
5.400000000000000000e+01 3.262226556242294464e+02
6.000000000000000000e+01 3.090857652245381360e+02
6.600000000000000000e+01 2.945225717988510610e+02
7.200000000000000000e+01 2.819410734958435114e+02
7.800000000000000000e+01 2.709254403515250260e+02
8.400000000000000000e+01 2.611720961058617263e+02
9.000000000000000000e+01 2.524539031441214547e+02
9.600000000000000000e+01 2.445993187742471378e+02
1.002000000000000000e+03 8.085843708464302892e+01
1.008000000000000000e+03 8.063366451210332286e+01
1.014000000000000000e+03 8.041126109355275275e+01
1.020000000000000000e+03 8.019036618787227155e+01
1.026000000000000000e+03 7.997224493046289240e+01
1.032000000000000000e+03 7.975467798833585675e+01
1.038000000000000000e+03 7.953891745328579077e+01
1.044000000000000000e+03 7.932542217319473821e+01
1.050000000000000000e+03 7.911417805188722241e+01
1.056000000000000000e+03 7.890345159370994566e+01
1.062000000000000000e+03 7.869607298276670804e+01
1.068000000000000000e+03 7.849053184984062170e+01
1.074000000000000000e+03 7.828451674029142282e+01
1.080000000000000000e+03 7.808262904034054941e+01
1.086000000000000000e+03 7.788125933383278721e+01
1.092000000000000000e+03 7.768229207627341282e+01
1.098000000000000000e+03 7.748411641867552646e+01
2.004000000000000000e+03 5.853452295685048767e+01
2.010000000000000000e+03 5.845301745548606220e+01
2.016000000000000000e+03 5.837093454771159173e+01
2.022000000000000000e+03 5.829077043698620741e+01
2.028000000000000000e+03 5.821080312527558931e+01
2.034000000000000000e+03 5.813025469975207216e+01
2.040000000000000000e+03 5.805077663164879453e+01
2.046000000000000000e+03 5.797174061820834368e+01
2.052000000000000000e+03 5.789218673971143403e+01
2.058000000000000000e+03 5.781372616877539627e+01
2.064000000000000000e+03 5.773528536282844925e+01
2.070000000000000000e+03 5.765625123374714178e+01
2.076000000000000000e+03 5.757917467407744994e+01
2.082000000000000000e+03 5.750182691700173621e+01
2.088000000000000000e+03 5.742461452129088428e+01
2.094000000000000000e+03 5.734730265787136716e+01
3.000000000000000000e+03 4.849137581006035447e+01
3.006000000000000000e+03 4.844685207616549860e+01
3.012000000000000000e+03 4.840190187716309822e+01
3.018000000000000000e+03 4.835743252485266908e+01
3.024000000000000000e+03 4.831180067934488420e+01
3.030000000000000000e+03 4.826732709209039740e+01
3.036000000000000000e+03 4.822279879594918839e+01
3.042000000000000000e+03 4.817793251204683713e+01
3.048000000000000000e+03 4.813352000517315332e+01
3.054000000000000000e+03 4.808969897584558595e+01
3.060000000000000000e+03 4.804621857904361093e+01
3.066000000000000000e+03 4.800189394812699817e+01
3.072000000000000000e+03 4.795803444512775116e+01
3.078000000000000000e+03 4.791521517411823794e+01
3.084000000000000000e+03 4.787136146569013562e+01
3.090000000000000000e+03 4.782830606916417082e+01
3.096000000000000000e+03 4.778507805258386298e+01
4.002000000000000000e+03 4.238682755697432469e+01
4.008000000000000000e+03 4.235724622452170252e+01
4.014000000000000000e+03 4.232677696348303442e+01
4.020000000000000000e+03 4.229827232760613498e+01
4.026000000000000000e+03 4.226868397265479871e+01
4.032000000000000000e+03 4.223920495933111141e+01
4.038000000000000000e+03 4.221072351535534040e+01
4.044000000000000000e+03 4.218082844298517387e+01
4.050000000000000000e+03 4.215182372814583545e+01
4.056000000000000000e+03 4.212275222349063597e+01
4.062000000000000000e+03 4.209278280341320055e+01
4.068000000000000000e+03 4.206476053963811523e+01
4.074000000000000000e+03 4.203613485880576661e+01
4.080000000000000000e+03 4.200688378795172184e+01
4.086000000000000000e+03 4.197745990324990828e+01
4.092000000000000000e+03 4.194891351006518931e+01
4.098000000000000000e+03 4.191984668535771164e+01
5.004000000000000000e+03 3.818462211568085252e+01
5.010000000000000000e+03 3.816307228561512943e+01
5.016000000000000000e+03 3.814299482544835485e+01
5.022000000000000000e+03 3.812035869173276126e+01
5.028000000000000000e+03 3.809898630235589678e+01
5.034000000000000000e+03 3.807770492485333591e+01
5.040000000000000000e+03 3.805736486783305850e+01
5.046000000000000000e+03 3.803565763772972730e+01
5.052000000000000000e+03 3.801428214903349811e+01
5.058000000000000000e+03 3.799307884362148968e+01
5.064000000000000000e+03 3.797243072035878697e+01
5.070000000000000000e+03 3.795066610624118653e+01
5.076000000000000000e+03 3.793025784562112790e+01
5.082000000000000000e+03 3.790908284851903431e+01
5.088000000000000000e+03 3.788940747621345650e+01
5.094000000000000000e+03 3.786860873563452401e+01
6.000000000000000000e+03 3.507750611326733292e+01
6.006000000000000000e+03 3.506080960927357637e+01
6.012000000000000000e+03 3.504516864934024056e+01
6.018000000000000000e+03 3.502918097070262604e+01
6.024000000000000000e+03 3.501301829123154619e+01
6.030000000000000000e+03 3.499586912071102063e+01
6.036000000000000000e+03 3.497829306426710616e+01
6.042000000000000000e+03 3.496315757439653282e+01
6.048000000000000000e+03 3.494705484197070433e+01
6.054000000000000000e+03 3.493088826081596210e+01
6.060000000000000000e+03 3.491515377312678936e+01
6.066000000000000000e+03 3.489875611596782790e+01
6.072000000000000000e+03 3.488203740766698502e+01
6.078000000000000000e+03 3.486608044041037857e+01
6.084000000000000000e+03 3.484961873153763889e+01
6.090000000000000000e+03 3.483336160882765142e+01
6.096000000000000000e+03 3.481766128636550661e+01
7.002000000000000000e+03 3.263243863579161541e+01
7.008000000000000000e+03 3.261827402188673375e+01
7.014000000000000000e+03 3.260635855932308402e+01
7.020000000000000000e+03 3.259396284945735545e+01
7.026000000000000000e+03 3.258082925951351427e+01
7.032000000000000000e+03 3.256773533788383190e+01
7.038000000000000000e+03 3.255421515332567850e+01
7.044000000000000000e+03 3.254140786017978826e+01
7.050000000000000000e+03 3.252807914834846059e+01
7.056000000000000000e+03 3.251538004756483247e+01
7.062000000000000000e+03 3.250212685850843286e+01
7.068000000000000000e+03 3.248905536175294628e+01
7.074000000000000000e+03 3.247605935036401092e+01
7.080000000000000000e+03 3.246398231463260942e+01
7.086000000000000000e+03 3.245065849255126977e+01
7.092000000000000000e+03 3.243798841698211533e+01
7.098000000000000000e+03 3.242569654106685562e+01
8.004000000000000000e+03 3.065242829910648581e+01
8.010000000000000000e+03 3.064094669479012722e+01
8.016000000000000000e+03 3.063111560621582186e+01
8.022000000000000000e+03 3.062002180179023014e+01
8.028000000000000000e+03 3.060908088812973915e+01
8.034000000000000000e+03 3.059911500159910958e+01
8.040000000000000000e+03 3.058796136242114727e+01
8.046000000000000000e+03 3.057744692434884470e+01
8.052000000000000000e+03 3.056597095095844452e+01
8.058000000000000000e+03 3.055572321180860484e+01
8.064000000000000000e+03 3.054487590586480650e+01
8.070000000000000000e+03 3.053500587435835101e+01
8.076000000000000000e+03 3.052348618696267124e+01
8.082000000000000000e+03 3.051413069982239534e+01
8.088000000000000000e+03 3.050246266424922936e+01
8.094000000000000000e+03 3.049259432898762867e+01
9.000000000000000000e+03 2.901444946473450415e+01
9.006000000000000000e+03 2.900538359454706594e+01
9.012000000000000000e+03 2.899680498871961731e+01
9.018000000000000000e+03 2.898758011302420812e+01
9.024000000000000000e+03 2.897842348873445673e+01
9.030000000000000000e+03 2.896931533922867885e+01
9.036000000000000000e+03 2.895981419588403583e+01
9.042000000000000000e+03 2.895092343006319879e+01
9.048000000000000000e+03 2.894199998595271239e+01
9.054000000000000000e+03 2.893262998146655107e+01
9.060000000000000000e+03 2.892383064475341214e+01
9.066000000000000000e+03 2.891497285866591227e+01
9.072000000000000000e+03 2.890607926699757257e+01
9.078000000000000000e+03 2.889674026899779236e+01
9.084000000000000000e+03 2.888796738901452699e+01
9.090000000000000000e+03 2.887913887312296168e+01
9.096000000000000000e+03 2.887027616080644066e+01
