10000 174.42405445476666
20000 126.4512953176407
30000 104.99810777316908
40000 92.46001558814457
50000 83.53540987744296
60000 76.90888088709447
70000 71.69006228722728
80000 67.27814554884877
90000 63.7327813583701
100000 60.73072155910246
110000 58.1319997997214
120000 55.86517464005186
130000 53.7908636167054
140000 52.01555441650808
150000 50.4017494083891
160000 48.95325451395648
170000 47.609092774748106
180000 46.42179300986421
190000 45.29984394969178
200000 44.26888461667955
210000 43.30078855383224
220000 42.37828186825554
230000 41.51894781954524
240000 40.73391107440102
250000 39.97365805447138
260000 39.290307543416496
270000 38.61392578807186
280000 38.00023134909874
290000 37.39449351003068
300000 36.826944645167245
310000 36.28930244487258
320000 35.769751487972485
330000 35.26980407074012
340000 34.80795139811524
350000 34.336826923410754
360000 33.904572426413594
370000 33.48770173725739
380000 33.08434707826248
390000 32.70595123458092
400000 32.33208986425657
410000 31.971378224230353
420000 31.631097544563875
430000 31.28872661172732
440000 30.97369311229317
450000 30.65913810564509
460000 30.35937634934025
470000 30.055685129135497
480000 29.77505760951585
490000 29.500476580070636
500000 29.231038209692887
510000 28.96648899411598
520000 28.710489181329347
530000 28.46316444897459
540000 28.22343007677084
550000 27.98657592133578
560000 27.75887896359631
570000 27.53736144256309
580000 27.315132094539173
590000 27.095917341547157
600000 26.884861887833203
610000 26.67686869826428
620000 26.466583336253265
630000 26.26945641961082
640000 26.076582409257426
650000 25.884428481805532
660000 25.703107442120732
670000 25.517234767513283
680000 25.33707653000693
690000 25.161320633607655
700000 24.991875516860485
710000 24.82759357616308
720000 24.66026104221747
730000 24.503036081308423
740000 24.343792036484256
750000 24.19273420034652
760000 24.042144986484566
770000 23.895709850660847
780000 23.7494607829703
790000 23.606514571218202
800000 23.466388973852812
810000 23.33117977624438
820000 23.194443262396256
830000 23.063758750022288
840000 22.933570993365215
850000 22.806914548299414
860000 22.680100127400483
870000 22.558109075886907
880000 22.43785562164162
890000 22.318957314507493
900000 22.202916488335934
910000 22.08465331182387
920000 21.97220856643842
930000 21.862106064316716
940000 21.750602467204935
950000 21.642740337359793
960000 21.537704237002036
970000 21.43289896455246
980000 21.32859128764997
990000 21.227905975311533
1000000 21.127445639471155
1010000 21.027271759316992
1020000 20.931440116171782
1030000 20.83623070951759
1040000 20.742617136980538
1050000 20.65023845617993
1060000 20.557229649825093
1070000 20.46524852901226
1080000 20.37521413396755
1090000 20.287771454658937
1100000 20.199888429768922
1110000 20.11398500112769
1120000 20.02925131136497
1130000 19.9457087307863
1140000 19.864124599552184
1150000 19.782267351255996
1160000 19.70065270857507
1170000 19.62047144817025
1180000 19.54015327709789
1190000 19.462289097581635
1200000 19.384866119844247
1210000 19.30955869912387
1220000 19.234464308626837
1230000 19.160469459478602
1240000 19.08903139503153
1250000 19.016486806387146
1260000 18.94549911542931
1270000 18.8755754706352
1280000 18.80742233321349
1290000 18.73836933464342
1300000 18.669525757400216
1310000 18.60121858576809
1320000 18.535332491975563
1330000 18.46774247944238
1340000 18.40283754233262
1350000 18.33758764754239
1360000 18.27336013983043
1370000 18.211146528902155
1380000 18.148884751620184
1390000 18.087354446399967
1400000 18.027067625207174
1410000 17.966700329550193
1420000 17.90761199660288
1430000 17.84845987028094
1440000 17.789335050399384
1450000 17.731491998167876
1460000 17.673098122695812
1470000 17.616536125290857
1480000 17.559357172232218
1490000 17.502769941902766
1500000 17.446917374684777
1510000 17.392958109379872
1520000 17.339162168883014
1530000 17.285803405562227
1540000 17.232194689205944
1550000 17.178275426723065
1560000 17.12594817558821
1570000 17.073882579786698
1580000 17.023078798265313
1590000 16.97320994346244
1600000 16.923322320350156
1610000 16.87297433090152
1620000 16.82412550536463
1630000 16.77632435262457
1640000 16.728498587050808
1650000 16.680593449013102
1660000 16.633656036723206
1670000 16.5854084304904
1680000 16.5386080403447
1690000 16.492905801809542
1700000 16.447440879992666
1710000 16.40083423698263
1720000 16.356230467286125
1730000 16.31154740883942
1740000 16.267312648094368
1750000 16.222931572605404
1760000 16.179077047262858
1770000 16.136317870268424
1780000 16.093013116441522
1790000 16.050426816265727
1800000 16.008052723407342
1810000 15.965769949417387
1820000 15.923291286953505
1830000 15.882786217889254
1840000 15.841382423272588
1850000 15.800819038630184
1860000 15.761016942256353
1870000 15.721707996836345
1880000 15.68263887799034
1890000 15.643515387161349
1900000 15.603579434649875
1910000 15.565926101299697
1920000 15.527268554412878
1930000 15.48842015343041
1940000 15.449536413321963
1950000 15.411498743526446
1960000 15.374163482965974
1970000 15.336470064469705
1980000 15.29947198087284
1990000 15.263522098997852
2000000 15.227638268242165
2010000 15.192156938426463
2020000 15.15702934644302
2030000 15.120990726267895
2040000 15.085692970247203
2050000 15.051032474075837
2060000 15.015538617083042
2070000 14.981326122041542
2080000 14.946663663963962
2090000 14.913164863607195
2100000 14.879855192429234
2110000 14.847440444559462
2120000 14.814397928171415
2130000 14.781572600108216
2140000 14.748892760594368
2150000 14.716623803567458
2160000 14.684264381232122
2170000 14.65232305978025
2180000 14.620305238361611
2190000 14.588596427734199
2200000 14.556567751126995
2210000 14.525645300987957
2220000 14.494308308921653
2230000 14.463414074908062
2240000 14.432632688462936
2250000 14.401983998106411
2260000 14.37205034351299
2270000 14.341598410487189
2280000 14.311219323017964
2290000 14.281918113423119
2300000 14.251999900573455
2310000 14.223179006039786
2320000 14.193489514767721
2330000 14.164355609767457
2340000 14.135741204482324
2350000 14.107157404442143
2360000 14.078717423108298
2370000 14.050189382651316
2380000 14.022024177177022
2390000 13.994028218518904
2400000 13.966660551814236
2410000 13.939149557928822
2420000 13.911734739095822
2430000 13.884679468348857
2440000 13.857227668377707
2450000 13.830049858077809
2460000 13.803212684100723
2470000 13.776572534349292
2480000 13.750113100096963
2490000 13.723818686886169
2500000 13.697851618743686
2510000 13.672045474965044
2520000 13.646424853061127
2530000 13.621001697002672
2540000 13.595611091823942
2550000 13.57010254131211
2560000 13.545065754657317
2570000 13.51990123526072
2580000 13.495070143629967
2590000 13.470377163699002
2600000 13.445967734015461
2610000 13.421546161821567
2620000 13.397551157832336
2630000 13.373012898540676
2640000 13.349475594019786
2650000 13.325049885291167
2660000 13.301219417683042
2670000 13.2775398555457
2680000 13.254297254243589
2690000 13.231299644005764
2700000 13.2079437791605
2710000 13.184737071730256
2720000 13.161634354846699
2730000 13.138394391223825
2740000 13.115840292797456
2750000 13.093033917676049
2760000 13.07085620182572
2770000 13.04821298358542
2780000 13.02624696588647
2790000 13.004027889171125
2800000 12.981815622301847
2810000 12.959970365162917
2820000 12.938467515501722
2830000 12.916867358732606
2840000 12.895176950870608
2850000 12.873262046908183
2860000 12.852242262043228
2870000 12.83083729366713
2880000 12.809656691992183
2890000 12.788637243455286
2900000 12.767811443260344
2910000 12.746706149597927
2920000 12.726121207373469
2930000 12.70534807477456
2940000 12.68467531841414
2950000 12.664295588456566
2960000 12.644493585519134
2970000 12.624070435047775
2980000 12.603773340377026
2990000 12.583799967399393
3000000 12.56388116551266
3010000 12.544121195544161
3020000 12.523903334509834
3030000 12.504843120004194
3040000 12.485608432885563
3050000 12.46628690406294
3060000 12.446799730290968
3070000 12.42762399482184
3080000 12.408413147086762
3090000 12.38932921673056
3100000 12.370373137517866
3110000 12.351567307507874
3120000 12.332676450482628
3130000 12.314418692399208
3140000 12.295324938236103
3150000 12.276689792267655
3160000 12.258575551464999
3170000 12.240175958664251
3180000 12.22220730853499
3190000 12.203880531003724
3200000 12.185403987997464
3210000 12.167302518868237
3220000 12.149299154510093
3230000 12.13133330783186
3240000 12.11345544374887
3250000 12.095801022581941
3260000 12.077867616832332
3270000 12.060332044343637
3280000 12.042897341771837
3290000 12.025739199896092
3300000 12.008171806724707
3310000 11.990762669160375
3320000 11.973744828661756
3330000 11.956819069483917
3340000 11.940420855944192
3350000 11.923369970982284
3360000 11.906662102849204
3370000 11.890190022440018
3380000 11.873331742962861
3390000 11.856745874698078
3400000 11.83980507564976
3410000 11.82311284323965
3420000 11.806277811812155
3430000 11.790074290811402
3440000 11.773873320818547
3450000 11.757543891762216
3460000 11.741179118850823
3470000 11.724866567604098
3480000 11.708757689126768
3490000 11.692843900159529
3500000 11.676917412192099
3510000 11.660810311072307
3520000 11.644983293298413
3530000 11.62919856266426
3540000 11.613804998577349
3550000 11.598393393213227
3560000 11.582924622977037
3570000 11.567464074881684
3580000 11.552068524058027
3590000 11.536229296704251
3600000 11.521123682698112
3610000 11.505975650074186
3620000 11.49082860964756
3630000 11.475724476789146
3640000 11.460728509624227
3650000 11.445769358527068
3660000 11.430881274816608
3670000 11.415876394508995
3680000 11.401105876101449
3690000 11.386221395522488
3700000 11.37177215372398
3710000 11.357373367628886
3720000 11.342808699772235
3730000 11.328240232752119
3740000 11.313782029935076
3750000 11.299503445643447
3760000 11.285342948293831
3770000 11.27094933293499
3780000 11.256724347565193
3790000 11.24245879690931
3800000 11.22843234295288
3810000 11.21425807220228
3820000 11.200593350690111
3830000 11.18648537076657
3840000 11.172600492158203
3850000 11.158657396018768
3860000 11.144947548467734
3870000 11.131398697495571
3880000 11.117807763991351
3890000 11.104366359802787
3900000 11.090790568087677
3910000 11.077364312407918
3920000 11.063753592637708
3930000 11.050407596871727
3940000 11.036904644408807
3950000 11.023552639933815
3960000 11.010493704138998
3970000 10.997239302867028
3980000 10.984296788527036
3990000 10.971185597971798
4000000 10.95808736485997
4010000 10.945160582116118
4020000 10.932228297762721
4030000 10.918898765634767
4040000 10.906059622894547
4050000 10.893196926826603
4060000 10.880438221504145
4070000 10.867571931424871
4080000 10.854903308059681
4090000 10.842310068934516
4100000 10.829748546213828
4110000 10.817050844468318
4120000 10.804560276859165
4130000 10.792229594839725
4140000 10.779723757280458
4150000 10.767669219004901
4160000 10.755241783948344
4170000 10.74306228059408
4180000 10.730832704053476
4190000 10.71879823015981
4200000 10.70649073534049
4210000 10.694334014267236
4220000 10.682280993208959
4230000 10.66998781111814
4240000 10.657988024503359
4250000 10.645867558265698
4260000 10.633902786090694
4270000 10.622027295446777
4280000 10.609885027622466
4290000 10.598292363153499
4300000 10.586483184673517
4310000 10.574656908457253
4320000 10.562845607715687
4330000 10.5511862782367
4340000 10.539499464380269
4350000 10.528125277386879
4360000 10.516701425543637
4370000 10.505382270068461
4380000 10.493985640994843
4390000 10.482536683197722
4400000 10.471249293817447
4410000 10.460008708449879
4420000 10.448713145891437
4430000 10.43752279113793
4440000 10.426304104994337
4450000 10.415204601166321
4460000 10.404262147678208
4470000 10.392994612941889
4480000 10.381953804663585
4490000 10.370976097139655
4500000 10.360153090299312
4510000 10.349300426956415
4520000 10.33835702223157
4530000 10.327399582460247
4540000 10.316532490360686
4550000 10.305713051854978
4560000 10.294963193344799
4570000 10.284050805742014
4580000 10.273278012267749
4590000 10.262675840551438
4600000 10.252002032030182
4610000 10.241399321958315
4620000 10.230697763714106
4630000 10.220080840616623
4640000 10.209672062261605
4650000 10.199414352563878
4660000 10.188957444373703
4670000 10.178495220093692
4680000 10.168068774344857
4690000 10.157765995521633
4700000 10.147354130383192
4710000 10.137014619250213
4720000 10.12696229858813
4730000 10.116656119601531
4740000 10.106386409258958
4750000 10.095968363990417
4760000 10.085800189244582
4770000 10.075732100800778
4780000 10.065617221072552
4790000 10.055707563688774
4800000 10.045640037736241
4810000 10.035660051034348
4820000 10.02575592280088
4830000 10.015812611135486
4840000 10.005912518638555
4850000 9.9960466549659
4860000 9.986360383223712
4870000 9.97652258397131
4880000 9.966751547001412
4890000 9.95683782467212
4900000 9.947264057142787
4910000 9.937454545844844
4920000 9.92797863156633
4930000 9.91841613308226
4940000 9.908803431525298
4950000 9.899289017201847
4960000 9.889773079311878
4970000 9.88031097905397
4980000 9.870982698828232
4990000 9.86139143669082
5000000 9.852062631506213
5010000 9.842653428767573
5020000 9.833377789499908
5030000 9.824097036761755
5040000 9.814644102880765
5050000 9.805338473136493
5060000 9.79593303931056
5070000 9.786729023091103
5080000 9.777579917006427
5090000 9.768591925973775
5100000 9.759661718063082
5110000 9.750353091026774
5120000 9.74135519742412
5130000 9.732254449835894
5140000 9.723076386089675
5150000 9.713917324571646
5160000 9.705013186622134
5170000 9.696148921790483
5180000 9.687280294580958
5190000 9.678335517170506
5200000 9.669382016692289
5210000 9.660696541942054
5220000 9.651831495638813
5230000 9.643036316103025
5240000 9.634324904631836
5250000 9.62539179148358
5260000 9.616767063176841
5270000 9.608096465856281
5280000 9.599381791858013
5290000 9.590719613908476
5300000 9.582065264925408
5310000 9.573537234730424
5320000 9.564920329340687
5330000 9.556325665113597
5340000 9.54786098694935
5350000 9.53931887655696
5360000 9.530860778543456
5370000 9.522375387070777
5380000 9.513839597504838
5390000 9.505340692876482
5400000 9.496897333353768
5410000 9.48845054942058
5420000 9.480021342658345
5430000 9.471859340543949
5440000 9.463474367149772
5450000 9.455299434252593
5460000 9.446831575188545
5470000 9.438459587022178
5480000 9.43018941376063
5490000 9.421860247726917
5500000 9.41367748107977
5510000 9.405556585501783
5520000 9.397632959685033
5530000 9.389677021072067
5540000 9.381546751576614
5550000 9.373414434890881
5560000 9.365329167827081
5570000 9.357349725937459
5580000 9.34948121178765
5590000 9.341380522032852
5600000 9.33341562873891
5610000 9.325527858332922
5620000 9.317554445968817
5630000 9.309562714050154
5640000 9.301648115222232
5650000 9.293710511318091
5660000 9.285758370327926
5670000 9.27796361364544
5680000 9.27010307531256
5690000 9.262370021302003
5700000 9.254627547772241
5710000 9.246849281758783
5720000 9.239155988921743
5730000 9.231514482290136
5740000 9.223773801638352
5750000 9.216231090800012
5760000 9.208544561595314
5770000 9.200961911539064
5780000 9.193346506456415
5790000 9.18570661381625
5800000 9.177936802625112
5810000 9.170478983443651
5820000 9.162919231369715
5830000 9.15557131617309
5840000 9.148093212330748
5850000 9.140760275950882
5860000 9.133234339604899
5870000 9.125886472727636
5880000 9.118521745694302
5890000 9.110939301585653
5900000 9.103692958933907
5910000 9.096181926147947
5920000 9.08882704956079
5930000 9.081391768680287
5940000 9.07417525665576
5950000 9.06689279623324
5960000 9.059649245432588
5970000 9.052561387058493
5980000 9.045346523647858
5990000 9.038063170975981
6000000 9.030942687647745
6010000 9.023786264392216
6020000 9.016766858541233
6030000 9.009605819043786
6040000 9.002469939125914
6050000 8.995423869865473
6060000 8.988422619521188
6070000 8.981445782922032
6080000 8.974474082093048
6090000 8.967490894170892
6100000 8.960562489351132
6110000 8.95364900957024
6120000 8.946699346350817
6130000 8.93974372243864
6140000 8.932855642437435
6150000 8.925876049863284
6160000 8.919057598006402
6170000 8.912055360955405
6180000 8.905161994902686
6190000 8.898214248282448
6200000 8.89134025711972
6210000 8.884550487657624
6220000 8.877796758298656
6230000 8.871044094584875
6240000 8.864185282158452
6250000 8.857416344067683
6260000 8.850819911192497
6270000 8.844174690900282
6280000 8.837571648279955
6290000 8.83080328473169
6300000 8.824046935006871
6310000 8.817313522997209
6320000 8.810635407561113
6330000 8.80400892268913
6340000 8.797394708535682
6350000 8.790782891502682
6360000 8.784216288830468
6370000 8.777574716693161
6380000 8.771092937734696
6390000 8.76445136350228
6400000 8.757969780620005
6410000 8.751345502714798
6420000 8.744825961234177
6430000 8.738118421788714
6440000 8.731864431304096
6450000 8.725317778092984
6460000 8.718732128410831
6470000 8.712214008335676
6480000 8.70565877628119
6490000 8.699420022266546
6500000 8.692943017071103
6510000 8.686592143753094
6520000 8.680237725255502
6530000 8.673857143964408
6540000 8.66754717151797
6550000 8.661241117079785
6560000 8.654931458646878
6570000 8.648680013634708
6580000 8.642316501973468
6590000 8.636210969420382
6600000 8.629935687971248
6610000 8.623885170940012
6620000 8.617571917106487
6630000 8.61130975826701
6640000 8.604992977023972
6650000 8.59867065479824
6660000 8.59235599568228
6670000 8.586318630673288
6680000 8.580127943550117
6690000 8.574095802931463
6700000 8.56803061635464
6710000 8.561908049626176
6720000 8.55579360464102
6730000 8.54965040395837
6740000 8.543539179923847
6750000 8.537510804798885
6760000 8.531432579505386
6770000 8.52539647962868
6780000 8.519405965076272
6790000 8.51343555054874
6800000 8.507490571557307
6810000 8.501458647413765
6820000 8.495419484622502
6830000 8.48941407911597
6840000 8.483395552723536
6850000 8.47743308096362
6860000 8.471414787807872
6870000 8.465671331035916
6880000 8.4598222647667
6890000 8.453885637302882
6900000 8.447973334085411
6910000 8.442272793728213
6920000 8.436529319827965
6930000 8.430823094728881
6940000 8.424984920147105
6950000 8.419289274071158
6960000 8.413365978002059
6970000 8.407649550158931
6980000 8.401959821349548
6990000 8.396285261999545
7000000 8.390536881306597
7010000 8.384808546436433
7020000 8.379047034739607
7030000 8.373379301253769
7040000 8.36758406810066
7050000 8.36191001240254
7060000 8.356199744683515
7070000 8.35053983308318
7080000 8.344870389794933
7090000 8.339238593125897
7100000 8.333649974733058
7110000 8.328049543765609
7120000 8.322577084022068
7130000 8.316899656755675
7140000 8.311347643804242
7150000 8.305767629898751
7160000 8.300183678137543
7170000 8.294644320611429
7180000 8.289086835204838
7190000 8.283605565712401
7200000 8.27810880508258
7210000 8.272561304586462
7220000 8.266994802899566
7230000 8.261476503950568
7240000 8.256034814852622
7250000 8.250554473737292
7260000 8.245275115420904
7270000 8.23987323508152
7280000 8.234487067263535
7290000 8.228998684781887
7300000 8.223682549370906
7310000 8.218345296171517
7320000 8.212959955250252
7330000 8.207557748015418
7340000 8.202350250903946
7350000 8.197071783230506
7360000 8.19173625174534
7370000 8.186385622498698
7380000 8.181135304392114
7390000 8.17582405743383
7400000 8.170552665782578
7410000 8.165226196479743
7420000 8.1600860009406
7430000 8.154823477623138
7440000 8.149631560702296
7450000 8.14442594351102
7460000 8.139184729228967
7470000 8.133943138981893
7480000 8.128665719925946
7490000 8.123561041298426
7500000 8.118452462124125
7510000 8.113337979543337
7520000 8.108068840847748
7530000 8.102966301163601
7540000 8.097838405305396
7550000 8.092638447219455
7560000 8.087448559714446
7570000 8.082393758698576
7580000 8.077294513799107
7590000 8.072182080234084
7600000 8.067192674260863
7610000 8.062056423573049
7620000 8.057085989278784
7630000 8.051913197785742
7640000 8.046852635147873
7650000 8.04178589519745
7660000 8.036728523238207
7670000 8.031674438222428
7680000 8.026705239892603
7690000 8.021762349444636
7700000 8.016767267581109
7710000 8.011800933738542
7720000 8.006820307707232
7730000 8.001782712966074
7740000 7.9968917710034075
7750000 7.991991016026766
7760000 7.987026424130949
7770000 7.982187093110869
7780000 7.977265912635326
7790000 7.972451443620275
7800000 7.967559877225804
7810000 7.962684267372442
7820000 7.957794121831553
7830000 7.9529954690301485
7840000 7.948111000623894
7850000 7.9432917981769355
7860000 7.938488983785515
7870000 7.933672408747273
7880000 7.928734093735191
7890000 7.923876627903224
7900000 7.919003426931107
7910000 7.914236788128674
7920000 7.90948483748881
7930000 7.904725671624339
7940000 7.900038849052297
7950000 7.895263268891865
7960000 7.890568759709652
7970000 7.8858395840256295
7980000 7.881139263323519
7990000 7.876394723349911
8000000 7.871676247053685
8010000 7.866966023156139
8020000 7.862141214094528
8030000 7.857568791206809
8040000 7.852895381752082
8050000 7.848239270558165
8060000 7.843580666484853
8070000 7.838981020147954
8080000 7.834310204830507
8090000 7.829684835820714
8100000 7.825058608200331
8110000 7.820419389355703
8120000 7.8158061628471245
8130000 7.811230258620992
8140000 7.806529190659593
8150000 7.801961629884227
8160000 7.797444724318665
8170000 7.792791692853119
8180000 7.788236810486284
8190000 7.783725687305515
8200000 7.7792424998596585
8210000 7.774697743750551
8220000 7.770165191412363
8230000 7.765667484052652
8240000 7.761161320641043
8250000 7.756606717456606
8260000 7.752127012139276
8270000 7.747624402464815
8280000 7.743075436334308
8290000 7.738612348086501
8300000 7.7341251062110565
8310000 7.729658979262419
8320000 7.725284586351318
8330000 7.720791153090587
8340000 7.716365187253679
8350000 7.71199699391667
8360000 7.707561841971002
8370000 7.703088835834219
8380000 7.698757218184303
8390000 7.69438046557928
8400000 7.690033431711079
8410000 7.685552586194784
8420000 7.681188765177528
8430000 7.676743185313001
8440000 7.672427729894364
8450000 7.668022388069031
8460000 7.663695952538988
8470000 7.659393643425881
8480000 7.655126063597812
8490000 7.650726971209342
8500000 7.646351041716759
8510000 7.6419686017070525
8520000 7.637647614406495
8530000 7.633436689463306
8540000 7.629171740626123
8550000 7.624892321487452
8560000 7.620660528134939
8570000 7.6164380964745595
8580000 7.612191174962485
8590000 7.6079048308296455
8600000 7.603720422690873
8610000 7.599437070361383
8620000 7.595238397131424
8630000 7.590978354268806
8640000 7.586858729872998
8650000 7.582767064451644
8660000 7.578569829557
8670000 7.574334424205353
8680000 7.570139275715504
8690000 7.5659723212631995
8700000 7.561800992677292
8710000 7.557674001884737
8720000 7.5536035653752425
8730000 7.549474346827909
8740000 7.545371570335867
8750000 7.54120978175649
8760000 7.537119427142277
8770000 7.532917478673471
8780000 7.528794072608802
8790000 7.524676482921663
8800000 7.520600624783929
8810000 7.516580960482783
8820000 7.5124958278724305
8830000 7.508370094608776
8840000 7.504294960387983
8850000 7.500247849280452
8860000 7.496100778213141
8870000 7.492055112887186
8880000 7.4880319998283165
8890000 7.4840326439231
8900000 7.47995699782845
8910000 7.475990729068388
8920000 7.4719513687470736
8930000 7.467848634016026
8940000 7.4638603225307865
8950000 7.459854611110789
8960000 7.455840250440014
8970000 7.45188712330282
8980000 7.447920721488866
8990000 7.443937436803218
9000000 7.440018073442815
9010000 7.436137199938806
9020000 7.432147447651725
9030000 7.428183615307034
9040000 7.424225082079849
9050000 7.420338230531109
9060000 7.416417696218723
9070000 7.412505421147026
9080000 7.408584950320146
9090000 7.404626684232818
9100000 7.400718355795984
9110000 7.396794056835556
9120000 7.392934391517646
9130000 7.389119769279568
9140000 7.385233430651455
9150000 7.381327276820734
9160000 7.377387570842765
9170000 7.37359283578271
9180000 7.369693267318071
9190000 7.365835647920283
9200000 7.361943924346288
9210000 7.35811773392359
9220000 7.354268521727382
9230000 7.350506842144627
9240000 7.346660134139527
9250000 7.3428533971115515
9260000 7.338997208866138
9270000 7.335232438865486
9280000 7.3313890464748335
9290000 7.3276631215188965
9300000 7.323859115517707
9310000 7.320075005929694
9320000 7.3162740944266025
9330000 7.3125607415036855
9340000 7.308830169871884
9350000 7.305044858076068
9360000 7.301269768583108
9370000 7.297626899418952
9380000 7.293852559063495
9390000 7.290123815410728
9400000 7.286403585533493
9410000 7.282656807566432
9420000 7.279008657012067
9430000 7.275321032487877
9440000 7.271631148665763
9450000 7.267916813779279
9460000 7.264228064555165
9470000 7.260564162953642
9480000 7.256865154231754
9490000 7.253289848902953
9500000 7.249619680317225
9510000 7.246007311363055
9520000 7.24241512379428
9530000 7.238745192430518
9540000 7.235108623900962
9550000 7.2314781031392386
9560000 7.227855972127312
9570000 7.22427590660747
9580000 7.2206398244984324
9590000 7.21707470234897
9600000 7.213473102050944
9610000 7.2099005697469645
9620000 7.206325743474607
9630000 7.202748003083003
9640000 7.19919584097876
9650000 7.195670117464731
9660000 7.192048250810061
9670000 7.188465537915078
9680000 7.184891823541396
9690000 7.181340189970427
9700000 7.17784609179522
9710000 7.174308283136784
9720000 7.170736514366638
9730000 7.167197201071306
9740000 7.163829084484323
9750000 7.160231464703983
9760000 7.156688094740803
9770000 7.153161875166959
9780000 7.149777286273843
9790000 7.146242245386205
9800000 7.142793471395722
9810000 7.139296885739863
9820000 7.135843311401114
9830000 7.132368599826363
9840000 7.128835438674124
9850000 7.125381275899596
9860000 7.121885609147904
9870000 7.11840593538982
9880000 7.115012929661534
9890000 7.111517027472791
9900000 7.108022867297227
9910000 7.104575688717918
9920000 7.10120107593853
9930000 7.097772181944097
9940000 7.094353618940347
9950000 7.090902318681904
9960000 7.087511202029032
9970000 7.08412506028899
9980000 7.0806884050330545
9990000 7.077321266964841
10000000 7.073875772177802
10010000 7.07053687668845
10020000 7.067134346793711
10030000 7.063768870964068
10040000 7.060329461818286
10050000 7.056978499947825
10060000 7.053556705601206
10070000 7.050202585751464
10080000 7.046830806940266
10090000 7.043472189060396
10100000 7.040118261000243
10110000 7.036771136926832
10120000 7.033515500722823
10130000 7.030245255824953
10140000 7.026853920301552
10150000 7.023597664959189
10160000 7.02024809606998
10170000 7.016966605092703
10180000 7.013684438738895
10190000 7.010462334473061
10200000 7.007112289450478
10210000 7.003724639535167
10220000 7.0004116606100135
10230000 6.997227370975054
10240000 6.993971295501252
10250000 6.990684170700831
10260000 6.9873995720335635
10270000 6.984129898401221
10280000 6.980894127535893
10290000 6.977705571006179
10300000 6.97447533122025
10310000 6.971235690442732
10320000 6.968027939666038
10330000 6.964842185576813
10340000 6.961565800792166
10350000 6.95834811241944
10360000 6.955110886637951
10370000 6.951927591106699
10380000 6.948687085484789
10390000 6.945540381283321
10400000 6.942327474557473
10410000 6.939085142490322
10420000 6.935906839417575
10430000 6.932745868042338
10440000 6.929551149874242
10450000 6.926386394706621
10460000 6.923196043633039
10470000 6.920056491014223
10480000 6.916902711990167
10490000 6.913761218851621
10500000 6.9105631026588
10510000 6.907473543089906
10520000 6.904387356357188
10530000 6.901279469379893
10540000 6.898130376151888
10550000 6.894988766131933
10560000 6.891867219215502
10570000 6.888768605164186
10580000 6.8856843808184225
10590000 6.882665379202699
10600000 6.879561848219887
10610000 6.876456138048885
10620000 6.87332421404447
10630000 6.870271001006101
10640000 6.867178396674495
10650000 6.864100407688587
10660000 6.860995128462188
10670000 6.8578970951749
10680000 6.854841906381666
10690000 6.851719498836858
10700000 6.848621788655981
10710000 6.845530893584344
10720000 6.842514919163049
10730000 6.839432930938432
10740000 6.836378595814408
10750000 6.833248832247929
10760000 6.830139723978684
10770000 6.827041161034911
10780000 6.823979943290698
10790000 6.820901126101021
10800000 6.817946927254589
10810000 6.814912170166326
10820000 6.811942183837835
10830000 6.808886720229497
10840000 6.805880350965501
10850000 6.802828476625279
10860000 6.799766206441186
10870000 6.796766619061071
10880000 6.793729450140867
10890000 6.790786227110718
10900000 6.787800562854904
10910000 6.784821280986624
10920000 6.781772932907184
10930000 6.778840414953958
10940000 6.775884982127445
10950000 6.772862251932039
10960000 6.769925056455512
10970000 6.766943562442666
10980000 6.764016795133251
10990000 6.76101262114674
11000000 6.758057353579687
11010000 6.755070369441966
11020000 6.7521254584638335
11030000 6.74916952199702
11040000 6.746215631477851
11050000 6.743266863214478
11060000 6.740343261125623
11070000 6.737424992568971
11080000 6.734521984008721
11090000 6.731548117837258
11100000 6.728642458678887
11110000 6.725731187636425
11120000 6.722893962198916
11130000 6.719970854289658
11140000 6.7170830102750765
11150000 6.714185773763849
11160000 6.7112903358397045
11170000 6.708351921832148
11180000 6.705506773717867
11190000 6.702651100623082
11200000 6.699825404026076
11210000 6.696966139399976
11220000 6.694104443855955
11230000 6.691221308137811
11240000 6.688384103156076
11250000 6.685512775446587
11260000 6.682584646207893
11270000 6.679801655391567
11280000 6.676951935244592
11290000 6.674055227606442
11300000 6.671199673197591
11310000 6.668387644766035
11320000 6.66552567733904
11330000 6.662760491096247
11340000 6.659889344809448
11350000 6.657069272488586
11360000 6.654236953396245
11370000 6.651409099320816
11380000 6.648610508633689
11390000 6.645793728887964
11400000 6.64296800897207
11410000 6.640213086438679
11420000 6.637397190160206
11430000 6.634593911078975
11440000 6.631748805991869
11450000 6.628972513937692
11460000 6.6261771831560825
11470000 6.623417306214902
11480000 6.620639827154652
11490000 6.6179125846934275
11500000 6.61509628650065
11510000 6.612348817212914
11520000 6.60959465434911
11530000 6.6068622947649915
11540000 6.604113835252648
11550000 6.601394778424023
11560000 6.5986447204782275
11570000 6.5959321179997765
11580000 6.59319225248834
11590000 6.590482683950835
11600000 6.587740376628136
11610000 6.584991766905657
11620000 6.582220859047942
11630000 6.57945601558012
11640000 6.576715455935776
11650000 6.574041584917694
11660000 6.571277787864927
11670000 6.568575280287082
11680000 6.5658616570005215
11690000 6.563223174952809
11700000 6.560446446846744
11710000 6.557788143579902
11720000 6.55506846975825
11730000 6.552380123012675
11740000 6.549704280399163
11750000 6.54707973996718
11760000 6.544376198968375
11770000 6.5417424470666665
11780000 6.539107253317361
11790000 6.536437748121005
11800000 6.533757705717986
11810000 6.531066271041315
11820000 6.528410113753626
11830000 6.525738324425718
11840000 6.523129333478406
11850000 6.520464760143226
11860000 6.517823883468461
11870000 6.51518452765103
11880000 6.512554645660793
11890000 6.509917533629921
11900000 6.507258895103723
11910000 6.504643035798426
11920000 6.502008969257563
11930000 6.4993696982961415
11940000 6.496794218458589
11950000 6.4941178013626555
11960000 6.491530806502283
11970000 6.488894746138886
11980000 6.486280967071138
11990000 6.483663662254568
12000000 6.481073950881878
12010000 6.478497300363041
12020000 6.475914835440477
12030000 6.473351388932587
12040000 6.4707733576330195
12050000 6.4681996393997006
12060000 6.4656884581650615
12070000 6.463133722122519
12080000 6.460555521004802
12090000 6.457968204204064
12100000 6.4554585632661565
12110000 6.452949914437483
12120000 6.450378761599416
12130000 6.447782105396453
12140000 6.445240660946189
12150000 6.442679480240334
12160000 6.440154751689985
12170000 6.437557031336209
12180000 6.435040164466078
12190000 6.432480753116425
12200000 6.429976516975221
12210000 6.427440912921533
12220000 6.4248909025167915
12230000 6.422381460083617
12240000 6.419866499031665
12250000 6.417315439615616
12260000 6.414844757202368
12270000 6.412325714246355
12280000 6.409875975736154
12290000 6.407378631283851
12300000 6.4048755480218835
12310000 6.402384150313586
12320000 6.399926946982125
12330000 6.397391363099668
12340000 6.394899145901956
12350000 6.392414983187848
12360000 6.3899358279409
12370000 6.387423186034905
12380000 6.384936773308686
12390000 6.382451603219419
12400000 6.379988139530672
12410000 6.377535579225407
12420000 6.375093228877731
12430000 6.3726471864503
12440000 6.370218259489473
12450000 6.367782967349993
12460000 6.36530610909852
12470000 6.362851690213529
12480000 6.360460537656804
12490000 6.358014103216667
12500000 6.355533610721831
12510000 6.353107553175526
12520000 6.3506813839223835
12530000 6.348276905262179
12540000 6.345834039783633
12550000 6.343385761558698
12560000 6.340959415357266
12570000 6.33856917667335
12580000 6.336133938934956
12590000 6.3337549615643685
12600000 6.331336248212392
12610000 6.328918945325617
12620000 6.32647833496408
12630000 6.324086189725767
12640000 6.321717044300974
12650000 6.319343102338626
12660000 6.316974217523356
12670000 6.314580753582056
12680000 6.312186455009984
12690000 6.309827928985969
12700000 6.307477052951938
12710000 6.305094734272085
12720000 6.302728939579901
12730000 6.300354012396504
12740000 6.298005621651695
12750000 6.295637682252866
12760000 6.2932680318830005
12770000 6.290879239242541
12780000 6.288480445993052
12790000 6.286140995662433
12800000 6.283770614488142
12810000 6.281464622323682
12820000 6.279110993678479
12830000 6.276736157487176
12840000 6.274356918926961
12850000 6.271997222937776
12860000 6.269633700983746
12870000 6.267309745506772
12880000 6.264970966016866
12890000 6.2626587466034564
12900000 6.260339927896698
12910000 6.258044899014539
12920000 6.255687032465259
12930000 6.253390941294845
12940000 6.251043566431568
12950000 6.248725616854151
12960000 6.246409348967523
12970000 6.244124645233373
12980000 6.2418207695246855
12990000 6.239488507461976
13000000 6.237165614493742
13010000 6.234867597792506
13020000 6.232588335850806
13030000 6.23029203252949
13040000 6.2279943703635725
13050000 6.225706409690242
13060000 6.223464095912292
13070000 6.221147898084895
13080000 6.218856999832096
13090000 6.216530616348453
13100000 6.214222000809057
13110000 6.211955177866863
13120000 6.209657152108296
13130000 6.207375525527213
13140000 6.205104828818497
13150000 6.202822796920942
13160000 6.200591397676168
13170000 6.198298478976646
13180000 6.19604969138693
13190000 6.19379990905514
13200000 6.191595506393266
13210000 6.189336563649897
13220000 6.187109134290096
13230000 6.184876816249523
13240000 6.182620027199324
13250000 6.180316253497712
13260000 6.178082236294737
13270000 6.1758360778894055
13280000 6.173624076896756
13290000 6.171346073013522
13300000 6.169088613207169
13310000 6.1668358782087225
13320000 6.1646142029934206
13330000 6.162365280042073
13340000 6.160122429433611
13350000 6.157859834508728
13360000 6.155709320051208
13370000 6.153513892333478
13380000 6.151290364035499
13390000 6.149052897705872
13400000 6.146862901421127
13410000 6.144640099488642
13420000 6.142448726964568
13430000 6.140257290947382
13440000 6.138076767186616
13450000 6.135853693496751
13460000 6.133640237381692
13470000 6.131428574164849
13480000 6.129279343349293
13490000 6.127102556401297
13500000 6.124913935142496
13510000 6.122743733061931
13520000 6.1205264798812475
13530000 6.118307751238904
13540000 6.116156556172072
13550000 6.113965067598528
13560000 6.111763592654402
13570000 6.1096600242409425
13580000 6.10748733052471
13590000 6.105330573336741
13600000 6.1031209032619875
13610000 6.100968581217436
13620000 6.0987996665359905
13630000 6.096614915202139
13640000 6.094449369136967
13650000 6.092299275456531
13660000 6.090144713216572
13670000 6.087976261667049
13680000 6.085823548874696
13690000 6.083719068788877
13700000 6.081551210456652
13710000 6.079439033045059
13720000 6.077290304533434
13730000 6.07516796211031
13740000 6.073022916294005
13750000 6.070925827389369
13760000 6.068768235074143
13770000 6.066644281148022
13780000 6.0645377099641244
13790000 6.062404358766975
13800000 6.06033646061101
13810000 6.0582491934489635
13820000 6.056143205567213
13830000 6.054034953138975
13840000 6.051909946004105
13850000 6.0498121676863335
13860000 6.047681286060064
13870000 6.045582681095674
13880000 6.043473093203652
13890000 6.041383422462507
13900000 6.039266912540735
13910000 6.03723734502663
13920000 6.035149587303646
13930000 6.032982801454075
13940000 6.030892890423721
13950000 6.02881741192398
13960000 6.026708146670983
13970000 6.024624154735995
13980000 6.022498919479191
13990000 6.020418519520801
14000000 6.018353714983971
14010000 6.01630938630749
14020000 6.014218785279359
14030000 6.012179225164235
14040000 6.010114825148813
14050000 6.008070854110218
14060000 6.0060110236152
14070000 6.00392050860574
14080000 6.001830316472488
14090000 5.999822009202541
14100000 5.997774395355568
14110000 5.9957211885692665
14120000 5.993679392502007
14130000 5.991610045249226
14140000 5.989554720700563
14150000 5.987542317733024
14160000 5.985539808277156
14170000 5.983506043025753
14180000 5.981501660547659
14190000 5.979497760726465
14200000 5.977467842448263
14210000 5.975429105332879
14220000 5.973449821927372
14230000 5.971432743250598
14240000 5.969411564926592
14250000 5.9673810564966185
14260000 5.9654066395341685
14270000 5.963406696261335
14280000 5.961398903251097
14290000 5.959353703817966
14300000 5.957373135382726
14310000 5.9553658046672915
14320000 5.953365163254933
14330000 5.95135230740893
14340000 5.949367299751379
14350000 5.947371566164182
14360000 5.9453474970452245
14370000 5.943402019479841
14380000 5.94141580865627
14390000 5.939424483112175
14400000 5.937442860681139
14410000 5.935448536213677
14420000 5.93343777087971
14430000 5.9314843713317265
14440000 5.929494637295067
14450000 5.927472975771737
14460000 5.925520899167493
14470000 5.923560025496795
14480000 5.921593443481015
14490000 5.919621177522986
14500000 5.917671948273404
14510000 5.915727164318524
14520000 5.913814371525492
14530000 5.91187464443412
14540000 5.909899817976428
14550000 5.907913908305898
14560000 5.905956835511331
14570000 5.904016041855514
14580000 5.902065600288456
14590000 5.900097018061076
14600000 5.898139754689274
14610000 5.896219638795044
14620000 5.894241093884842
14630000 5.89230526227396
14640000 5.890386354932212
14650000 5.88842845116275
14660000 5.886488731502282
14670000 5.88458217699111
14680000 5.882660580406251
14690000 5.880745904068584
14700000 5.878846805077807
14710000 5.876960897885825
14720000 5.875031762764492
14730000 5.873086988387519
14740000 5.871192840859186
14750000 5.8692361025105395
14760000 5.867363523135917
14770000 5.86545070137852
14780000 5.863476174601616
14790000 5.861567175324612
14800000 5.859637460761217
14810000 5.857751350829434
14820000 5.855865741287223
14830000 5.8539694392904496
14840000 5.852069602865032
14850000 5.850183663309278
14860000 5.848286098421663
14870000 5.846403683652079
14880000 5.844486194023803
14890000 5.842605047901447
14900000 5.840689169649693
14910000 5.838762381129987
14920000 5.836899099941747
14930000 5.835023721588792
14940000 5.833142781719105
14950000 5.831272517161609
14960000 5.829386261044715
14970000 5.8275161504256285
14980000 5.825645450964655
14990000 5.8237926758853344
15000000 5.821892536714663
15010000 5.820040506017153
15020000 5.818172358621645
15030000 5.81626573458239
15040000 5.8143767177210774
15050000 5.812534139839646
15060000 5.810694967203346
15070000 5.808815361493706
15080000 5.8069506495321015
15090000 5.805106677512226
15100000 5.803270240725605
15110000 5.8014115049654045
15120000 5.799574307872769
15130000 5.797742464081114
15140000 5.795876222427381
15150000 5.794040696651534
15160000 5.792177802478231
15170000 5.790346428155904
15180000 5.7884894554329325
15190000 5.786659289870332
15200000 5.784854339502998
15210000 5.783038503287137
15220000 5.781208522170461
15230000 5.779379332483575
15240000 5.777513208233463
15250000 5.775696698144392
15260000 5.7739060172018934
15270000 5.772098453765328
15280000 5.770276801105821
15290000 5.7684358024065885
15300000 5.766604817739385
15310000 5.764799706572516
15320000 5.763006039046253
15330000 5.761204786177592
15340000 5.759389412456837
15350000 5.757602586030388
15360000 5.7558234280441845
15370000 5.75399927210851
15380000 5.752232489887784
15390000 5.750400692003265
15400000 5.748588144090971
15410000 5.746774457265403
15420000 5.74497212164163
15430000 5.74316169191332
15440000 5.741411161328968
15450000 5.739576205977147
15460000 5.737766999562346
15470000 5.736023041236291
15480000 5.734242975381745
15490000 5.732472848804196
15500000 5.730710510370034
15510000 5.728888564221876
15520000 5.72711762336104
15530000 5.725334124325656
15540000 5.723542708452363
15550000 5.721777214964907
15560000 5.719960349413768
15570000 5.7181941334863255
15580000 5.716423889967189
15590000 5.714653037086752
15600000 5.712906817442163
15610000 5.711168191258571
15620000 5.70943273034893
15630000 5.707656699936365
15640000 5.705899249056374
15650000 5.704164942059433
15660000 5.70238973227542
15670000 5.70063502020073
15680000 5.698917251219101
15690000 5.6971482750215205
15700000 5.69538377239391
15710000 5.693613367945841
15720000 5.691868693792658
15730000 5.690103683686736
15740000 5.688384039078829
15750000 5.686603284418407
15760000 5.684852011285498
15770000 5.683097246892639
15780000 5.681364284848433
15790000 5.679598962957882
15800000 5.6778530795288455
15810000 5.676109113125547
15820000 5.674349425427785
15830000 5.672601611022979
15840000 5.67084047530629
15850000 5.669095749944136
15860000 5.667395114584188
15870000 5.665707520580466
15880000 5.663985558265949
15890000 5.662292247031545
15900000 5.660574710927799
15910000 5.658857871974783
15920000 5.657153191083337
15930000 5.655463317809721
15940000 5.653760413600173
15950000 5.652073550894744
15960000 5.650335728529477
15970000 5.648634844321233
15980000 5.646924546539837
15990000 5.645269314241913
16000000 5.643576532973209
16010000 5.641894394800913
16020000 5.640191826778146
16030000 5.638485002686569
16040000 5.636749966471323
16050000 5.635077420370942
16060000 5.6334008827952395
16070000 5.6317178065258195
16080000 5.630004969173338
16090000 5.628361265846684
16100000 5.626679520797496
16110000 5.625010681089431
16120000 5.62332272062716
16130000 5.6216409960174385
16140000 5.61995857478631
16150000 5.618281673827254
16160000 5.616618795921405
16170000 5.614946121327043
16180000 5.61324932994019
16190000 5.611595052330587
16200000 5.609894112058192
16210000 5.608262860278167
16220000 5.606569989406305
16230000 5.604907200726764
16240000 5.6032425731424
16250000 5.601612208093748
16260000 5.599929547488147
16270000 5.598295667802699
16280000 5.596621697483924
16290000 5.5949720475303995
16300000 5.593295395172748
16310000 5.591664161203605
16320000 5.590019803698581
16330000 5.58838923445336
16340000 5.5867305644879295
16350000 5.585067029601189
16360000 5.583402732320692
16370000 5.581776872964724
16380000 5.580098965487528
16390000 5.578436737488444
16400000 5.5767962787234495
16410000 5.5751969770204735
16420000 5.573539171909531
16430000 5.571926480814905
16440000 5.570263512487575
16450000 5.568633880932028
16460000 5.567034750916215
16470000 5.565409008920639
16480000 5.563784603161611
16490000 5.562185300588657
16500000 5.560587878285221
16510000 5.558985075411647
16520000 5.557380091074351
16530000 5.555759457558289
16540000 5.554154537386387
16550000 5.5525285918697005
16560000 5.5509259520805845
16570000 5.54931019379998
16580000 5.547676634123067
16590000 5.546030143345103
16600000 5.544443890001548
16610000 5.5428328884945826
16620000 5.541237675750607
16630000 5.539575974464839
16640000 5.537995369357295
16650000 5.536367291661801
16660000 5.534786434883042
16670000 5.53320236393939
16680000 5.5316279222184885
16690000 5.530017116239286
16700000 5.52838224695527
16710000 5.526796312767354
16720000 5.525188632587716
16730000 5.523610785662324
16740000 5.522015135455915
16750000 5.520434082644652
16760000 5.5188267639568975
16770000 5.517248533105911
16780000 5.515676054987276
16790000 5.514086177633919
16800000 5.512550274235615
16810000 5.510967560181116
16820000 5.5093763324649085
16830000 5.5077980274339335
16840000 5.506232532185511
16850000 5.504617695046519
16860000 5.503050640396768
16870000 5.501487659702995
16880000 5.499898202299906
16890000 5.4983472653890715
16900000 5.496795458506533
16910000 5.49522816799805
16920000 5.493697408258632
16930000 5.4921178643572635
16940000 5.490555536250997
16950000 5.488984057803666
16960000 5.487426850972543
16970000 5.485838133295469
16980000 5.484279655768907
16990000 5.482703924820908
17000000 5.481148747227554
17010000 5.479596261843842
17020000 5.478039716412364
17030000 5.4764751917376255
17040000 5.4749120688201725
17050000 5.473363944832045
17060000 5.47181544879791
17070000 5.470289914832625
17080000 5.4687646206119895
17090000 5.467220676854363
17100000 5.465678517070161
17110000 5.464125798010594
17120000 5.46258361209034
17130000 5.461077423762343
17140000 5.45953999460019
17150000 5.45803094777594
17160000 5.456487655391311
17170000 5.454949960873818
17180000 5.453409339445199
17190000 5.451869821796439
17200000 5.450326716247439
17210000 5.44880902381146
17220000 5.447256038231332
17230000 5.445728600442987
17240000 5.444201863076302
17250000 5.442689654627501
17260000 5.441148006424045
17270000 5.439648187669514
17280000 5.438091101171263
17290000 5.4365619113680665
17300000 5.43506254464734
17310000 5.43356609546527
17320000 5.432033546303479
17330000 5.430533559969094
17340000 5.4289770795933805
17350000 5.42748235546879
17360000 5.425990584385347
17370000 5.424511171501443
17380000 5.423027964319857
17390000 5.421520000950232
17400000 5.420020810263341
17410000 5.4185480806169775
17420000 5.417040134151542
17430000 5.415540446469238
17440000 5.4140751545443475
17450000 5.412592217324858
17460000 5.411098011245509
17470000 5.40959754781869
17480000 5.408097451475999
17490000 5.406622905990438
17500000 5.40513592461142
17510000 5.4036322686580815
17520000 5.402140648464203
17530000 5.400684426490451
17540000 5.399191686518864
17550000 5.397702428221317
17560000 5.396214594144613
17570000 5.3947433563781715
17580000 5.393248329037198
17590000 5.391764630245341
17600000 5.39026860330763
17610000 5.388807004784449
17620000 5.387295681298237
17630000 5.385818444120437
17640000 5.384337224075589
17650000 5.3828625051374175
17660000 5.381367887779895
17670000 5.379905063490018
17680000 5.378428888807306
17690000 5.3769696659548645
17700000 5.375513720068043
17710000 5.374018678119395
17720000 5.372567903431839
17730000 5.371086997064869
17740000 5.3696297163285935
17750000 5.36816175417644
17760000 5.366724210219302
17770000 5.365247085036179
17780000 5.363814650622158
17790000 5.362354650144343
17800000 5.360913784619712
17810000 5.359470974136626
17820000 5.358004935046324
17830000 5.3565661691773
17840000 5.355112247445461
17850000 5.353658945519263
17860000 5.3522461113363455
17870000 5.3507590576777115
17880000 5.349335126149258
17890000 5.347897616397209
17900000 5.346440924199134
17910000 5.344956512099743
17920000 5.343525964299397
17930000 5.342100214898335
17940000 5.340658266889578
17950000 5.339220827880396
17960000 5.3377760693830725
17970000 5.336325963450836
17980000 5.334897065403404
17990000 5.333443212251646
18000000 5.332038374116014
18010000 5.330589522153515
18020000 5.329187942906161
18030000 5.32779472699774
18040000 5.32638101519578
18050000 5.324976053652917
18060000 5.323564594698706
18070000 5.322135443068698
18080000 5.320703478360387
18090000 5.319283635483974
18100000 5.317877551983421
18110000 5.316459045221476
18120000 5.315042536522054
18130000 5.31362445702724
18140000 5.3122095135680265
18150000 5.31081476720617
18160000 5.309394741020303
18170000 5.3079958791525765
18180000 5.306599788378351
18190000 5.305179340747324
18200000 5.303767817310744
18210000 5.302361011092622
18220000 5.300956022553152
18230000 5.299550418141178
18240000 5.298154508379209
18250000 5.296730796818775
18260000 5.295376671044049
18270000 5.293976218677841
18280000 5.292572211268624
18290000 5.291180706780488
18300000 5.2897913479145
18310000 5.288413959390666
18320000 5.287024227217521
18330000 5.285622015892736
18340000 5.284204934417644
18350000 5.282820452356054
18360000 5.281441523737113
18370000 5.28004298210055
18380000 5.278657961154551
18390000 5.277294830892442
18400000 5.275894900790702
18410000 5.274523184180794
18420000 5.273132546898238
18430000 5.2717554647765
18440000 5.270381247042443
18450000 5.269029867119293
18460000 5.267640049026364
18470000 5.2662727675436996
18480000 5.264889929203744
18490000 5.263519608306184
18500000 5.262124169994063
18510000 5.260769992020444
18520000 5.259384258216966
18530000 5.258003468088794
18540000 5.25664982774826
18550000 5.255300606893776
18560000 5.253925703941065
18570000 5.252572114780417
18580000 5.251176139643262
18590000 5.249829419255519
18600000 5.2484377636044215
18610000 5.24708161552732
18620000 5.24570473537938
18630000 5.244368684422272
18640000 5.243024333981812
18650000 5.241684179525064
18660000 5.240322440451397
18670000 5.23897911716915
18680000 5.23765978740933
18690000 5.236311547258413
18700000 5.23495972478387
18710000 5.233607186280673
18720000 5.232220774012228
18730000 5.230843826136375
18740000 5.229502199490665
18750000 5.228143999870597
18760000 5.2267897110241766
18770000 5.225465400160516
18780000 5.224118171097662
18790000 5.222777449512957
18800000 5.221423654007564
18810000 5.220091157947312
18820000 5.218729781840493
18830000 5.2174021032403095
18840000 5.216059910696105
18850000 5.214721023336706
18860000 5.213365231514619
18870000 5.2120231365508785
18880000 5.210718190374175
18890000 5.209398557311545
18900000 5.208072194835768
18910000 5.206737305283223
18920000 5.2054117834505655
18930000 5.204086692541481
18940000 5.202761975350893
18950000 5.201453606535633
18960000 5.200109750043779
18970000 5.198798936604654
18980000 5.197455263290282
18990000 5.196127521837582
19000000 5.194797257202048
19010000 5.193467370552446
19020000 5.192164800229362
19030000 5.190858380175337
19040000 5.18953522056815
19050000 5.188196964916297
19060000 5.186903276357425
19070000 5.1855669486167075
19080000 5.184255383448858
19090000 5.182952993564052
19100000 5.181662072670372
19110000 5.1803488526926476
19120000 5.179023874603475
19130000 5.177720697897089
19140000 5.176426554643127
19150000 5.175131777439762
19160000 5.173846950912545
19170000 5.172540501966839
19180000 5.171238405017197
19190000 5.169956693294156
19200000 5.168623727545739
19210000 5.167337717575483
19220000 5.166027174508176
19230000 5.164736376487203
19240000 5.163451517710848
19250000 5.162148539575661
19260000 5.160851948414922
19270000 5.159568741727976
19280000 5.158285985158872
19290000 5.156995815600231
19300000 5.15571732972268
19310000 5.154446414748345
19320000 5.153159430401467
19330000 5.151841669932009
19340000 5.150583612674492
19350000 5.149308683812463
19360000 5.148025362536156
19370000 5.146718661727065
19380000 5.145445177487781
19390000 5.144167189929855
19400000 5.142895978573607
19410000 5.141602723406687
19420000 5.140350786806095
19430000 5.139071553455517
19440000 5.137820017786326
19450000 5.13652566044703
19460000 5.135244702338644
19470000 5.133984370438859
19480000 5.132721609736556
19490000 5.131457736100407
19500000 5.1301770176838355
19510000 5.128905961038794
19520000 5.127636854501677
19530000 5.126363663894906
19540000 5.125082759138409
19550000 5.123834437454449
19560000 5.122575976041407
19570000 5.1213103465674426
19580000 5.120041681885074
19590000 5.118790073582898
19600000 5.117520140864847
19610000 5.1162721851471265
19620000 5.1150152874353
19630000 5.113770716807961
19640000 5.112500247436709
19650000 5.111242182432245
19660000 5.1099243838131265
19670000 5.108664892308588
19680000 5.1074126104642
19690000 5.106155478045621
19700000 5.104892519270736
19710000 5.103662328884447
19720000 5.102412121448122
19730000 5.101147563339261
19740000 5.099868982358252
19750000 5.098639394901461
19760000 5.097377372686993
19770000 5.096133164824989
19780000 5.094877389371046
19790000 5.093650540231188
19800000 5.092400202606183
19810000 5.091154244375241
19820000 5.08989765603233
19830000 5.08865216780887
19840000 5.087404156931752
19850000 5.0861597124970785
19860000 5.084929574560337
19870000 5.083678938319036
19880000 5.082429839877002
19890000 5.081200819052658
19900000 5.079980566170914
19910000 5.078783285718539
19920000 5.077565627220462
19930000 5.07632881157127
19940000 5.07509452819204
19950000 5.073880799089342
19960000 5.07265253737382
19970000 5.071415876167293
19980000 5.070199513583511
19990000 5.068988338089642
20000000 5.067735930033885
20010000 5.066527557261737
20020000 5.065267939434625
20030000 5.064038687015925
20040000 5.062812731706234
20050000 5.061606084717234
20060000 5.060392012155274
20070000 5.059178521268213
20080000 5.057991955654658
20090000 5.056755682146126
20100000 5.055530555288537
20110000 5.05430765501125
20120000 5.0531197414534414
20130000 5.051917366523197
20140000 5.050704500685628
20150000 5.0494855199865585
20160000 5.048266346272357
20170000 5.047053771951893
20180000 5.045839753007618
20190000 5.044671708012198
20200000 5.043474011428144
20210000 5.0422664716596985
20220000 5.041068944324815
20230000 5.039850510671814
20240000 5.038673443184232
20250000 5.037460360908677
20260000 5.036262388196386
20270000 5.035049879699749
20280000 5.03385673961998
20290000 5.032642679703072
20300000 5.031464313203649
20310000 5.030251054443532
20320000 5.029038218423527
20330000 5.027844854808576
20340000 5.026652002849613
20350000 5.025473818852002
20360000 5.024304191637647
20370000 5.023096414911095
20380000 5.021909378357053
20390000 5.020722912445167
20400000 5.019532498310136
20410000 5.018359278693834
20420000 5.017184760725994
20430000 5.015994991026436
20440000 5.014802690147471
20450000 5.013623881363222
20460000 5.01245049331459
20470000 5.011253665266305
20480000 5.010087735042232
20490000 5.00890270225676
20500000 5.007756732665576
20510000 5.006571657515849
20520000 5.005381572230016
20530000 5.004208839083939
20540000 5.0030206445043115
20550000 5.0018553346077015
20560000 5.0006737009600135
20570000 4.999495961199934
20580000 4.998343035079421
20590000 4.99716128622365
20600000 4.995982433981762
20610000 4.994809889201612
20620000 4.993640694986512
20630000 4.992482775928902
20640000 4.991328293364709
20650000 4.9901404885873735
20660000 4.988966425797957
20670000 4.987800780582839
20680000 4.986653953838031
20690000 4.985470517014574
20700000 4.984314790639643
20710000 4.98315186720188
20720000 4.981971272011891
20730000 4.9808300054883174
20740000 4.979666884171102
20750000 4.9785214474224695
20760000 4.977373171273998
20770000 4.976226075811016
20780000 4.975051527605371
20790000 4.973899989959168
20800000 4.972748007045206
20810000 4.971607571713007
20820000 4.97046797217462
20830000 4.969307863955689
20840000 4.96816451108889
20850000 4.966995666337597
20860000 4.965831230814757
20870000 4.964711937278175
20880000 4.963576079379127
20890000 4.962437076879168
20900000 4.961309967402482
20910000 4.960164238783915
20920000 4.959014446515659
20930000 4.957882824641291
20940000 4.95674232072455
20950000 4.955614086463475
20960000 4.954446742169156
20970000 4.953286628317052
20980000 4.952145212162074
20990000 4.950995831679799
21000000 4.949846344120963
21010000 4.948717613743944
21020000 4.947568348992644
21030000 4.946414449463413
21040000 4.945260325006991
21050000 4.944135269074686
21060000 4.942971187507236
21070000 4.941845309945129
21080000 4.940694385916851
21090000 4.939558373631383
21100000 4.93843214327963
21110000 4.937292678744005
21120000 4.9361503598493135
21130000 4.93503018806281
21140000 4.933891207636479
21150000 4.932737410082346
21160000 4.931596212048222
21170000 4.930476874669576
21180000 4.92934653584814
21190000 4.9282291966456775
21200000 4.927093475943494
21210000 4.925954257926495
21220000 4.92482565973981
21230000 4.923705261770659
21240000 4.92258470947085
21250000 4.921472743603506
21260000 4.9203557783515395
21270000 4.919244978725758
21280000 4.918157143822226
21290000 4.917030505731883
21300000 4.915929372825847
21310000 4.914825216084398
21320000 4.913701263961557
21330000 4.912611861140218
21340000 4.911501396305523
21350000 4.910404664415727
21360000 4.909286552644478
21370000 4.908178763325
21380000 4.907071912748341
21390000 4.905963909030405
21400000 4.90486816459736
21410000 4.903763286703716
21420000 4.902639065230438
21430000 4.901540951435378
21440000 4.90043968782452
21450000 4.899315218404512
21460000 4.898221948913838
21470000 4.897115748153386
21480000 4.896011602287757
21490000 4.89490791456339
21500000 4.893794231751874
21510000 4.892694305699235
21520000 4.891593274255687
21530000 4.890471800088643
21540000 4.889385992814665
21550000 4.888286137831246
21560000 4.8872038106056355
21570000 4.886101562358889
21580000 4.885017670706229
21590000 4.883926628421607
21600000 4.882817377287984
21610000 4.881745978086143
21620000 4.880679659960485
21630000 4.879577293575864
21640000 4.878499043597057
21650000 4.877382951259191
21660000 4.876275603127235
21670000 4.875152320401129
21680000 4.874073952768925
21690000 4.87297687570666
21700000 4.871885321433501
21710000 4.870818400466547
21720000 4.869736977904181
21730000 4.868669312153705
21740000 4.867570163454096
21750000 4.866491408202479
21760000 4.865418967146861
21770000 4.864324965681186
21780000 4.863230155897172
21790000 4.862138154426389
21800000 4.861055459882918
21810000 4.8599930953945885
21820000 4.8589143912607815
21830000 4.857818967658347
21840000 4.856765208491824
21850000 4.8556970238873465
21860000 4.854592561071219
21870000 4.853514548894519
21880000 4.852433591877061
21890000 4.8513976660547025
21900000 4.850321507602689
21910000 4.849228302605746
21920000 4.848166756891557
21930000 4.847097613614327
21940000 4.846010129677002
21950000 4.8449513545047775
21960000 4.84385902721523
21970000 4.842781033026031
21980000 4.841725209979509
21990000 4.840669844233991
22000000 4.839574574357061
22010000 4.838514474865894
22020000 4.837445355358121
22030000 4.836379215668094
22040000 4.835325351019491
22050000 4.834277485721219
22060000 4.833225113630375
22070000 4.832171994422192
22080000 4.831115300274832
22090000 4.830071090777307
22100000 4.8290276228827205
22110000 4.8279648498646175
22120000 4.8269225250724865
22130000 4.825875463601339
22140000 4.8248101174557565
22150000 4.823744009375566
22160000 4.822691317166459
22170000 4.82165038531812
22180000 4.820589490397728
22190000 4.819545377045423
22200000 4.818504571974296
22210000 4.8174732892064025
22220000 4.816425766182047
22230000 4.815396993288432
22240000 4.814353921499911
22250000 4.81332349497436
22260000 4.812283606446592
22270000 4.811236850380737
22280000 4.8101959516185415
22290000 4.809168879378278
22300000 4.808123829844129
22310000 4.807095913747288
22320000 4.806057002654789
22330000 4.805022361552641
22340000 4.803959291194438
22350000 4.8029266591863395
22360000 4.80187357959747
22370000 4.8008435199916155
22380000 4.799808594716426
22390000 4.79876389412851
22400000 4.797697513591733
22410000 4.796681731155527
22420000 4.795634255005885
22430000 4.794558244905725
22440000 4.793527188462667
22450000 4.79248362516038
22460000 4.791447880076064
22470000 4.790424343926127
22480000 4.789387119610827
22490000 4.78837508208413
22500000 4.787334475570722
22510000 4.786296500732566
22520000 4.785254750978725
22530000 4.784219343379205
22540000 4.78319410292569
22550000 4.7821525734435815
22560000 4.78112285118878
22570000 4.780066475991669
22580000 4.7790340313411175
22590000 4.778021271223514
22600000 4.776999358168222
22610000 4.775949030046976
22620000 4.774908951669268
22630000 4.773900015732152
22640000 4.772883629709439
22650000 4.771859579423219
22660000 4.7708457044666215
22670000 4.7698318881747745
22680000 4.768806330362154
22690000 4.7677808860409
22700000 4.766775177086834
22710000 4.765750320751882
22720000 4.764728297344514
22730000 4.76372221093039
22740000 4.762707856289231
22750000 4.7616767380699665
22760000 4.760665702234646
22770000 4.75965387603165
22780000 4.758651716128657
22790000 4.75763787071168
22800000 4.756632374727206
22810000 4.755607775996198
22820000 4.754588774378789
22830000 4.753561512749289
22840000 4.752563459024278
22850000 4.751578010724222
22860000 4.750581834543407
22870000 4.749588801734971
22880000 4.748590810165369
22890000 4.747577960577108
22900000 4.746564320287483
22910000 4.74554267086386
22920000 4.744555659063358
22930000 4.7435476454055685
22940000 4.7425615683586795
22950000 4.741551300464233
22960000 4.740578657887601
22970000 4.739582712950733
22980000 4.7385869227503745
22990000 4.737589746143123
23000000 4.736593518943336
23010000 4.735605434404423
23020000 4.734625539442223
23030000 4.733623121551294
23040000 4.732613409947433
23050000 4.731647978806247
23060000 4.730680699999698
23070000 4.729692625208161
23080000 4.7286784160183375
23090000 4.727681898664673
23100000 4.726707143960838
23110000 4.725697520914156
23120000 4.724704098516022
23130000 4.723719977043378
23140000 4.722752093964274
23150000 4.721778421919825
23160000 4.7207787756164885
23170000 4.719789134150416
23180000 4.71879462473493
23190000 4.717824787890107
23200000 4.716833920518701
23210000 4.715851977110006
23220000 4.7148595677438045
23230000 4.713869577311987
23240000 4.712876651963658
23250000 4.71190223324362
23260000 4.71093669733742
23270000 4.709955892250318
23280000 4.70896049053693
23290000 4.707986272365207
23300000 4.707005048569503
23310000 4.7060361472858085
23320000 4.705071823099595
23330000 4.704099306105226
23340000 4.703132359789193
23350000 4.702169923488297
23360000 4.701184625694327
23370000 4.7002037154315
23380000 4.699227457516183
23390000 4.698255881226635
23400000 4.697256306750419
23410000 4.696296206884574
23420000 4.695297950555209
23430000 4.6943270638189585
23440000 4.693372150976857
23450000 4.692415320914829
23460000 4.691429461965707
23470000 4.690459517499636
23480000 4.689489329490927
23490000 4.688514755698617
23500000 4.6875545653917445
23510000 4.68656431208146
23520000 4.6855923131276676
23530000 4.68463601790442
23540000 4.683640725114974
23550000 4.682684000998569
23560000 4.68171750613075
23570000 4.680757498979315
23580000 4.679807148415799
23590000 4.678827082420442
23600000 4.677878087100125
23610000 4.676917762395128
23620000 4.6759742923108165
23630000 4.6750160137767915
23640000 4.6740422509326525
23650000 4.6731082019088515
23660000 4.672152791195825
23670000 4.671186344991379
23680000 4.670240462882288
23690000 4.669283810010523
23700000 4.668322191389219
23710000 4.667351444929242
23720000 4.666393665458306
23730000 4.665428469079332
23740000 4.664502904188652
23750000 4.663551250513841
23760000 4.662619973733707
23770000 4.661667800538793
23780000 4.660724352459085
23790000 4.659761705558474
23800000 4.658836274997066
23810000 4.657875182656024
23820000 4.656939171071115
23830000 4.656002455519114
23840000 4.655056954427923
23850000 4.65410175873274
23860000 4.653166608812905
23870000 4.65221426057023
23880000 4.65126697272922
23890000 4.650323261806426
23900000 4.649382786441687
23910000 4.648426376261603
23920000 4.647485784860716
23930000 4.646544849510792
23940000 4.6456198182597666
23950000 4.644676834115161
23960000 4.643753216596214
23970000 4.642811072008029
23980000 4.6418892618991245
23990000 4.640945514506836
24000000 4.639991554309495
24010000 4.639062790079775
24020000 4.638124044925457
24030000 4.637183726768443
24040000 4.636259865470774
24050000 4.6353098745439025
24060000 4.634392003208534
24070000 4.633461816094005
24080000 4.6325295828670425
24090000 4.631605838558541
24100000 4.630680605761459
24110000 4.629756728886956
24120000 4.628825788712527
24130000 4.627894431931126
24140000 4.626972895074722
24150000 4.626033376356641
24160000 4.625115748661385
24170000 4.624198007597378
24180000 4.623278800534667
24190000 4.62235744180035
24200000 4.621428897706626
24210000 4.620501932000582
24220000 4.619563865493752
24230000 4.618646867728259
24240000 4.617714463850126
24250000 4.616808056443989
24260000 4.6158864325596385
24270000 4.614968782156144
24280000 4.614028492761434
24290000 4.613129092171091
24300000 4.612227200523199
24310000 4.6113149950739025
24320000 4.610385775670135
24330000 4.609476741504269
24340000 4.608536700465767
24350000 4.607611687716689
24360000 4.606678633163386
24370000 4.6057575797021215
24380000 4.604853274888121
24390000 4.603924512284197
24400000 4.602991419651546
24410000 4.602095544896674
24420000 4.6011574847382635
24430000 4.6002529433828565
24440000 4.599330801765117
24450000 4.598418372040496
24460000 4.597506026190993
24470000 4.596609995639745
24480000 4.595687335727076
24490000 4.59477527042554
24500000 4.593870282995482
24510000 4.5929785877956215
24520000 4.592068471127229
24530000 4.591168143624382
24540000 4.590256885816721
24550000 4.58935113016458
24560000 4.588446966076881
24570000 4.587534915802148
24580000 4.58661700405226
24590000 4.5857167009806306
24600000 4.5848120720098695
24610000 4.583898266894512
24620000 4.583000496846322
24630000 4.582101407998747
24640000 4.581216188996567
24650000 4.5803267257591
24660000 4.579421396202516
24670000 4.578519271503526
24680000 4.577603122004474
24690000 4.576702457088584
24700000 4.57580402069947
24710000 4.574920202907775
24720000 4.574014802275222
24730000 4.573111798801036
24740000 4.57218973425349
24750000 4.571295314159708
24760000 4.570408533622237
24770000 4.569507054070946
24780000 4.568615447033812
24790000 4.567723366682763
24800000 4.566811975437788
24810000 4.565917730675708
24820000 4.565042237908101
24830000 4.564143296519882
24840000 4.563239259239231
24850000 4.562329703786425
24860000 4.561461815271229
24870000 4.560555103590593
24880000 4.559645997336826
24890000 4.55874558908924
24900000 4.557849075269082
24910000 4.556959614200596
24920000 4.5560683401178315
24930000 4.555172688043589
24940000 4.554290153337966
24950000 4.553414332849643
24960000 4.552545934352653
24970000 4.5516516314163
24980000 4.550768809088819
24990000 4.549892578966963
25000000 4.549035355341042
25010000 4.5481540808128935
25020000 4.547284673970879
25030000 4.546400765634819
25040000 4.545522568288349
25050000 4.544638822783061
25060000 4.543756481332038
25070000 4.542876204431671
25080000 4.542020464786236
25090000 4.541145647681292
25100000 4.540255147865795
25110000 4.539367229339851
25120000 4.5384810440081145
25130000 4.53759970675057
25140000 4.536732864491744
25150000 4.535862593174843
25160000 4.534990681981522
25170000 4.53412089092593
25180000 4.533260742803547
25190000 4.532371136225768
25200000 4.53149300519708
25210000 4.530613359566733
25220000 4.529728157988947
25230000 4.528846604843979
25240000 4.527973804324774
25250000 4.5271005348139175
25260000 4.526248230583655
25270000 4.525381143156879
25280000 4.524525139167792
25290000 4.52366085244856
25300000 4.522795533630906
25310000 4.521926933234356
25320000 4.521072064694519
25330000 4.520206307768139
25340000 4.51936465748234
25350000 4.518496757231488
25360000 4.51765484320754
25370000 4.516792254910128
25380000 4.515917981453117
25390000 4.515048191302378
25400000 4.514184319628476
25410000 4.513326423724478
25420000 4.512446133836757
25430000 4.51159200922543
25440000 4.510723097139515
25450000 4.509865853737408
25460000 4.509014236815631
25470000 4.50815305739189
25480000 4.507279154564129
25490000 4.50643052076612
25500000 4.5055841519072315
25510000 4.504734105654672
25520000 4.50387665646028
25530000 4.503017902174987
25540000 4.502167689884112
25550000 4.50130613707074
25560000 4.500441387984468
25570000 4.49959334947322
25580000 4.49875644413953
25590000 4.497901204537535
25600000 4.497059878297475
25610000 4.496221273071574
25620000 4.495364653443437
25630000 4.494511960394637
25640000 4.493672598570216
25650000 4.492821858149823
25660000 4.491973473519129
25670000 4.491133625735283
25680000 4.49029514477857
25690000 4.4894532422902085
25700000 4.488604692995056
25710000 4.4877556345973355
25720000 4.486890625526967
25730000 4.486066030624455
25740000 4.485222544466932
25750000 4.484377445640708
25760000 4.483527215950621
25770000 4.4826723722875235
25780000 4.481814757078173
25790000 4.480984974562502
25800000 4.480135805627996
25810000 4.4792980980533095
25820000 4.478448643005653
25830000 4.477613502090857
25840000 4.476777289990924
25850000 4.475944967605654
25860000 4.475105453815627
25870000 4.474297860313243
25880000 4.473471679622779
25890000 4.472638175306539
25900000 4.471814592015654
25910000 4.4709815319695645
25920000 4.470127528572157
25930000 4.469305789903931
25940000 4.468473566270396
25950000 4.467652264829158
25960000 4.4668136767110145
25970000 4.465966692876348
25980000 4.465130443274161
25990000 4.464309802960954
26000000 4.463474929574895
26010000 4.4626439605906745
26020000 4.461798630590056
26030000 4.4609594885969255
26040000 4.4601419764358905
26050000 4.459310979007939
26060000 4.458476578766578
26070000 4.457641840266672
26080000 4.456819435885625
26090000 4.455999233597109
26100000 4.4551736015662975
26110000 4.4543385254170405
26120000 4.453520251093936
26130000 4.452677432468343
26140000 4.451853858356996
26150000 4.451021479597378
26160000 4.450188415135193
26170000 4.449356703646594
26180000 4.448552334036724
26190000 4.4477038988536615
26200000 4.446896867380034
26210000 4.446056660746916
26220000 4.445225618594959
26230000 4.444402172175858
26240000 4.443569000865879
26250000 4.442729461589979
26260000 4.4419223156855026
26270000 4.441087351767533
26280000 4.44028603936761
26290000 4.43946060192413
26300000 4.438653955727497
26310000 4.437838182874292
26320000 4.4370164480978715
26330000 4.4361951736394385
26340000 4.435375277664021
26350000 4.434553765595207
26360000 4.433736079444677
26370000 4.43290547987239
26380000 4.432091287673237
26390000 4.43129240047837
26400000 4.430496406871753
26410000 4.4296876103833664
26420000 4.428882627395544
26430000 4.428077814299144
26440000 4.427277158181279
26450000 4.42646098854903
26460000 4.425662550728488
26470000 4.424844744496404
26480000 4.424033188986251
26490000 4.423226194864651
26500000 4.422414506576357
26510000 4.421586912302127
26520000 4.420774335946447
26530000 4.419965323896542
26540000 4.419153941735226
26550000 4.418369492315726
26560000 4.417564199868512
26570000 4.4167616948911
26580000 4.415960700666463
26590000 4.4151669417604
26600000 4.414362011390436
26610000 4.41355562233705
26620000 4.412743199450109
26630000 4.411936231397133
26640000 4.411131754602024
26650000 4.4103528824165
26660000 4.409538581765278
26670000 4.40873489095797
26680000 4.4079423569086655
26690000 4.407171190535117
26700000 4.4063588948673065
26710000 4.405554995480256
26720000 4.404743539039224
26730000 4.403950634871189
26740000 4.403138933425759
26750000 4.402356927184265
26760000 4.401553244232035
26770000 4.400785670744708
26780000 4.399987623692767
26790000 4.399196676587786
26800000 4.398399820999082
26810000 4.3976148888115105
26820000 4.396812292261451
26830000 4.396024309441952
26840000 4.395238310731736
26850000 4.394448189222347
26860000 4.39364608879309
26870000 4.392854179193717
26880000 4.392061085930785
26890000 4.391284655677443
26900000 4.390491066439187
26910000 4.38971186920258
26920000 4.388926784777696
26930000 4.388140953899522
26940000 4.387358317144112
26950000 4.386564230008897
26960000 4.385769471849396
26970000 4.384978318898906
26980000 4.384171146982217
26990000 4.383385826960018
27000000 4.382602286714639
27010000 4.381802573407635
27020000 4.381005483632212
27030000 4.380225032399696
27040000 4.37945483614311
27050000 4.378673666857551
27060000 4.37790218528536
27070000 4.377119140972767
27080000 4.376339740297151
27090000 4.375556740489279
27100000 4.374764746618668
27110000 4.373976784900813
27120000 4.373182611129373
27130000 4.3723909327961925
27140000 4.37162586586931
27150000 4.370842127577866
27160000 4.370067809471233
27170000 4.369276497059029
27180000 4.368486799893152
27190000 4.3676945198404935
27200000 4.3669281787156295
27210000 4.36614283226267
27220000 4.365391155399527
27230000 4.364606290837782
27240000 4.3638246196855315
27250000 4.363054078905137
27260000 4.362295127197969
27270000 4.361516920098511
27280000 4.360758447636624
27290000 4.359980701100476
27300000 4.3592123735757005
27310000 4.358413652337785
27320000 4.357627017568095
27330000 4.356846054478662
27340000 4.356079058683787
27350000 4.355315755544214
27360000 4.354553137244783
27370000 4.353779703838331
27380000 4.35300335843299
27390000 4.352234974844462
27400000 4.351457471913059
27410000 4.350700261662588
27420000 4.3499451736009265
27430000 4.349171646814342
27440000 4.348415794766042
27450000 4.34765618513236
27460000 4.346879406900271
27470000 4.346126420529416
27480000 4.345346802842195
27490000 4.3445693409796045
27500000 4.343801685362317
27510000 4.343043836358255
27520000 4.342275125738083
27530000 4.341498613457185
27540000 4.3407422369645285
27550000 4.339985367354447
27560000 4.339220359435017
27570000 4.338444986127392
27580000 4.337685943033261
27590000 4.336919620994044
27600000 4.336147313326404
27610000 4.335384731741844
27620000 4.334635948424767
27630000 4.333893974184639
27640000 4.333134824394245
27650000 4.33237707557235
27660000 4.3315994311877075
27670000 4.330839719221347
27680000 4.330071818409001
27690000 4.329314686309257
27700000 4.328563856209608
27710000 4.327802652105917
27720000 4.3270559439472365
27730000 4.32629707503012
27740000 4.32554032320646
27750000 4.324785061063178
27760000 4.324020580062432
27770000 4.323266759535086
27780000 4.322505273535723
27790000 4.3217636739667
27800000 4.321005933165979
27810000 4.320238545376548
27820000 4.319484188071738
27830000 4.318724479384881
27840000 4.317977973755381
27850000 4.31723209342302
27860000 4.31647887025365
27870000 4.315743227790963
27880000 4.314990413812669
27890000 4.314240656616897
27900000 4.3134898809722815
27910000 4.312754220415938
27920000 4.312000759317768
27930000 4.311249272006531
27940000 4.310482378458609
27950000 4.309744901838306
27960000 4.308988135743174
27970000 4.308240728504241
27980000 4.307486951012891
27990000 4.306753756458678
28000000 4.30598373233879
28010000 4.305253000868964
28020000 4.304507481007739
28030000 4.30375909003099
28040000 4.30301416828216
28050000 4.302264583705014
28060000 4.301508896317457
28070000 4.300768446693764
28080000 4.300027413248235
28090000 4.299282373010362
28100000 4.29854737134617
28110000 4.2978057721744465
28120000 4.297050377902736
28130000 4.296320940434106
28140000 4.295585026998694
28150000 4.294843008735904
28160000 4.294095291501115
28170000 4.293367182118683
28180000 4.292603823588101
28190000 4.291877529253645
28200000 4.291126323645784
28210000 4.290394640554006
28220000 4.289640931369097
28230000 4.288911620939549
28240000 4.288170930250448
28250000 4.2874348863325356
28260000 4.286713684970962
28270000 4.285965632678276
28280000 4.285234591975134
28290000 4.284499753787643
28300000 4.283768794136803
28310000 4.283040068706907
28320000 4.282314243007982
28330000 4.281590487644201
28340000 4.280843695955705
28350000 4.280117761880553
28360000 4.279387354980231
28370000 4.27864990813746
28380000 4.277926855589845
28390000 4.277209852981105
28400000 4.276484032498483
28410000 4.275743585073505
28420000 4.275017923230535
28430000 4.274274553058823
28440000 4.273560166801168
28450000 4.272827872918575
28460000 4.2720933638924965
28470000 4.2713410204561075
28480000 4.270614448092141
28490000 4.2698917694633725
28500000 4.269160970895487
28510000 4.268428152301839
28520000 4.267703331203339
28530000 4.266976197664072
28540000 4.266246312622348
28550000 4.265516679932522
28560000 4.264788222721999
28570000 4.2640590046408295
28580000 4.263335872037139
28590000 4.262605574720082
28600000 4.2618865442821745
28610000 4.26114183350288
28620000 4.260427042890802
28630000 4.259710589409251
28640000 4.258992040028655
28650000 4.258266241259282
28660000 4.257553399145559
28670000 4.256826290000644
28680000 4.25610707678935
28690000 4.25538679088447
28700000 4.254675783595681
28710000 4.253957134237938
28720000 4.253245107143146
28730000 4.252522975525631
28740000 4.251794277769175
28750000 4.251078909789043
28760000 4.2503534402727965
28770000 4.24964990083351
28780000 4.24893463582594
28790000 4.248211655140386
28800000 4.247516421553631
28810000 4.246799355696459
28820000 4.24609487407961
28830000 4.245379892057224
28840000 4.244647998469257
28850000 4.2439235825915915
28860000 4.243232076382671
28870000 4.242519758305052
28880000 4.241822165304457
28890000 4.241108240275525
28900000 4.240392073585878
28910000 4.239685672100228
28920000 4.238960888861835
28930000 4.238248368903569
28940000 4.237534288755098
28950000 4.236826720767736
28960000 4.236128454903644
28970000 4.235411474383432
28980000 4.234694814368549
28990000 4.233997938926364
29000000 4.233274501874662
29010000 4.232571175330283
29020000 4.231859210324524
29030000 4.2311458837272315
29040000 4.230443636490694
29050000 4.229742491363689
29060000 4.229028739741088
29070000 4.22833254688719
29080000 4.227623348281047
29090000 4.226918928128338
29100000 4.226221362285824
29110000 4.225516082706364
29120000 4.224810207435622
29130000 4.224091591032527
29140000 4.223376466491604
29150000 4.222681840944153
29160000 4.221967097946851
29170000 4.221282113236509
29180000 4.220572542895182
29190000 4.219865581044111
29200000 4.219170321943239
29210000 4.218468139924239
29220000 4.2177713396879675
29230000 4.217079676888677
29240000 4.216386397155353
29250000 4.215669972215805
29260000 4.214990627186394
29270000 4.214294805559006
29280000 4.213591754132468
29290000 4.21287323245638
29300000 4.212180070004688
29310000 4.211488757606907
29320000 4.210797466995476
29330000 4.210101944064717
29340000 4.209401643817187
29350000 4.208720028175039
29360000 4.208025138431711
29370000 4.2073312286655105
29380000 4.206618965292091
29390000 4.205923925164278
29400000 4.205213676951182
29410000 4.204509217115758
29420000 4.203798801900978
29430000 4.203104581173702
29440000 4.202426012623505
29450000 4.201732941946077
29460000 4.201039364221862
29470000 4.200349443233889
29480000 4.199654753005797
29490000 4.198971545381961
29500000 4.198285896142118
29510000 4.197599276866198
29520000 4.196911500854328
29530000 4.196211957989884
29540000 4.195525964564472
29550000 4.194830859902302
29560000 4.194151044322089
29570000 4.1934575174673405
29580000 4.192776060785907
29590000 4.192083543524419
29600000 4.191400111605726
29610000 4.190727673263963
29620000 4.190047301336002
29630000 4.189350474057487
29640000 4.188660002135646
29650000 4.18798015430051
29660000 4.187305593728467
29670000 4.186623487416808
29680000 4.185946802365273
29690000 4.185273676598402
29700000 4.184594493381235
29710000 4.18389915197153
29720000 4.183208688061298
29730000 4.182517264774173
29740000 4.181828744773634
29750000 4.181141215993048
29760000 4.180465699718888
29770000 4.179788324601147
29780000 4.17911608175093
29790000 4.178440651963991
29800000 4.17776459955373
29810000 4.177080640105828
29820000 4.176405077825082
29830000 4.1757166820589555
29840000 4.175024993995141
29850000 4.174342100681799
29860000 4.173673195057434
29870000 4.172986366021206
29880000 4.172316817461192
29890000 4.171625117881214
29900000 4.170949749272284
29910000 4.17026797655393
29920000 4.16960810622378
29930000 4.168921603513719
29940000 4.168234669165588
29950000 4.167556714235209
29960000 4.166883878271165
29970000 4.166202428822434
29980000 4.165525573879927
29990000 4.164861259922439
30000000 4.1641863521201765
30010000 4.163516162878381
30020000 4.162842266506522
30030000 4.162172744459847
30040000 4.16150674752549
30050000 4.160837886006526
30060000 4.160180813370264
30070000 4.159501160079339
30080000 4.158827430615262
30090000 4.158168739565969
30100000 4.157486665868257
30110000 4.156819062700212
30120000 4.156148207123515
30130000 4.155485551713182
30140000 4.154829915173922
30150000 4.154168119889977
30160000 4.153501180791093
30170000 4.152830302662768
30180000 4.152169199214841
30190000 4.151503448570942
30200000 4.150836711410991
30210000 4.150166028714373
30220000 4.149486841168706
30230000 4.148815773395735
30240000 4.148133687799628
30250000 4.147465318828958
30260000 4.146799831412579
30270000 4.146138203089131
30280000 4.145472919207816
30290000 4.144804288828543
30300000 4.144135638051341
30310000 4.143474234385916
30320000 4.14279408380211
30330000 4.142140881744566
30340000 4.141481894512981
30350000 4.140819900592871
30360000 4.140164295927733
30370000 4.139497553290828
30380000 4.138831850364844
30390000 4.138173569575663
30400000 4.137512810172824
30410000 4.136845325302045
30420000 4.136173493643198
30430000 4.135516635827762
30440000 4.134860524611775
30450000 4.134194811037335
30460000 4.133530452006164
30470000 4.132864743926103
30480000 4.132199693296337
30490000 4.131546968418965
30500000 4.130885730508297
30510000 4.130239469258212
30520000 4.129569482561102
30530000 4.128904615533463
30540000 4.128254548372835
30550000 4.1275922844793635
30560000 4.126932482647789
30570000 4.126293080098202
30580000 4.1256488447259425
30590000 4.124995246530814
30600000 4.124321351227432
30610000 4.123674146192387
30620000 4.123009423574939
30630000 4.122360946884801
30640000 4.121690504820065
30650000 4.1210430514223795
30660000 4.1203830849446
30670000 4.119731458203885
30680000 4.119071367782361
30690000 4.118416040991723
30700000 4.117769957035893
30710000 4.117131974745809
30720000 4.116490463371835
30730000 4.115838078753231
30740000 4.115201641363179
30750000 4.114554205715539
30760000 4.113898463247426
30770000 4.113263015350465
30780000 4.112616203297191
30790000 4.111983139948521
30800000 4.111339083015549
30810000 4.110692645685088
30820000 4.110054591110507
30830000 4.109407804591025
30840000 4.108766922141126
30850000 4.108126885376453
30860000 4.107480064184146
30870000 4.106832693878978
30880000 4.1061841426783445
30890000 4.105526491662248
30900000 4.104880300717936
30910000 4.104232901534996
30920000 4.103580525070192
30930000 4.102934489062396
30940000 4.102294010710944
30950000 4.101634093846428
30960000 4.101003743640577
30970000 4.10036070646599
30980000 4.099721869353205
30990000 4.099083189360978
31000000 4.098442670710211
31010000 4.09780883396772
31020000 4.097153196923633
31030000 4.096504427451273
31040000 4.095861368562843
31050000 4.095224796668935
31060000 4.09458485046745
31070000 4.093950730836326
31080000 4.09330876522795
31090000 4.092681001225499
31100000 4.092043173440012
31110000 4.091402433826842
31120000 4.090768221180861
31130000 4.090131750726673
31140000 4.089494922231821
31150000 4.088856457511349
31160000 4.08821097093241
31170000 4.087582408400673
31180000 4.086936711457923
31190000 4.086308357368977
31200000 4.0856799708219445
31210000 4.085037285472982
31220000 4.0844099873542286
31230000 4.083763941314778
31240000 4.083126558133152
31250000 4.0824897101779145
31260000 4.08185425815817
31270000 4.081223466832425
31280000 4.080588776067729
31290000 4.079967149574799
31300000 4.079318873410515
31310000 4.078687369465897
31320000 4.078047096144687
31330000 4.0774161799174
31340000 4.076776221295506
31350000 4.076145385317466
31360000 4.075518047951068
31370000 4.074887187205675
31380000 4.074255704756103
31390000 4.073627334061818
31400000 4.0729977849069785
31410000 4.072372214801268
31420000 4.071737728684764
31430000 4.071112620228712
31440000 4.070485343425359
31450000 4.069841824575086
31460000 4.069218986121403
31470000 4.068597586992296
31480000 4.0679719066653215
31490000 4.067341936429219
31500000 4.06671475354438
31510000 4.066090274190611
31520000 4.065463584373719
31530000 4.064848941165497
31540000 4.064220092841307
31550000 4.0636020296315865
31560000 4.062980419378133
31570000 4.062365028438241
31580000 4.061746030442379
31590000 4.061134459019235
31600000 4.060505243053691
31610000 4.059899686612615
31620000 4.059277831525133
31630000 4.058664216638499
31640000 4.058039970882406
31650000 4.057417231520035
31660000 4.056782954270332
31670000 4.05617458388272
31680000 4.055542195940153
31690000 4.054909147055311
31700000 4.054294497354355
31710000 4.053665021418567
31720000 4.053031493201087
31730000 4.052418979541633
31740000 4.0517969859224054
31750000 4.051173732418604
31760000 4.050548887204051
31770000 4.049942229850572
31780000 4.049320749129979
31790000 4.048701002775604
31800000 4.048080491953837
31810000 4.047466423136062
31820000 4.046848336235632
31830000 4.046229627280048
31840000 4.045603921284423
31850000 4.044989571102579
31860000 4.044366198985433
31870000 4.043750167530243
31880000 4.043133975096217
31890000 4.042496360117361
31900000 4.041876963603483
31910000 4.0412586511195006
31920000 4.040646355719923
31930000 4.0400393936384855
31940000 4.039420621442936
31950000 4.038798923534124
31960000 4.038194614835302
31970000 4.0375571934403816
31980000 4.036944414705413
31990000 4.036321185641317
32000000 4.03571254493256
32010000 4.035097819431887
32020000 4.034480293816047
32030000 4.033868561842713
32040000 4.0332636184683075
32050000 4.032639257115369
32060000 4.032030773614543
32070000 4.03140860085073
32080000 4.03079976184204
32090000 4.030189228406037
32100000 4.029588592684183
32110000 4.028979444209969
32120000 4.028365545236223
32130000 4.027761039048507
32140000 4.027155991603623
32150000 4.026545424512538
32160000 4.025938777980638
32170000 4.025338816331183
32180000 4.024736784427934
32190000 4.024131267262671
32200000 4.0235174201988215
32210000 4.022914943496769
32220000 4.022318671050437
32230000 4.021721183995579
32240000 4.021122324793918
32250000 4.020512691277805
32260000 4.019910151290814
32270000 4.019307619494335
32280000 4.0186937600078965
32290000 4.018079383820152
32300000 4.01746970907802
32310000 4.016869531018081
32320000 4.016269160456288
32330000 4.015655816784267
32340000 4.015053540661736
32350000 4.014450582777261
32360000 4.0138472258144
32370000 4.013244869781165
32380000 4.012638599188298
32390000 4.012028329308969
32400000 4.011419946342334
32410000 4.010812672343709
32420000 4.010218002475607
32430000 4.009614600218243
32440000 4.00901764399938
32450000 4.008420260318711
32460000 4.007824808600699
32470000 4.00724008387084
32480000 4.006644215991608
32490000 4.006044494668945
32500000 4.005436746106007
32510000 4.004846653726436
32520000 4.004251240208376
32530000 4.003649694006318
32540000 4.003030610871936
32550000 4.002429244785115
32560000 4.001834362183612
32570000 4.001233127608458
32580000 4.000642521845154
32590000 4.000051027746594
32600000 3.9994493914226856
32610000 3.998846309184395
32620000 3.998255863563307
32630000 3.997658745312026
32640000 3.9970404467120235
32650000 3.9964399637004275
32660000 3.9958440304770133
32670000 3.9952441994408994
32680000 3.994644305453943
32690000 3.994056694367652
32700000 3.993470571706907
32710000 3.992872107584596
32720000 3.9922726195545333
32730000 3.9916779375802833
32740000 3.9910774152703974
32750000 3.990489116044555
32760000 3.989889952565482
32770000 3.989302914348999
32780000 3.9887072515917215
32790000 3.9881227759676516
32800000 3.987523692948571
32810000 3.9869415969670063
32820000 3.9863529637383244
32830000 3.9857557776829697
32840000 3.9851702438181147
32850000 3.9845838717873954
32860000 3.9839905240757902
32870000 3.983418050006156
32880000 3.982822875768611
32890000 3.982238884646793
32900000 3.9816547311746446
32910000 3.9810607122223214
32920000 3.980471252795878
32930000 3.9798711194401992
32940000 3.979282475389178
32950000 3.978700481377042
32960000 3.978118851091903
32970000 3.977519957997399
32980000 3.97692767731337
32990000 3.976336634807089
33000000 3.9757448245722586
33010000 3.9751699750554765
33020000 3.9745866942332637
33030000 3.973994097618295
33040000 3.973413905715116
33050000 3.9728339307153946
33060000 3.972260661580065
33070000 3.971678020297547
33080000 3.9710961278870633
33090000 3.9705147375222363
33100000 3.969916334749092
33110000 3.969334670311936
33120000 3.968757102926789
33130000 3.968176738767624
33140000 3.9675956378191395
33150000 3.9670173607588546
33160000 3.9664298919406487
33170000 3.96584725836411
33180000 3.9652597113600074
33190000 3.9646686784508547
33200000 3.9640899161385694
33210000 3.9635139729678355
33220000 3.9629282717476646
33230000 3.9623392284723624
33240000 3.9617581566371105
33250000 3.961183817649142
33260000 3.9606238342820017
33270000 3.96004486141481
33280000 3.9594655124521037
33290000 3.9588996214202092
33300000 3.9583166122825872
33310000 3.957731984695413
33320000 3.9571571419212206
33330000 3.956570048048104
33340000 3.9559842535103007
33350000 3.9553961435764884
33360000 3.9548293019012015
33370000 3.95424470143861
33380000 3.9536677386925447
33390000 3.9530752856918867
33400000 3.9525027210665757
33410000 3.9519209830494444
33420000 3.9513492190095025
33430000 3.950774419336863
33440000 3.9502047388399073
33450000 3.9496280449955896
33460000 3.949056552260872
33470000 3.94846662991432
33480000 3.947885640305811
33490000 3.9473115373943637
33500000 3.9467315574937847
33510000 3.946159450133567
33520000 3.9455825506638935
33530000 3.9450133252822726
33540000 3.944429219610047
33550000 3.9438605369869952
33560000 3.9432898484154366
33570000 3.9427121131759066
33580000 3.9421503596526613
33590000 3.941576492946385
33600000 3.9410169584571095
33610000 3.94042723907447
33620000 3.9398558931486662
33630000 3.9392752411453045
33640000 3.9387212612126827
33650000 3.938158007822687
33660000 3.937567242116857
33670000 3.9370008789024347
33680000 3.9364363651611347
33690000 3.9358646190662574
33700000 3.9352899932776797
33710000 3.934719964788287
33720000 3.934157211355641
33730000 3.9335924014394545
33740000 3.9330322499938344
33750000 3.932464217349656
33760000 3.931894571706937
33770000 3.9313327451253604
33780000 3.9307594371525596
33790000 3.930203620442675
33800000 3.92964179342588
33810000 3.929081318319467
33820000 3.9285170669413048
33830000 3.927960615685779
33840000 3.9273900825398265
33850000 3.9268201264425864
33860000 3.9262608257922995
33870000 3.9257041744100087
33880000 3.925136421765111
33890000 3.924563678173581
33900000 3.923995718030808
33910000 3.923424184471905
33920000 3.9228605947414663
33930000 3.922297869769643
33940000 3.9217303486779302
33950000 3.92116897983235
33960000 3.9206133904210287
33970000 3.920050172941389
33980000 3.9194908383136884
33990000 3.9189379347737754
34000000 3.918377632523486
34010000 3.9178132896255673
34020000 3.9172439834144583
34030000 3.916683975207566
34040000 3.9161350938219113
34050000 3.915564791109154
34060000 3.914996937394713
34070000 3.914425965595966
34080000 3.9138616649787195
34090000 3.9133190533103503
34100000 3.912764265743851
34110000 3.9122022668895857
34120000 3.91164614656663
34130000 3.911090463101399
34140000 3.910524927920926
34150000 3.9099671013589825
34160000 3.909402441550769
34170000 3.9088436911930304
34180000 3.908292950017572
34190000 3.9077381504624507
34200000 3.9071719467643424
34210000 3.906611717352502
34220000 3.9060558851987954
34230000 3.9054956602229294
