20000 111.58098302497199
30000 106.05942462215177
40000 104.0610121778014
50000 103.11518900211357
60000 102.31485913520552
70000 101.91735878847977
80000 101.51079329613017
90000 101.158307408755
100000 101.0478625564423
110000 100.83808152146656
120000 100.71670996253168
130000 100.5559924445608
140000 100.43519087872717
150000 100.38047791051382
160000 100.34185805855327
170000 100.34541899442303
180000 100.36668537430184
190000 100.33121028788544
200000 100.38996892609241
210000 100.31849881942453
220000 100.3420539114156
230000 100.33634005523028
240000 100.32667131757354
