1.200000000000000000e+01 8.549572810448833025e+02
1.300000000000000000e+01 8.586928726704647943e+02
1.400000000000000000e+01 8.558245967853536058e+02
1.500000000000000000e+01 8.192511202690391201e+02
1.600000000000000000e+01 6.991260740186774001e+02
1.700000000000000000e+01 6.893223132831691373e+02
1.800000000000000000e+01 6.178254362856512216e+02
1.900000000000000000e+01 6.154987448872211644e+02
2.000000000000000000e+01 5.987298701232200528e+02
2.100000000000000000e+01 5.832875981511770078e+02
2.200000000000000000e+01 5.533061321364341438e+02
2.300000000000000000e+01 5.319833009100027539e+02
2.400000000000000000e+01 5.119990237696791837e+02
2.500000000000000000e+01 5.130479647667240215e+02
2.600000000000000000e+01 5.027869285330078810e+02
2.700000000000000000e+01 4.889130110152703423e+02
2.800000000000000000e+01 4.679996088185735630e+02
2.900000000000000000e+01 4.640070005739560770e+02
3.000000000000000000e+01 4.484138670288944013e+02
3.100000000000000000e+01 4.466618158861305687e+02
3.200000000000000000e+01 4.428214276587577274e+02
3.300000000000000000e+01 4.253061827467982994e+02
3.400000000000000000e+01 4.209166570916584078e+02
3.500000000000000000e+01 4.160773033985726101e+02
3.600000000000000000e+01 4.046926192859071989e+02
3.700000000000000000e+01 3.982834576122692738e+02
3.800000000000000000e+01 3.957010341306764758e+02
3.900000000000000000e+01 3.871797835782519996e+02
4.000000000000000000e+01 3.850789459937582251e+02
4.100000000000000000e+01 3.787392846158876409e+02
4.200000000000000000e+01 3.721743433671611001e+02
4.300000000000000000e+01 3.701118914401798747e+02
4.400000000000000000e+01 3.662065048214760168e+02
4.500000000000000000e+01 3.614017262106953012e+02
4.600000000000000000e+01 3.577881307962887831e+02
4.700000000000000000e+01 3.537139845323299028e+02
4.800000000000000000e+01 3.467685142012659867e+02
4.900000000000000000e+01 3.447194977114534140e+02
5.000000000000000000e+01 3.435558267994450148e+02
5.100000000000000000e+01 3.389825347492825358e+02
5.200000000000000000e+01 3.345085468099109676e+02
5.300000000000000000e+01 3.310703602160934906e+02
5.400000000000000000e+01 3.261942836134027175e+02
5.500000000000000000e+01 3.250669087400381159e+02
5.600000000000000000e+01 3.243090660091905306e+02
5.700000000000000000e+01 3.194830813827641123e+02
5.800000000000000000e+01 3.160716535331629302e+02
5.900000000000000000e+01 3.123338280551140542e+02
6.000000000000000000e+01 3.090626266208455490e+02
6.100000000000000000e+01 3.080828182252520833e+02
6.200000000000000000e+01 3.074311867852838986e+02
6.300000000000000000e+01 3.037077540630844510e+02
6.400000000000000000e+01 3.009791434096784997e+02
6.500000000000000000e+01 2.979198295129386906e+02
6.600000000000000000e+01 2.945027508921015738e+02
6.700000000000000000e+01 2.937134006095279233e+02
6.800000000000000000e+01 2.932113398494623766e+02
6.900000000000000000e+01 2.899038870303485851e+02
7.000000000000000000e+01 2.874337701340072613e+02
7.100000000000000000e+01 2.850103399656254624e+02
7.200000000000000000e+01 2.819191080643295209e+02
7.300000000000000000e+01 2.812671538444434418e+02
7.400000000000000000e+01 2.809838068709043455e+02
7.500000000000000000e+01 2.779265502432588733e+02
7.600000000000000000e+01 2.760228330930307834e+02
7.700000000000000000e+01 2.735277834586480026e+02
7.800000000000000000e+01 2.709146637207884964e+02
7.900000000000000000e+01 2.704745333145505697e+02
8.000000000000000000e+01 2.703224426899292894e+02
8.100000000000000000e+01 2.671531250714818952e+02
8.200000000000000000e+01 2.653149087542248026e+02
8.300000000000000000e+01 2.636194319855180197e+02
8.400000000000000000e+01 2.611601362614460982e+02
8.500000000000000000e+01 2.606887073092692617e+02
8.600000000000000000e+01 2.605081375930759009e+02
8.700000000000000000e+01 2.587867160423407427e+02
8.800000000000000000e+01 2.562464457366914985e+02
8.900000000000000000e+01 2.548788042444596442e+02
9.000000000000000000e+01 2.524469878286873836e+02
9.100000000000000000e+01 2.520306232385736394e+02
9.200000000000000000e+01 2.519247207288808568e+02
9.300000000000000000e+01 2.497864085888986097e+02
9.400000000000000000e+01 2.483737111153551780e+02
9.500000000000000000e+01 2.471652614327801984e+02
9.600000000000000000e+01 2.445897315545920492e+02
9.700000000000000000e+01 2.442236553410223507e+02
9.800000000000000000e+01 2.440624477634968912e+02
9.900000000000000000e+01 2.426686093094525631e+02
1.000000000000000000e+03 8.107486330658653628e+01
1.001000000000000000e+03 8.091910485135664999e+01
1.002000000000000000e+03 8.085914976227167017e+01
1.003000000000000000e+03 8.084594576387435438e+01
1.004000000000000000e+03 8.084504885478976632e+01
1.005000000000000000e+03 8.084468109446422091e+01
1.006000000000000000e+03 8.084473469917060129e+01
1.007000000000000000e+03 8.064908357087375634e+01
1.008000000000000000e+03 8.064053891736028845e+01
1.009000000000000000e+03 8.063293700642620365e+01
1.010000000000000000e+03 8.063238137580081855e+01
1.011000000000000000e+03 8.063225794841522998e+01
1.012000000000000000e+03 8.063242785976217419e+01
1.013000000000000000e+03 8.046888566181472413e+01
1.014000000000000000e+03 8.040711227449340015e+01
1.015000000000000000e+03 8.038814665504135348e+01
1.016000000000000000e+03 8.038703909119615787e+01
1.017000000000000000e+03 8.038650950848870025e+01
1.018000000000000000e+03 8.038646492321427672e+01
1.019000000000000000e+03 8.029524182063398996e+01
1.020000000000000000e+03 8.019637386312078320e+01
1.021000000000000000e+03 8.018524703125568465e+01
1.022000000000000000e+03 8.018446514410554471e+01
1.023000000000000000e+03 8.018415045457541623e+01
1.024000000000000000e+03 8.018418923495590889e+01
1.025000000000000000e+03 7.998577072811860944e+01
1.026000000000000000e+03 7.997400381311219064e+01
1.027000000000000000e+03 7.996373401110383838e+01
1.028000000000000000e+03 7.996301000356118038e+01
1.029000000000000000e+03 7.996275514516081273e+01
1.030000000000000000e+03 7.996284757768061979e+01
1.031000000000000000e+03 7.981143007546046420e+01
1.032000000000000000e+03 7.975413986903416230e+01
1.033000000000000000e+03 7.973837390329723007e+01
1.034000000000000000e+03 7.973741873450092044e+01
1.035000000000000000e+03 7.973698343347470541e+01
1.036000000000000000e+03 7.973696714740083280e+01
1.037000000000000000e+03 7.955032447379872451e+01
1.038000000000000000e+03 7.954559050328182934e+01
1.039000000000000000e+03 7.954191110259726827e+01
1.040000000000000000e+03 7.954134319875019798e+01
1.041000000000000000e+03 7.954119598054830931e+01
1.042000000000000000e+03 7.954133384456442002e+01
1.043000000000000000e+03 7.934165872976468847e+01
1.044000000000000000e+03 7.932481736993881327e+01
1.045000000000000000e+03 7.931020998464980210e+01
1.046000000000000000e+03 7.930922287899591083e+01
1.047000000000000000e+03 7.930876221915715973e+01
1.048000000000000000e+03 7.930872461409914820e+01
1.049000000000000000e+03 7.916770379918355616e+01
1.050000000000000000e+03 7.911812395919771745e+01
1.051000000000000000e+03 7.910755411356726086e+01
1.052000000000000000e+03 7.910674742494896350e+01
1.053000000000000000e+03 7.910640311407615854e+01
1.054000000000000000e+03 7.910640421729704030e+01
1.055000000000000000e+03 7.891678053730132092e+01
1.056000000000000000e+03 7.890687216383238933e+01
1.057000000000000000e+03 7.889835351805341190e+01
1.058000000000000000e+03 7.889762994860902268e+01
1.059000000000000000e+03 7.889736484857206733e+01
1.060000000000000000e+03 7.889744506760695231e+01
1.061000000000000000e+03 7.875337889579380146e+01
1.062000000000000000e+03 7.869626165991208211e+01
1.063000000000000000e+03 7.868195048380940193e+01
1.064000000000000000e+03 7.868101098249107395e+01
1.065000000000000000e+03 7.868057166770738320e+01
1.066000000000000000e+03 7.865897087162855428e+01
1.067000000000000000e+03 7.852271616575950475e+01
1.068000000000000000e+03 7.851769484541517841e+01
1.069000000000000000e+03 7.847849595317077842e+01
1.070000000000000000e+03 7.847313171439954260e+01
1.071000000000000000e+03 7.845817672133006226e+01
1.072000000000000000e+03 7.845804014954217109e+01
1.073000000000000000e+03 7.829838625973256683e+01
1.074000000000000000e+03 7.828751809099546222e+01
1.075000000000000000e+03 7.827814919196694632e+01
1.076000000000000000e+03 7.827737838724688402e+01
1.077000000000000000e+03 7.827706484086459682e+01
1.078000000000000000e+03 7.825573467360906932e+01
1.079000000000000000e+03 7.811582933577982146e+01
1.080000000000000000e+03 7.808268760708622835e+01
1.081000000000000000e+03 7.807129304099989042e+01
1.082000000000000000e+03 7.807034491495703321e+01
1.083000000000000000e+03 7.806988843464341699e+01
1.084000000000000000e+03 7.804818539525240340e+01
1.085000000000000000e+03 7.791592044370850090e+01
1.086000000000000000e+03 7.788477989141286173e+01
1.087000000000000000e+03 7.787471466317269631e+01
1.088000000000000000e+03 7.787391309342116585e+01
1.089000000000000000e+03 7.787355273279914059e+01
1.090000000000000000e+03 7.785216490348015839e+01
1.091000000000000000e+03 7.775461245421831791e+01
1.092000000000000000e+03 7.767886848432748081e+01
1.093000000000000000e+03 7.766116679142456292e+01
1.094000000000000000e+03 7.766002965243436051e+01
1.095000000000000000e+03 7.765941913655737494e+01
1.096000000000000000e+03 7.763811811250941730e+01
1.097000000000000000e+03 7.751523751791783923e+01
1.098000000000000000e+03 7.749071821514326075e+01
1.099000000000000000e+03 7.748591962047707682e+01
2.000000000000000000e+03 5.861603584174446979e+01
2.001000000000000000e+03 5.860231050390525809e+01
2.002000000000000000e+03 5.859984064885684774e+01
2.003000000000000000e+03 5.853694253133606651e+01
2.004000000000000000e+03 5.853149939837805960e+01
2.005000000000000000e+03 5.852659505812252405e+01
2.006000000000000000e+03 5.852534735536052324e+01
2.007000000000000000e+03 5.850622474401411210e+01
2.008000000000000000e+03 5.848255083955164224e+01
2.009000000000000000e+03 5.846322000114184902e+01
2.010000000000000000e+03 5.846036145404315221e+01
2.011000000000000000e+03 5.845781522609573955e+01
2.012000000000000000e+03 5.845628824845778837e+01
2.013000000000000000e+03 5.842236695361567911e+01
2.014000000000000000e+03 5.839130668427186777e+01
2.015000000000000000e+03 5.837463762621241159e+01
2.016000000000000000e+03 5.837332876819965577e+01
2.017000000000000000e+03 5.837220954423051467e+01
2.018000000000000000e+03 5.837126754205676349e+01
2.019000000000000000e+03 5.835778418125833866e+01
2.020000000000000000e+03 5.835534087792645863e+01
2.021000000000000000e+03 5.829360141279965291e+01
2.022000000000000000e+03 5.828804353327454635e+01
2.023000000000000000e+03 5.828313619119388989e+01
2.024000000000000000e+03 5.828188645143396229e+01
2.025000000000000000e+03 5.826338758505401927e+01
2.026000000000000000e+03 5.823970874716661683e+01
2.027000000000000000e+03 5.822020908737061973e+01
2.028000000000000000e+03 5.821752957146846796e+01
2.029000000000000000e+03 5.821506903888256090e+01
2.030000000000000000e+03 5.821355724928189090e+01
2.031000000000000000e+03 5.818077643537814936e+01
2.032000000000000000e+03 5.814834911919673743e+01
2.033000000000000000e+03 5.813280875279799886e+01
2.034000000000000000e+03 5.813155220540530621e+01
2.035000000000000000e+03 5.813047603129420793e+01
2.036000000000000000e+03 5.812956938148299457e+01
2.037000000000000000e+03 5.811437900802578582e+01
2.038000000000000000e+03 5.811192688995694766e+01
2.039000000000000000e+03 5.805722596623137122e+01
2.040000000000000000e+03 5.804787869332599115e+01
2.041000000000000000e+03 5.804123844744629679e+01
2.042000000000000000e+03 5.803980966378603057e+01
2.043000000000000000e+03 5.801503033894671546e+01
2.044000000000000000e+03 5.798409003513181403e+01
2.045000000000000000e+03 5.798274935622511350e+01
2.046000000000000000e+03 5.798174077380053859e+01
2.047000000000000000e+03 5.798040328286565170e+01
2.048000000000000000e+03 5.797886578597495344e+01
2.049000000000000000e+03 5.793726251829392027e+01
2.050000000000000000e+03 5.791131011892878178e+01
2.051000000000000000e+03 5.789570037467215968e+01
2.052000000000000000e+03 5.789050227189748909e+01
2.053000000000000000e+03 5.788817674654611523e+01
2.054000000000000000e+03 5.788724930238231536e+01
2.055000000000000000e+03 5.788055478621541283e+01
2.056000000000000000e+03 5.787240519970092834e+01
2.057000000000000000e+03 5.781911162780257740e+01
2.058000000000000000e+03 5.781316308570204399e+01
2.059000000000000000e+03 5.780827178994822901e+01
2.060000000000000000e+03 5.780680073356082715e+01
2.061000000000000000e+03 5.777697638533539504e+01
2.062000000000000000e+03 5.775138278151092663e+01
2.063000000000000000e+03 5.774358670708197394e+01
2.064000000000000000e+03 5.774246163954143185e+01
2.065000000000000000e+03 5.774119715960753041e+01
2.066000000000000000e+03 5.773986748989870676e+01
2.067000000000000000e+03 5.771301973433089927e+01
2.068000000000000000e+03 5.768934731740316124e+01
2.069000000000000000e+03 5.765739140382298444e+01
2.070000000000000000e+03 5.765469517593571425e+01
2.071000000000000000e+03 5.765225111543193748e+01
2.072000000000000000e+03 5.765133157925371421e+01
2.073000000000000000e+03 5.764541748725853409e+01
2.074000000000000000e+03 5.763725111060787754e+01
2.075000000000000000e+03 5.758460202060507527e+01
2.076000000000000000e+03 5.757877288265820681e+01
2.077000000000000000e+03 5.757393674465478028e+01
2.078000000000000000e+03 5.757247454473835546e+01
2.079000000000000000e+03 5.754388005928367988e+01
2.080000000000000000e+03 5.751832999256029666e+01
2.081000000000000000e+03 5.751030298473403946e+01
2.082000000000000000e+03 5.750915837519956142e+01
2.083000000000000000e+03 5.750787585403365654e+01
2.084000000000000000e+03 5.750653009370262936e+01
2.085000000000000000e+03 5.747806925169324188e+01
2.086000000000000000e+03 5.745680474209778055e+01
2.087000000000000000e+03 5.743059734630084989e+01
2.088000000000000000e+03 5.742809753505100900e+01
2.089000000000000000e+03 5.742558383665841149e+01
2.090000000000000000e+03 5.741461167884396133e+01
2.091000000000000000e+03 5.740222513521594294e+01
2.092000000000000000e+03 5.739389475058050039e+01
2.093000000000000000e+03 5.735283547596863230e+01
2.094000000000000000e+03 5.734858810626326431e+01
2.095000000000000000e+03 5.734499605324273119e+01
2.096000000000000000e+03 5.734370529630331248e+01
2.097000000000000000e+03 5.732036975098698406e+01
2.098000000000000000e+03 5.730253707968803667e+01
2.099000000000000000e+03 5.727789164857378523e+01
3.000000000000000000e+03 4.848772435682414539e+01
3.001000000000000000e+03 4.848522948120196929e+01
3.002000000000000000e+03 4.848392305360084720e+01
3.003000000000000000e+03 4.847966697809555114e+01
3.004000000000000000e+03 4.847855511611651025e+01
3.005000000000000000e+03 4.846199116506154780e+01
3.006000000000000000e+03 4.845425550062810771e+01
3.007000000000000000e+03 4.843988711815098469e+01
3.008000000000000000e+03 4.843656915219450809e+01
3.009000000000000000e+03 4.842708428414479727e+01
3.010000000000000000e+03 4.841653342935721582e+01
3.011000000000000000e+03 4.840700828160114355e+01
3.012000000000000000e+03 4.840553338462841282e+01
3.013000000000000000e+03 4.839948290460507252e+01
3.014000000000000000e+03 4.839644259954348371e+01
3.015000000000000000e+03 4.839116634274773787e+01
3.016000000000000000e+03 4.837542587502563407e+01
3.017000000000000000e+03 4.835584887398189835e+01
3.018000000000000000e+03 4.835360042581135076e+01
3.019000000000000000e+03 4.835223494482831086e+01
3.020000000000000000e+03 4.835107098768519052e+01
3.021000000000000000e+03 4.834995826635892513e+01
3.022000000000000000e+03 4.833358349335277637e+01
3.023000000000000000e+03 4.833200396063941184e+01
3.024000000000000000e+03 4.831026048744939061e+01
3.025000000000000000e+03 4.830746371124135408e+01
3.026000000000000000e+03 4.830176070278278644e+01
3.027000000000000000e+03 4.829075240920742829e+01
3.028000000000000000e+03 4.828951413925551606e+01
3.029000000000000000e+03 4.827991674147892809e+01
3.030000000000000000e+03 4.827469077810532383e+01
3.031000000000000000e+03 4.826769217555218461e+01
3.032000000000000000e+03 4.826466818245923207e+01
3.033000000000000000e+03 4.825269469862715255e+01
3.034000000000000000e+03 4.823177528931455527e+01
3.035000000000000000e+03 4.822484562986701917e+01
3.036000000000000000e+03 4.822217409241238784e+01
3.037000000000000000e+03 4.822070359986389576e+01
3.038000000000000000e+03 4.821929837370900174e+01
3.039000000000000000e+03 4.821801272297202701e+01
3.040000000000000000e+03 4.820572063474307356e+01
3.041000000000000000e+03 4.818668802226103764e+01
3.042000000000000000e+03 4.817724180584022520e+01
3.043000000000000000e+03 4.817478335211622209e+01
3.044000000000000000e+03 4.817356181513206081e+01
3.045000000000000000e+03 4.816925320276306621e+01
3.046000000000000000e+03 4.815393776824441119e+01
3.047000000000000000e+03 4.814831726417709490e+01
3.048000000000000000e+03 4.813620572821064059e+01
3.049000000000000000e+03 4.813003426206472568e+01
3.050000000000000000e+03 4.812306506448692289e+01
3.051000000000000000e+03 4.811775447897607449e+01
3.052000000000000000e+03 4.811006890175498540e+01
3.053000000000000000e+03 4.809528574513633004e+01
3.054000000000000000e+03 4.808448083823692798e+01
3.055000000000000000e+03 4.808301888172795202e+01
3.056000000000000000e+03 4.808170899242374219e+01
3.057000000000000000e+03 4.807461950294025144e+01
3.058000000000000000e+03 4.806426562254620194e+01
3.059000000000000000e+03 4.806284623780964438e+01
3.060000000000000000e+03 4.804745825168983231e+01
3.061000000000000000e+03 4.804477672850393333e+01
3.062000000000000000e+03 4.803911130239994520e+01
3.063000000000000000e+03 4.803442812253580030e+01
3.064000000000000000e+03 4.802236531798294550e+01
3.065000000000000000e+03 4.802054628017362603e+01
3.066000000000000000e+03 4.800680765073127532e+01
3.067000000000000000e+03 4.799924993311576316e+01
3.068000000000000000e+03 4.799159869706737425e+01
3.069000000000000000e+03 4.797956657752190779e+01
3.070000000000000000e+03 4.797823676174300545e+01
3.071000000000000000e+03 4.796334499425589115e+01
3.072000000000000000e+03 4.795877676503924647e+01
3.073000000000000000e+03 4.795749023160846036e+01
3.074000000000000000e+03 4.794918988990053066e+01
3.075000000000000000e+03 4.794806749294124870e+01
3.076000000000000000e+03 4.792830113843069029e+01
3.077000000000000000e+03 4.792561195615913761e+01
3.078000000000000000e+03 4.791632491385129811e+01
3.079000000000000000e+03 4.791418175498002086e+01
3.080000000000000000e+03 4.790782548948729413e+01
3.081000000000000000e+03 4.789839014246192050e+01
3.082000000000000000e+03 4.788996602103410538e+01
3.083000000000000000e+03 4.788436020526378201e+01
3.084000000000000000e+03 4.787408298941058149e+01
3.085000000000000000e+03 4.786865770226118144e+01
3.086000000000000000e+03 4.786157117932447136e+01
3.087000000000000000e+03 4.784775543990046742e+01
3.088000000000000000e+03 4.784650621174149876e+01
3.089000000000000000e+03 4.784031714911219524e+01
3.090000000000000000e+03 4.782482436094522882e+01
3.091000000000000000e+03 4.782332911616845195e+01
3.092000000000000000e+03 4.781744687723939080e+01
3.093000000000000000e+03 4.781026760691189992e+01
3.094000000000000000e+03 4.780504973585682649e+01
3.095000000000000000e+03 4.780365986849966475e+01
3.096000000000000000e+03 4.778573648890782977e+01
3.097000000000000000e+03 4.778308254114181608e+01
3.098000000000000000e+03 4.777754681543618176e+01
3.099000000000000000e+03 4.775693253847420294e+01
4.000000000000000000e+03 4.240611468642143222e+01
4.001000000000000000e+03 4.239336809394374939e+01
4.002000000000000000e+03 4.239230261457469595e+01
4.003000000000000000e+03 4.238259200431645013e+01
4.004000000000000000e+03 4.238108499988129552e+01
4.005000000000000000e+03 4.237327639779618949e+01
4.006000000000000000e+03 4.236454395638691750e+01
4.007000000000000000e+03 4.236319840607839637e+01
4.008000000000000000e+03 4.235409715237283734e+01
4.009000000000000000e+03 4.235305669706323783e+01
4.010000000000000000e+03 4.235175746128322061e+01
4.011000000000000000e+03 4.233891700075103159e+01
4.012000000000000000e+03 4.233758488043875445e+01
4.013000000000000000e+03 4.233546124468315952e+01
4.014000000000000000e+03 4.232842765901640547e+01
4.015000000000000000e+03 4.232664984937292729e+01
4.016000000000000000e+03 4.231848016396595114e+01
4.017000000000000000e+03 4.231157123238180162e+01
4.018000000000000000e+03 4.231018502431371786e+01
4.019000000000000000e+03 4.230891675182684253e+01
4.020000000000000000e+03 4.230327894064492966e+01
4.021000000000000000e+03 4.229930176734622194e+01
4.022000000000000000e+03 4.229753980498198018e+01
4.023000000000000000e+03 4.228258269230121869e+01
4.024000000000000000e+03 4.227437760211363837e+01
4.025000000000000000e+03 4.226974088734274204e+01
4.026000000000000000e+03 4.226838422594006772e+01
4.027000000000000000e+03 4.226695980095605165e+01
4.028000000000000000e+03 4.226553957713460363e+01
4.029000000000000000e+03 4.225987005925784956e+01
4.030000000000000000e+03 4.225842537395450904e+01
4.031000000000000000e+03 4.224034597621751885e+01
4.032000000000000000e+03 4.223620961684325437e+01
4.033000000000000000e+03 4.223489256873421027e+01
4.034000000000000000e+03 4.223380779427968434e+01
4.035000000000000000e+03 4.223278821763390312e+01
4.036000000000000000e+03 4.221981825114321651e+01
4.037000000000000000e+03 4.221153621733903094e+01
4.038000000000000000e+03 4.220294663328130724e+01
4.039000000000000000e+03 4.220157644531570895e+01
4.040000000000000000e+03 4.220038836384398451e+01
4.041000000000000000e+03 4.219932209982243876e+01
4.042000000000000000e+03 4.219008765284903006e+01
4.043000000000000000e+03 4.218595118358467744e+01
4.044000000000000000e+03 4.217777656213191051e+01
4.045000000000000000e+03 4.217632501307966209e+01
4.046000000000000000e+03 4.217210912598361716e+01
4.047000000000000000e+03 4.216578194667098956e+01
4.048000000000000000e+03 4.216144414387368045e+01
4.049000000000000000e+03 4.215362190834327549e+01
4.050000000000000000e+03 4.215217092837151824e+01
4.051000000000000000e+03 4.215030887462386033e+01
4.052000000000000000e+03 4.214895232757788790e+01
4.053000000000000000e+03 4.214224567172165337e+01
4.054000000000000000e+03 4.213289730353673690e+01
4.055000000000000000e+03 4.212306058151600752e+01
4.056000000000000000e+03 4.212159583226556236e+01
4.057000000000000000e+03 4.212026841976249614e+01
4.058000000000000000e+03 4.211656441985610400e+01
4.059000000000000000e+03 4.211173805719121788e+01
4.060000000000000000e+03 4.210124846061472681e+01
4.061000000000000000e+03 4.209982731845058623e+01
4.062000000000000000e+03 4.209605215592517879e+01
4.063000000000000000e+03 4.209235654592413312e+01
4.064000000000000000e+03 4.208852809965512165e+01
4.065000000000000000e+03 4.207786328499477690e+01
4.066000000000000000e+03 4.207151437100431224e+01
4.067000000000000000e+03 4.206677412049766929e+01
4.068000000000000000e+03 4.206555338168567459e+01
4.069000000000000000e+03 4.206251800282483799e+01
4.070000000000000000e+03 4.206115912304322535e+01
4.071000000000000000e+03 4.205632469984232102e+01
4.072000000000000000e+03 4.204901967493123038e+01
4.073000000000000000e+03 4.203550381874453024e+01
4.074000000000000000e+03 4.203371173419144213e+01
4.075000000000000000e+03 4.203217296318481999e+01
4.076000000000000000e+03 4.203073632442806229e+01
4.077000000000000000e+03 4.202939533754283730e+01
4.078000000000000000e+03 4.201963332635321535e+01
4.079000000000000000e+03 4.200921594093580325e+01
4.080000000000000000e+03 4.200417151738983534e+01
4.081000000000000000e+03 4.200271280091355663e+01
4.082000000000000000e+03 4.200140111427098333e+01
4.083000000000000000e+03 4.199680357577901191e+01
4.084000000000000000e+03 4.198599215336241741e+01
4.085000000000000000e+03 4.198462149938298182e+01
4.086000000000000000e+03 4.196900347878612081e+01
4.087000000000000000e+03 4.196753979028426329e+01
4.088000000000000000e+03 4.196368530204656366e+01
4.089000000000000000e+03 4.196267096303037647e+01
4.090000000000000000e+03 4.196187208930262358e+01
4.091000000000000000e+03 4.195800868708027309e+01
4.092000000000000000e+03 4.194875462150120882e+01
4.093000000000000000e+03 4.194704464185321058e+01
4.094000000000000000e+03 4.193963328098691079e+01
4.095000000000000000e+03 4.193301065604996580e+01
4.096000000000000000e+03 4.192785399200033680e+01
4.097000000000000000e+03 4.192421405915350618e+01
4.098000000000000000e+03 4.192267211923869752e+01
4.099000000000000000e+03 4.192015121372868691e+01
5.000000000000000000e+03 3.819971708983172931e+01
5.001000000000000000e+03 3.819844315754789932e+01
5.002000000000000000e+03 3.818989071755432718e+01
5.003000000000000000e+03 3.818514716563199585e+01
5.004000000000000000e+03 3.818264304969612510e+01
5.005000000000000000e+03 3.818112582040885172e+01
5.006000000000000000e+03 3.817971240596352800e+01
5.007000000000000000e+03 3.817310567900818086e+01
5.008000000000000000e+03 3.817182034435461446e+01
5.009000000000000000e+03 3.816365220548212278e+01
5.010000000000000000e+03 3.816223530002984177e+01
5.011000000000000000e+03 3.815839477391453727e+01
5.012000000000000000e+03 3.815707644710531810e+01
5.013000000000000000e+03 3.815591272603453632e+01
5.014000000000000000e+03 3.814829019129038556e+01
5.015000000000000000e+03 3.814363698403317926e+01
5.016000000000000000e+03 3.814057848250800475e+01
5.017000000000000000e+03 3.813902240593826320e+01
5.018000000000000000e+03 3.813523474904113186e+01
5.019000000000000000e+03 3.813145471525214703e+01
5.020000000000000000e+03 3.813013952025988829e+01
5.021000000000000000e+03 3.812196381527408562e+01
5.022000000000000000e+03 3.812045133283485399e+01
5.023000000000000000e+03 3.811888038675349577e+01
5.024000000000000000e+03 3.811349877110760076e+01
5.025000000000000000e+03 3.811213026472024978e+01
5.026000000000000000e+03 3.810447536995969386e+01
5.027000000000000000e+03 3.809990006941046659e+01
5.028000000000000000e+03 3.809851186527067313e+01
5.029000000000000000e+03 3.809707575028055970e+01
5.030000000000000000e+03 3.809105940199134466e+01
5.031000000000000000e+03 3.808960964511003766e+01
5.032000000000000000e+03 3.808654907459531103e+01
5.033000000000000000e+03 3.807962517670202374e+01
5.034000000000000000e+03 3.807792184927905765e+01
5.035000000000000000e+03 3.807629005079526507e+01
5.036000000000000000e+03 3.807468442908033524e+01
5.037000000000000000e+03 3.807324068847114518e+01
5.038000000000000000e+03 3.806208765760113977e+01
5.039000000000000000e+03 3.805733838075497033e+01
5.040000000000000000e+03 3.805589099843837175e+01
5.041000000000000000e+03 3.805448536171218166e+01
5.042000000000000000e+03 3.804842975535661509e+01
5.043000000000000000e+03 3.804477797294136110e+01
5.044000000000000000e+03 3.804329976672768510e+01
5.045000000000000000e+03 3.803864791939334822e+01
5.046000000000000000e+03 3.803690438270835017e+01
5.047000000000000000e+03 3.803272749589781654e+01
5.048000000000000000e+03 3.803104949216231745e+01
5.049000000000000000e+03 3.802957226867847851e+01
5.050000000000000000e+03 3.802104522275465825e+01
5.051000000000000000e+03 3.801652939671302533e+01
5.052000000000000000e+03 3.801362754390810039e+01
5.053000000000000000e+03 3.801217491431411588e+01
5.054000000000000000e+03 3.800616580081501894e+01
5.055000000000000000e+03 3.800233639110420825e+01
5.056000000000000000e+03 3.800091248408851641e+01
5.057000000000000000e+03 3.799598516257913872e+01
5.058000000000000000e+03 3.799444752988821961e+01
5.059000000000000000e+03 3.799284810292909498e+01
5.060000000000000000e+03 3.798737547008536808e+01
5.061000000000000000e+03 3.798590512626773119e+01
5.062000000000000000e+03 3.797444499292697628e+01
5.063000000000000000e+03 3.797306078115369132e+01
5.064000000000000000e+03 3.797179364080369623e+01
5.065000000000000000e+03 3.797053453138409651e+01
5.066000000000000000e+03 3.796464567392122547e+01
5.067000000000000000e+03 3.796099499328760629e+01
5.068000000000000000e+03 3.795556471570239410e+01
5.069000000000000000e+03 3.795409373832695366e+01
5.070000000000000000e+03 3.795248300603850566e+01
5.071000000000000000e+03 3.794796284984604284e+01
5.072000000000000000e+03 3.794650102865655583e+01
5.073000000000000000e+03 3.794458150383840689e+01
5.074000000000000000e+03 3.793616218512512717e+01
5.075000000000000000e+03 3.793231854649259560e+01
5.076000000000000000e+03 3.792931157588799351e+01
5.077000000000000000e+03 3.792783616379245615e+01
5.078000000000000000e+03 3.792411369069590421e+01
5.079000000000000000e+03 3.792045642305166098e+01
5.080000000000000000e+03 3.791894957873768135e+01
5.081000000000000000e+03 3.791110479796238053e+01
5.082000000000000000e+03 3.790949204294287256e+01
5.083000000000000000e+03 3.790783494267838449e+01
5.084000000000000000e+03 3.790291042834289215e+01
5.085000000000000000e+03 3.790148030724808592e+01
5.086000000000000000e+03 3.789644463768803462e+01
5.087000000000000000e+03 3.788885174662831901e+01
5.088000000000000000e+03 3.788738554171739281e+01
5.089000000000000000e+03 3.788587966379768091e+01
5.090000000000000000e+03 3.788219920468237945e+01
5.091000000000000000e+03 3.788083662084246583e+01
5.092000000000000000e+03 3.787835673744625353e+01
5.093000000000000000e+03 3.786818510602656573e+01
5.094000000000000000e+03 3.786651197873256791e+01
5.095000000000000000e+03 3.786492631713328194e+01
5.096000000000000000e+03 3.786341875560547976e+01
5.097000000000000000e+03 3.786208232422082176e+01
5.098000000000000000e+03 3.785406854221828610e+01
5.099000000000000000e+03 3.784636495176707172e+01
6.000000000000000000e+03 3.507567364957448319e+01
6.001000000000000000e+03 3.507419202277709047e+01
6.002000000000000000e+03 3.507145990501810928e+01
6.003000000000000000e+03 3.507024758106618378e+01
6.004000000000000000e+03 3.506342379909721529e+01
6.005000000000000000e+03 3.505989020161362646e+01
6.006000000000000000e+03 3.505831183155731878e+01
6.007000000000000000e+03 3.505682174291291631e+01
6.008000000000000000e+03 3.505549544345718971e+01
6.009000000000000000e+03 3.505206325398071954e+01
6.010000000000000000e+03 3.505090061798964030e+01
6.011000000000000000e+03 3.504278727915353642e+01
6.012000000000000000e+03 3.504125873995776175e+01
6.013000000000000000e+03 3.503981478014102890e+01
6.014000000000000000e+03 3.503711898859943119e+01
6.015000000000000000e+03 3.503582597041450697e+01
6.016000000000000000e+03 3.503469483448906630e+01
6.017000000000000000e+03 3.502811962567886894e+01
6.018000000000000000e+03 3.502647588438235005e+01
6.019000000000000000e+03 3.502496060145260515e+01
6.020000000000000000e+03 3.502219330418840570e+01
6.021000000000000000e+03 3.502093952434532298e+01
6.022000000000000000e+03 3.501520887881200395e+01
6.023000000000000000e+03 3.501155301711795431e+01
6.024000000000000000e+03 3.500996210855998925e+01
6.025000000000000000e+03 3.500844788720672085e+01
6.026000000000000000e+03 3.500556322317314795e+01
6.027000000000000000e+03 3.500420618224158886e+01
6.028000000000000000e+03 3.500066515930932098e+01
6.029000000000000000e+03 3.499715457951572262e+01
6.030000000000000000e+03 3.499357138828087699e+01
6.031000000000000000e+03 3.499198395655319871e+01
6.032000000000000000e+03 3.498637946682282518e+01
6.033000000000000000e+03 3.498505586221171626e+01
6.034000000000000000e+03 3.498395021484049749e+01
6.035000000000000000e+03 3.498075192567694103e+01
6.036000000000000000e+03 3.497727203719720279e+01
6.037000000000000000e+03 3.497583421720452179e+01
6.038000000000000000e+03 3.497311346125541576e+01
6.039000000000000000e+03 3.497191131986994606e+01
6.040000000000000000e+03 3.496526415165696022e+01
6.041000000000000000e+03 3.496183259937812693e+01
6.042000000000000000e+03 3.496040261719653586e+01
6.043000000000000000e+03 3.495906849975649777e+01
6.044000000000000000e+03 3.495787847393862080e+01
6.045000000000000000e+03 3.495459250425324171e+01
6.046000000000000000e+03 3.495086519324541996e+01
6.047000000000000000e+03 3.494516667864458981e+01
6.048000000000000000e+03 3.494353132869879630e+01
6.049000000000000000e+03 3.494208245120127287e+01
6.050000000000000000e+03 3.494080427867372407e+01
6.051000000000000000e+03 3.493966385422747578e+01
6.052000000000000000e+03 3.493722157260726391e+01
6.053000000000000000e+03 3.492964323667382587e+01
6.054000000000000000e+03 3.492805145588838656e+01
6.055000000000000000e+03 3.492408151502670677e+01
6.056000000000000000e+03 3.492130070327385738e+01
6.057000000000000000e+03 3.492007044225706380e+01
6.058000000000000000e+03 3.491904419942486015e+01
6.059000000000000000e+03 3.491368972976389529e+01
6.060000000000000000e+03 3.491221735331859577e+01
6.061000000000000000e+03 3.491083017721140891e+01
6.062000000000000000e+03 3.490958238674451763e+01
6.063000000000000000e+03 3.490848368491289477e+01
6.064000000000000000e+03 3.490447481957786380e+01
6.065000000000000000e+03 3.489613419065072719e+01
6.066000000000000000e+03 3.489455732996561466e+01
6.067000000000000000e+03 3.489310167060550327e+01
6.068000000000000000e+03 3.489044671009807530e+01
6.069000000000000000e+03 3.488930784937758034e+01
6.070000000000000000e+03 3.488835578083342881e+01
6.071000000000000000e+03 3.488093423606666477e+01
6.072000000000000000e+03 3.487936231915236363e+01
6.073000000000000000e+03 3.487789689369057555e+01
6.074000000000000000e+03 3.487659842053520265e+01
6.075000000000000000e+03 3.487547490832089636e+01
6.076000000000000000e+03 3.487164441352992128e+01
6.077000000000000000e+03 3.486402032201068124e+01
6.078000000000000000e+03 3.486242077056286348e+01
6.079000000000000000e+03 3.486094919015448568e+01
6.080000000000000000e+03 3.485827684355164990e+01
6.081000000000000000e+03 3.485712394194986530e+01
6.082000000000000000e+03 3.485616057499281339e+01
6.083000000000000000e+03 3.484872298534216384e+01
6.084000000000000000e+03 3.484718444633453771e+01
6.085000000000000000e+03 3.484572853847188867e+01
6.086000000000000000e+03 3.484168461401536376e+01
6.087000000000000000e+03 3.484047094693245583e+01
6.088000000000000000e+03 3.483661522524599263e+01
6.089000000000000000e+03 3.483333142838237251e+01
6.090000000000000000e+03 3.483185717932049386e+01
6.091000000000000000e+03 3.483042222579106806e+01
6.092000000000000000e+03 3.482912294008748688e+01
6.093000000000000000e+03 3.482798268821781562e+01
6.094000000000000000e+03 3.482177720165900325e+01
6.095000000000000000e+03 3.481608161333474527e+01
6.096000000000000000e+03 3.481436844825257992e+01
6.097000000000000000e+03 3.481284262131553220e+01
6.098000000000000000e+03 3.481152525808745679e+01
6.099000000000000000e+03 3.481040632606432439e+01
7.000000000000000000e+03 3.263686403006431647e+01
7.001000000000000000e+03 3.263015759187787523e+01
7.002000000000000000e+03 3.262848493810761852e+01
7.003000000000000000e+03 3.262701704465504804e+01
7.004000000000000000e+03 3.262575292601236754e+01
7.005000000000000000e+03 3.262467540152530887e+01
7.006000000000000000e+03 3.262376284762989087e+01
7.007000000000000000e+03 3.261706491249772455e+01
7.008000000000000000e+03 3.261539443446696396e+01
7.009000000000000000e+03 3.261392846508523746e+01
7.010000000000000000e+03 3.261266599632692476e+01
7.011000000000000000e+03 3.261158987014148636e+01
7.012000000000000000e+03 3.261067849613936431e+01
7.013000000000000000e+03 3.260398870544644012e+01
7.014000000000000000e+03 3.260232031167723932e+01
7.015000000000000000e+03 3.260085619970639215e+01
7.016000000000000000e+03 3.259959533380023800e+01
7.017000000000000000e+03 3.259852056995023162e+01
7.018000000000000000e+03 3.259761034395023671e+01
7.019000000000000000e+03 3.259138002963138803e+01
7.020000000000000000e+03 3.258829561091259563e+01
7.021000000000000000e+03 3.258683407136991406e+01
7.022000000000000000e+03 3.258559136868625217e+01
7.023000000000000000e+03 3.258453968719344118e+01
7.024000000000000000e+03 3.258365287426265411e+01
7.025000000000000000e+03 3.257830450316586735e+01
7.026000000000000000e+03 3.257666114581816430e+01
7.027000000000000000e+03 3.257518263366569045e+01
7.028000000000000000e+03 3.257389194419728540e+01
7.029000000000000000e+03 3.257278251324723328e+01
7.030000000000000000e+03 3.257040228053902098e+01
7.031000000000000000e+03 3.256548466061663305e+01
7.032000000000000000e+03 3.256248206399678935e+01
7.033000000000000000e+03 3.256108540322359346e+01
7.034000000000000000e+03 3.255975832171374407e+01
7.035000000000000000e+03 3.255853581205747815e+01
7.036000000000000000e+03 3.255746169339661122e+01
7.037000000000000000e+03 3.255215372793149697e+01
7.038000000000000000e+03 3.255059678461621075e+01
7.039000000000000000e+03 3.254920557653627355e+01
7.040000000000000000e+03 3.254795510425473992e+01
7.041000000000000000e+03 3.254686260031002831e+01
7.042000000000000000e+03 3.254450974167853872e+01
7.043000000000000000e+03 3.253865277310654847e+01
7.044000000000000000e+03 3.253713784774803486e+01
7.045000000000000000e+03 3.253579061255013016e+01
7.046000000000000000e+03 3.253449298307492654e+01
7.047000000000000000e+03 3.253329023373584761e+01
7.048000000000000000e+03 3.253223065487480881e+01
7.049000000000000000e+03 3.252606735150029493e+01
7.050000000000000000e+03 3.252443453302439735e+01
7.051000000000000000e+03 3.252299032083084285e+01
7.052000000000000000e+03 3.252173857409404434e+01
7.053000000000000000e+03 3.252066519662725597e+01
7.054000000000000000e+03 3.251974917934978038e+01
7.055000000000000000e+03 3.251306549940315449e+01
7.056000000000000000e+03 3.251139434368423053e+01
7.057000000000000000e+03 3.250992694311608489e+01
7.058000000000000000e+03 3.250866245117510545e+01
7.059000000000000000e+03 3.250758388677899546e+01
7.060000000000000000e+03 3.250666980834800057e+01
7.061000000000000000e+03 3.250001772811799583e+01
7.062000000000000000e+03 3.249835841086855481e+01
7.063000000000000000e+03 3.249690221922609368e+01
7.064000000000000000e+03 3.249564806799962469e+01
7.065000000000000000e+03 3.249457889030455249e+01
7.066000000000000000e+03 3.249367324408748203e+01
7.067000000000000000e+03 3.248704835189719375e+01
7.068000000000000000e+03 3.248539581922582187e+01
7.069000000000000000e+03 3.248394559446411023e+01
7.070000000000000000e+03 3.248269664386204170e+01
7.071000000000000000e+03 3.248163198324720469e+01
7.072000000000000000e+03 3.248073025537922121e+01
7.073000000000000000e+03 3.247411989032456603e+01
7.074000000000000000e+03 3.247247120436247769e+01
7.075000000000000000e+03 3.247102442768979813e+01
7.076000000000000000e+03 3.246977851026352369e+01
7.077000000000000000e+03 3.246871649007378124e+01
7.078000000000000000e+03 3.246781704577721683e+01
7.079000000000000000e+03 3.246121726819183806e+01
7.080000000000000000e+03 3.245957121338346951e+01
7.081000000000000000e+03 3.245812675247680801e+01
7.082000000000000000e+03 3.245688282813414816e+01
7.083000000000000000e+03 3.245582250355663234e+01
7.084000000000000000e+03 3.245492449146746594e+01
7.085000000000000000e+03 3.244833391132131339e+01
7.086000000000000000e+03 3.244669004962457848e+01
7.087000000000000000e+03 3.244524748350742982e+01
7.088000000000000000e+03 3.244400515195538759e+01
7.089000000000000000e+03 3.244294615506819923e+01
7.090000000000000000e+03 3.244204924792615685e+01
7.091000000000000000e+03 3.243592017000123917e+01
7.092000000000000000e+03 3.243285522044911318e+01
7.093000000000000000e+03 3.243140501189830616e+01
7.094000000000000000e+03 3.243017034429823298e+01
7.095000000000000000e+03 3.242912479912372703e+01
7.096000000000000000e+03 3.242824297521403309e+01
7.097000000000000000e+03 3.242298761945552599e+01
7.098000000000000000e+03 3.242137657633164594e+01
7.099000000000000000e+03 3.241992743746473593e+01
8.000000000000000000e+03 3.065614319389496956e+01
8.001000000000000000e+03 3.065503756661134815e+01
8.002000000000000000e+03 3.065279944625512698e+01
8.003000000000000000e+03 3.065097487036218382e+01
8.004000000000000000e+03 3.064820654000354949e+01
8.005000000000000000e+03 3.064369305413096001e+01
8.006000000000000000e+03 3.064247749382515096e+01
8.007000000000000000e+03 3.064147561953592813e+01
8.008000000000000000e+03 3.063979920310389105e+01
8.009000000000000000e+03 3.063882793941007066e+01
8.010000000000000000e+03 3.063765330768882933e+01
8.011000000000000000e+03 3.063622134074040559e+01
8.012000000000000000e+03 3.063482977997693624e+01
8.013000000000000000e+03 3.063357657257118660e+01
8.014000000000000000e+03 3.063241001051735779e+01
8.015000000000000000e+03 3.062906066018724260e+01
8.016000000000000000e+03 3.062680720301525739e+01
8.017000000000000000e+03 3.062536569235723505e+01
8.018000000000000000e+03 3.062260856633574946e+01
8.019000000000000000e+03 3.062131204718449951e+01
8.020000000000000000e+03 3.062023613398360666e+01
8.021000000000000000e+03 3.061715289143018381e+01
8.022000000000000000e+03 3.061581646407338297e+01
8.023000000000000000e+03 3.061463619731893360e+01
8.024000000000000000e+03 3.061287713355297768e+01
8.025000000000000000e+03 3.061186084866849200e+01
8.026000000000000000e+03 3.060839237034674198e+01
8.027000000000000000e+03 3.060690345966764525e+01
8.028000000000000000e+03 3.060547340389648241e+01
8.029000000000000000e+03 3.060401165459434125e+01
8.030000000000000000e+03 3.060258469554593930e+01
8.031000000000000000e+03 3.060128121773236742e+01
8.032000000000000000e+03 3.060012182907146183e+01
8.033000000000000000e+03 3.059767099409900482e+01
8.034000000000000000e+03 3.059485348455924125e+01
8.035000000000000000e+03 3.059143598777003703e+01
8.036000000000000000e+03 3.059014166601700424e+01
8.037000000000000000e+03 3.058905474813271042e+01
8.038000000000000000e+03 3.058726535276744940e+01
8.039000000000000000e+03 3.058501089496404290e+01
8.040000000000000000e+03 3.058377852973254107e+01
8.041000000000000000e+03 3.058247631532928423e+01
8.042000000000000000e+03 3.058126189952231755e+01
8.043000000000000000e+03 3.058018055302303040e+01
8.044000000000000000e+03 3.057905659913684460e+01
8.045000000000000000e+03 3.057442231169311952e+01
8.046000000000000000e+03 3.057283026302232543e+01
8.047000000000000000e+03 3.057068069717247738e+01
8.048000000000000000e+03 3.056727483020229030e+01
8.049000000000000000e+03 3.056598800181492948e+01
8.050000000000000000e+03 3.056495315626139231e+01
8.051000000000000000e+03 3.056389071665043389e+01
8.052000000000000000e+03 3.056271887292049882e+01
8.053000000000000000e+03 3.056145150426812052e+01
8.054000000000000000e+03 3.056026437478900704e+01
8.055000000000000000e+03 3.055920407963687779e+01
8.056000000000000000e+03 3.055647511235045499e+01
8.057000000000000000e+03 3.055316314541576261e+01
8.058000000000000000e+03 3.055159766851252101e+01
8.059000000000000000e+03 3.055016128492093230e+01
8.060000000000000000e+03 3.054889441811119610e+01
8.061000000000000000e+03 3.054779895754311525e+01
8.062000000000000000e+03 3.054686198886644632e+01
8.063000000000000000e+03 3.054435868060318171e+01
8.064000000000000000e+03 3.053955176665655813e+01
8.065000000000000000e+03 3.053610469905269653e+01
8.066000000000000000e+03 3.053482193122534483e+01
8.067000000000000000e+03 3.053377210035866085e+01
8.068000000000000000e+03 3.053290348936716470e+01
8.069000000000000000e+03 3.053191691017228493e+01
8.070000000000000000e+03 3.053070856581262404e+01
8.071000000000000000e+03 3.052935386913380000e+01
8.072000000000000000e+03 3.052806427830655522e+01
8.073000000000000000e+03 3.052683478837248288e+01
8.074000000000000000e+03 3.052486896058108456e+01
8.075000000000000000e+03 3.052143508954130269e+01
8.076000000000000000e+03 3.051920672642226151e+01
8.077000000000000000e+03 3.051784509703906423e+01
8.078000000000000000e+03 3.051513239594728333e+01
8.079000000000000000e+03 3.051381858505411415e+01
8.080000000000000000e+03 3.051270309451330576e+01
8.081000000000000000e+03 3.051070993203761361e+01
8.082000000000000000e+03 3.050938850277793080e+01
8.083000000000000000e+03 3.050817585852670533e+01
8.084000000000000000e+03 3.050709459751020347e+01
8.085000000000000000e+03 3.050529391501765630e+01
8.086000000000000000e+03 3.050256957821704873e+01
8.087000000000000000e+03 3.050033826675594995e+01
8.088000000000000000e+03 3.049884316006527740e+01
8.089000000000000000e+03 3.049669382090953462e+01
8.090000000000000000e+03 3.049537500736590800e+01
8.091000000000000000e+03 3.049353920894133196e+01
8.092000000000000000e+03 3.049241968165213024e+01
8.093000000000000000e+03 3.049143217953182017e+01
8.094000000000000000e+03 3.048877133341120782e+01
8.095000000000000000e+03 3.048531678314811089e+01
8.096000000000000000e+03 3.048256998116633198e+01
8.097000000000000000e+03 3.048131856603632528e+01
8.098000000000000000e+03 3.048025171632602692e+01
8.099000000000000000e+03 3.047858542198825660e+01
9.000000000000000000e+03 2.900965240060952155e+01
9.001000000000000000e+03 2.900629210105637767e+01
9.002000000000000000e+03 2.900494222432995528e+01
9.003000000000000000e+03 2.900381240811371697e+01
9.004000000000000000e+03 2.900284220621512077e+01
9.005000000000000000e+03 2.900175361058405343e+01
9.006000000000000000e+03 2.900058596049722937e+01
9.007000000000000000e+03 2.899858874270637443e+01
9.008000000000000000e+03 2.899729461524951901e+01
9.009000000000000000e+03 2.899611561533496484e+01
9.010000000000000000e+03 2.899505893679218005e+01
9.011000000000000000e+03 2.899299260740634310e+01
9.012000000000000000e+03 2.899157540953442691e+01
9.013000000000000000e+03 2.898821544936632577e+01
9.014000000000000000e+03 2.898686224412908174e+01
9.015000000000000000e+03 2.898570913594456044e+01
9.016000000000000000e+03 2.898473251258991468e+01
9.017000000000000000e+03 2.898366134670004612e+01
9.018000000000000000e+03 2.898250941715807727e+01
9.019000000000000000e+03 2.898052338697119623e+01
9.020000000000000000e+03 2.897923169799198462e+01
9.021000000000000000e+03 2.897807352684550608e+01
9.022000000000000000e+03 2.897702112891523996e+01
9.023000000000000000e+03 2.897453324761495708e+01
9.024000000000000000e+03 2.897317178213858568e+01
9.025000000000000000e+03 2.896989281384801984e+01
9.026000000000000000e+03 2.896857029319997423e+01
9.027000000000000000e+03 2.896744451904004336e+01
9.028000000000000000e+03 2.896649222325054041e+01
9.029000000000000000e+03 2.896505760319462297e+01
9.030000000000000000e+03 2.896398519816644068e+01
9.031000000000000000e+03 2.896209356184910888e+01
9.032000000000000000e+03 2.896084847976730003e+01
9.033000000000000000e+03 2.895973152216242141e+01
9.034000000000000000e+03 2.895871545343456077e+01
9.035000000000000000e+03 2.895666150441796560e+01
9.036000000000000000e+03 2.895526289367354167e+01
9.037000000000000000e+03 2.895193677211667449e+01
9.038000000000000000e+03 2.895060514634841198e+01
9.039000000000000000e+03 2.894949249064000796e+01
9.040000000000000000e+03 2.894853795240079108e+01
9.041000000000000000e+03 2.894707204280877733e+01
9.042000000000000000e+03 2.894598524271670925e+01
9.043000000000000000e+03 2.894473746698109551e+01
9.044000000000000000e+03 2.894293795569611660e+01
9.045000000000000000e+03 2.894179044030449433e+01
9.046000000000000000e+03 2.894075451932073406e+01
9.047000000000000000e+03 2.893821005259771084e+01
9.048000000000000000e+03 2.893684693647942652e+01
9.049000000000000000e+03 2.893431880717564297e+01
9.050000000000000000e+03 2.893255969853028375e+01
9.051000000000000000e+03 2.893153328469441732e+01
9.052000000000000000e+03 2.892994200440578112e+01
9.053000000000000000e+03 2.892892255943648649e+01
9.054000000000000000e+03 2.892782155157472346e+01
9.055000000000000000e+03 2.892662609940115104e+01
9.056000000000000000e+03 2.892550509274267512e+01
9.057000000000000000e+03 2.892448631239875212e+01
9.058000000000000000e+03 2.892324212657960913e+01
9.059000000000000000e+03 2.892126077618891244e+01
9.060000000000000000e+03 2.891924769471025414e+01
9.061000000000000000e+03 2.891656305275299133e+01
9.062000000000000000e+03 2.891401129210869669e+01
9.063000000000000000e+03 2.891283241486074473e+01
9.064000000000000000e+03 2.891187146701884103e+01
9.065000000000000000e+03 2.891099881030774554e+01
9.066000000000000000e+03 2.891005956275358812e+01
9.067000000000000000e+03 2.890895167664680798e+01
9.068000000000000000e+03 2.890781346390285123e+01
9.069000000000000000e+03 2.890674173214098630e+01
9.070000000000000000e+03 2.890504147780709587e+01
9.071000000000000000e+03 2.890244544262671411e+01
9.072000000000000000e+03 2.890034495039927265e+01
9.073000000000000000e+03 2.889904087703185809e+01
9.074000000000000000e+03 2.889706190167500210e+01
9.075000000000000000e+03 2.889588778837566707e+01
9.076000000000000000e+03 2.889492742683326298e+01
9.077000000000000000e+03 2.889385679461954481e+01
9.078000000000000000e+03 2.889248937846364385e+01
9.079000000000000000e+03 2.888991911401236479e+01
9.080000000000000000e+03 2.888876837965386102e+01
9.081000000000000000e+03 2.888779985060285682e+01
9.082000000000000000e+03 2.888653817660292944e+01
9.083000000000000000e+03 2.888473740226860542e+01
9.084000000000000000e+03 2.888346446190741190e+01
9.085000000000000000e+03 2.888147914653668025e+01
9.086000000000000000e+03 2.888020440453838944e+01
9.087000000000000000e+03 2.887909734670920514e+01
9.088000000000000000e+03 2.887810418036112381e+01
9.089000000000000000e+03 2.887592740971770411e+01
9.090000000000000000e+03 2.887407849150235961e+01
9.091000000000000000e+03 2.887084803108244557e+01
9.092000000000000000e+03 2.886956107495358737e+01
9.093000000000000000e+03 2.886846910648980469e+01
9.094000000000000000e+03 2.886754789032986679e+01
9.095000000000000000e+03 2.886615755315813558e+01
9.096000000000000000e+03 2.886511331657019142e+01
9.097000000000000000e+03 2.886390120821003791e+01
9.098000000000000000e+03 2.886250241541687345e+01
9.099000000000000000e+03 2.886132112223904755e+01
