30000 131.58453902666912
60000 95.5249544564065
90000 79.15288470906093
120000 69.24781187237885
150000 62.418139196918155
180000 57.33297647342992
210000 53.3553732961041
240000 50.131118890348695
270000 47.446575938225344
300000 45.166074580493856
330000 43.197062897010674
360000 41.473121977283135
390000 39.94780077741378
420000 38.585250230001265
450000 37.35731914544079
480000 36.24382576841666
510000 35.227243090740956
540000 34.29496383506876
570000 33.43597330196936
600000 32.64038180704757
630000 31.900704735959717
660000 31.211448317666505
690000 30.566564671818846
720000 29.961446956216243
750000 29.39158837118552
780000 28.854390657526302
810000 28.34669420464828
840000 27.86595595156619
870000 27.409498301472016
900000 26.975728166479367
930000 26.562688817359042
960000 26.168471268661584
990000 25.792082551529194
1020000 25.431789641348512
1050000 25.086755157816334
1080000 24.75585057967756
1110000 24.43809280526819
1140000 24.13297448807547
1170000 23.839423370643736
1200000 23.556502500526452
1230000 23.283841023784483
1260000 23.02079259927337
1290000 22.76668812042818
1320000 22.521082993086583
1350000 22.28384762624247
1380000 22.05388907730378
1410000 21.831382627856
1440000 21.61557828745535
1470000 21.40629281069578
1500000 21.203094302677517
1530000 21.00593156623015
1560000 20.814209707138566
1590000 20.627797663463078
1620000 20.446558929031053
1650000 20.270007418779382
1680000 20.098170407268583
1710000 19.930833856585156
1740000 19.767696374749587
1770000 19.60873875033867
1800000 19.453601241683305
1830000 19.302140167179896
1860000 19.154268536421302
1890000 19.010164704239003
1920000 18.869072173430492
1950000 18.731243781781387
1980000 18.59639680658087
2010000 18.46469383349978
2040000 18.3357194732164
2070000 18.20948685326725
2100000 18.085924976410023
2130000 17.96494580825952
2160000 17.84650186387048
2190000 17.730418048490986
2220000 17.616650756612472
2250000 17.505075504352206
2280000 17.39566884974192
2310000 17.288399006464292
2340000 17.183140010834073
2370000 17.079785696377538
2400000 16.97837415728114
2430000 16.878846303719467
2460000 16.78090533664916
2490000 16.68483859504693
2520000 16.590581656265183
2550000 16.49791524439912
2580000 16.4067396628528
2610000 16.31717275190436
2640000 16.229103748492694
2670000 16.142420396545727
2700000 16.05713393374817
2730000 15.973240870774584
2760000 15.890814800508796
2790000 15.809588628165155
2820000 15.729684475559553
2850000 15.65105446076523
2880000 15.573583840613908
2910000 15.497313271108796
2940000 15.42213192273153
2970000 15.348079372783172
3000000 15.275168390589306
3030000 15.203310616956943
3060000 15.132508918188648
3090000 15.062617899113688
3120000 14.993683482904126
3150000 14.925749269737254
3180000 14.858751331628634
3210000 14.792865986477153
3240000 14.727667321953483
3270000 14.663372980279787
3300000 14.599966145244977
3330000 14.537334888356206
3360000 14.475603426549455
3390000 14.414715444543846
3420000 14.354647664070429
3450000 14.295206330963302
3480000 14.23655373576256
3510000 14.178764635339801
3540000 14.121576667767146
3570000 14.065141055767608
3600000 14.009343077377977
3630000 13.954337263074466
3660000 13.899897209183226
3690000 13.846069122296797
3720000 13.792881279663375
3750000 13.740390177908054
3780000 13.688538513348128
3810000 13.637263748258135
3840000 13.586500162482436
3870000 13.536350749126003
3900000 13.486698809689422
3930000 13.437655201318398
3960000 13.38917263437447
3990000 13.341217366657501
4020000 13.293774787426255
4050000 13.246882721273309
4080000 13.200552001823322
4110000 13.15468292098386
4140000 13.109310794676931
4170000 13.06442574355326
4200000 13.019998674119922
4230000 12.975978014231874
4260000 12.93244287550023
4290000 12.889342614180126
4320000 12.846788102954964
4350000 12.804609006155811
4380000 12.762774638818419
4410000 12.721413890946987
4440000 12.680460931360823
4470000 12.63996244843622
4500000 12.599822196181423
4530000 12.56008966306594
4560000 12.520776835331594
4590000 12.481840709226883
4620000 12.44328738921015
4650000 12.40505875000224
4680000 12.36714728128884
4710000 12.329593518440488
4740000 12.29241612113007
4770000 12.255640498533797
4800000 12.219159994456936
4830000 12.183000487165911
4860000 12.147135314578193
4890000 12.11164701965532
4920000 12.07641131006768
4950000 12.041594922704201
4980000 12.007048989947268
5010000 11.972786841864776
5040000 11.938882200899036
5070000 11.905242435644373
5100000 11.87192163738388
5130000 11.838870130741034
5160000 11.806032940033814
5190000 11.773470126717703
5220000 11.741162435848326
5250000 11.709181580792324
5280000 11.677498063297381
5310000 11.646017846100989
5340000 11.614847856096846
5370000 11.583908415293735
5400000 11.553216879377493
5430000 11.522835396472207
5460000 11.492703754549487
5490000 11.462753690378324
5520000 11.433071180086541
5550000 11.403560087453148
5580000 11.37433675559361
5610000 11.345340559404834
5640000 11.316576951481885
5670000 11.288014350562824
5700000 11.259656726795376
5730000 11.23157614968657
5760000 11.20364549932136
5790000 11.17593906958899
5820000 11.148419306315793
5850000 11.121179482939244
5880000 11.094149934441024
5910000 11.067270017192401
5940000 11.04066717756593
5970000 11.014179647022893
6000000 10.987951233122066
6030000 10.9618819368006
6060000 10.93601539012753
6090000 10.910267044001039
6120000 10.884760125449635
6150000 10.85946443119103
6180000 10.834318065878952
6210000 10.809344479018742
6240000 10.784533644543382
6270000 10.759882431152045
6300000 10.735422451342322
6330000 10.71113921719002
6360000 10.6870197738516
6390000 10.663055026292943
6420000 10.639241828142532
6450000 10.615632500227766
6480000 10.592183398759186
6510000 10.568919525469562
6540000 10.54576738401875
6570000 10.52279633302151
6600000 10.500020487300233
6630000 10.47734906808427
6660000 10.45481561541419
6690000 10.43243252427148
6720000 10.410198758521947
6750000 10.38809386031257
6780000 10.366165139385915
6810000 10.344359579751716
6840000 10.32267948894953
6870000 10.301157513017722
6900000 10.2798010446983
6930000 10.258555638279153
6960000 10.23744062132294
6990000 10.21646976382023
7020000 10.195646573551674
7050000 10.174909543343885
7080000 10.154315017511093
7110000 10.133920312759052
7140000 10.113580856238864
7170000 10.093358632930975
7200000 10.0733176660351
7230000 10.053399711600719
7260000 10.033528944262505
7290000 10.01380955853657
7320000 9.994205773615018
7350000 9.974716246602636
7380000 9.955336873078467
7410000 9.936121612104015
7440000 9.91697459401949
7470000 9.897965913355591
7500000 9.8790230878487
7530000 9.860201209126112
7560000 9.841511945301207
7590000 9.822938751937773
7620000 9.804427712141965
7650000 9.786063758421665
7680000 9.767758428202567
7710000 9.749623725795841
7740000 9.731528807774898
7770000 9.713575477963612
7800000 9.695709801595587
7830000 9.677960805462513
7860000 9.660305261151306
7890000 9.642766444540623
7920000 9.625283661834773
7950000 9.60796321854139
7980000 9.590708710156424
8010000 9.57354458057347
8040000 9.556451061572668
8070000 9.539493937361556
8100000 9.52265185036365
8130000 9.505861934506347
8160000 9.489166720226708
8190000 9.472532825788235
8220000 9.455991120902587
8250000 9.43957324719834
8280000 9.42323812022148
8310000 9.406980306964407
8340000 9.39078733864172
8370000 9.37471320482966
8400000 9.35869031104421
8430000 9.342762323852334
8460000 9.326946379028373
8490000 9.311182902785147
8520000 9.295496223514588
8550000 9.279860986176205
8580000 9.264383475389147
8610000 9.24895691311232
8640000 9.233605654643092
8670000 9.218320581790586
8700000 9.203124857265205
8730000 9.187964189253373
8760000 9.172940235455194
8790000 9.158002524128307
8820000 9.143137617509993
8850000 9.128329832007104
8880000 9.113562290733709
8910000 9.098857500963426
8940000 9.084252779324881
8970000 9.069735951529506
9000000 9.055266903006723
9030000 9.040876564759131
9060000 9.026591706313859
9090000 9.012351591540435
9120000 8.998191316624807
9150000 8.984096860200811
9180000 8.970069563155437
9210000 8.95610689797784
9240000 8.942181754955849
9270000 8.928336589040727
9300000 8.914540966032822
9330000 8.90082285799773
9360000 8.887161004785371
9390000 8.873563755985353
9420000 8.860053302787142
9450000 8.846576218395597
9480000 8.833185868777772
9510000 8.819847064608181
9540000 8.80655629483943
9570000 8.793351537555179
9600000 8.780224270204396
9630000 8.767161131561895
9660000 8.754161481220743
9690000 8.74124871862247
9720000 8.728334861374515
9750000 8.715465102661383
9780000 8.702624846880685
9810000 8.689890363519197
9840000 8.677210452345761
9870000 8.664611225935644
9900000 8.65202862922472
9930000 8.639529773403924
9960000 8.627080017639392
9990000 8.614661855948839
10020000 8.602298607462904
10050000 8.5900248766903
10080000 8.577781453001098
10110000 8.565599247124112
10140000 8.553468896367901
10170000 8.541397066086724
10200000 8.529372934434285
10230000 8.517416587429832
10260000 8.50551979146139
10290000 8.49368207024188
10320000 8.481835773299194
10350000 8.470049264340984
10380000 8.458328888050124
10410000 8.446647747552747
10440000 8.435030287680464
10470000 8.42347080351781
10500000 8.411946132421082
10530000 8.400507733295399
10560000 8.389077508993466
10590000 8.37767676382472
10620000 8.366361521860863
10650000 8.355076113133109
10680000 8.343829017472386
10710000 8.332614591273899
10740000 8.321492445863095
10770000 8.310374152514433
10800000 8.299321972870164
10830000 8.288321085544059
10860000 8.27733672556349
10890000 8.266384372306216
10920000 8.255505644551986
10950000 8.244649841061095
10980000 8.233847722208026
11010000 8.22308867071253
11040000 8.212372108953259
11070000 8.201693822172944
11100000 8.19105108231151
11130000 8.180475359730517
11160000 8.169945330472315
11190000 8.159470826789553
11220000 8.149028952057916
11250000 8.138614615780469
11280000 8.128243631350285
11310000 8.117916629262503
11340000 8.107601780688379
11370000 8.097355104639345
11400000 8.087129444398357
11430000 8.076964569168716
11460000 8.066805965832764
11490000 8.056691615006393
11520000 8.046651464606956
11550000 8.03662499795585
11580000 8.026658391347468
11610000 8.016736799622276
11640000 8.006821100403817
11670000 7.996967088540443
11700000 7.9871605578668525
11730000 7.977364614858691
11760000 7.967592695039583
11790000 7.957867265169745
11820000 7.948183834012892
11850000 7.938533240528621
11880000 7.928901016438139
11910000 7.919317305904999
11940000 7.909784682354847
11970000 7.900287171154306
12000000 7.8907971265319965
12030000 7.881370185354279
12060000 7.871967705728409
12090000 7.862615471143738
12120000 7.8532967594167955
12150000 7.843997601752963
12180000 7.834737157979284
12210000 7.825496013524772
12240000 7.816299593685261
12270000 7.807139554150291
12300000 7.798002051812728
12330000 7.788900189359215
12360000 7.779857773674001
12390000 7.770845564834155
12420000 7.761825860732686
12450000 7.752853961939223
12480000 7.743904367855019
12510000 7.7349812827129885
12540000 7.726100916874097
12570000 7.7172438296374155
12600000 7.708443789122752
12630000 7.699651337467058
12660000 7.6908847954733455
12690000 7.6821417774026655
12720000 7.673431986420168
12750000 7.6647852334617
12780000 7.656154152287226
12810000 7.647555006185981
12840000 7.6389851665364
12870000 7.63041796331649
12900000 7.621886131570321
12930000 7.6134228683280485
12960000 7.604940474636726
12990000 7.596523311510777
13020000 7.588149272524257
13050000 7.57979861244933
13080000 7.571452347545147
13110000 7.563133468442125
13140000 7.5548451225510975
13170000 7.546581115439789
13200000 7.538344260244176
13230000 7.530173225036409
13260000 7.5219964562750485
13290000 7.513855224657988
13320000 7.505722270204241
13350000 7.4976032609930465
13380000 7.489538983677857
13410000 7.48150351721341
13440000 7.473490288263277
13470000 7.465497361941316
13500000 7.457533517720421
13530000 7.449596603181647
13560000 7.441686017494119
13590000 7.433804871247599
13620000 7.42591676127612
13650000 7.418076599538114
13680000 7.410268223163435
13710000 7.402494809650673
13740000 7.394748902966922
13770000 7.387011076379069
13800000 7.379304611964309
13830000 7.371616492127597
13860000 7.3639395803362
13890000 7.356316078951374
13920000 7.34871464037045
13950000 7.341127598202716
13980000 7.333563755780638
14010000 7.326037432404285
14040000 7.318536021580309
14070000 7.311046811015927
14100000 7.30356653369881
14130000 7.296116960879057
14160000 7.2887066599465955
14190000 7.281306223946347
14220000 7.273958798496143
14250000 7.266617196816984
14280000 7.25928148336817
14310000 7.251982540102743
14340000 7.244675140723623
14370000 7.237416663889788
14400000 7.230191722585935
14430000 7.2229689982003835
14460000 7.215750194611258
14490000 7.208573052024086
14520000 7.201420885521425
14550000 7.194294613606683
14580000 7.187181549599285
14610000 7.180089780080644
14640000 7.173023223338943
14670000 7.16595983282747
14700000 7.158924968936397
14730000 7.151919808180158
14760000 7.144944938207431
14790000 7.137972631816104
14820000 7.13104443178615
14850000 7.124116335736806
14880000 7.117205644301228
14910000 7.110332807625047
14940000 7.103483189222058
14970000 7.096660182154535
15000000 7.089841755228385
15030000 7.083039139507041
15060000 7.076240609342021
15090000 7.069489955049737
15120000 7.062760882349278
15150000 7.056034371357801
15180000 7.049343684237973
15210000 7.042664691036477
15240000 7.036008320272461
15270000 7.029374467659509
15300000 7.022759479959906
15330000 7.0161509202412455
15360000 7.0095706172465135
15390000 7.003012473629402
15420000 6.996459076483654
15450000 6.9899391223379235
15480000 6.983456946751909
15510000 6.976958856304071
15540000 6.9704860757484015
15570000 6.964054791454506
15600000 6.957615037694396
15630000 6.951197494327995
15660000 6.944814009139287
15690000 6.938446189383645
15720000 6.93207707500901
15750000 6.925724128951205
15780000 6.9193866282295415
15810000 6.913085240364943
15840000 6.906790460988729
15870000 6.9005132519024315
15900000 6.894260484585881
15930000 6.88803389960114
15960000 6.881794895211194
15990000 6.875574613215285
16020000 6.8694034043306305
16050000 6.863226037969447
16080000 6.857070927843068
16110000 6.8509159706871
16140000 6.844788001993487
16170000 6.838679168043291
16200000 6.832580415603042
16230000 6.826509790273339
16260000 6.8204571195357
16290000 6.814402737076747
16320000 6.808408302100674
16350000 6.802396113799554
16380000 6.7964110346253515
16410000 6.790438449878523
16440000 6.7844735712823
16470000 6.778511278503391
16500000 6.772580297641931
16530000 6.766680012961895
16560000 6.760787273603743
16590000 6.754919157709103
16620000 6.74906278265352
16650000 6.743216181665658
16680000 6.737401328736446
16710000 6.7315791960132465
16740000 6.725770966965684
16770000 6.719989449982346
16800000 6.714209559588388
16830000 6.708452277389403
16860000 6.7027046701987425
16890000 6.696982074327564
16920000 6.691265387251251
16950000 6.685569555396547
16980000 6.679892138586457
17010000 6.674246037659348
17040000 6.6685783733019734
17070000 6.662941200611383
17100000 6.657313851276087
17130000 6.651719588589559
17160000 6.646136544448251
17190000 6.640557175703145
17220000 6.634992731753551
17250000 6.629442776387887
17280000 6.623910565980805
17310000 6.618382847208811
17340000 6.612872176973438
17370000 6.6073922393577575
17400000 6.601909254571068
17430000 6.596437538038933
17460000 6.590982710002807
17490000 6.585538382781007
17520000 6.5801106516080115
17550000 6.574702447943193
17580000 6.569300881090316
17610000 6.563920350681035
17640000 6.558557393975812
17670000 6.553204914264511
17700000 6.547856585100007
17730000 6.542530486322335
17760000 6.537219802031475
17790000 6.531898305093951
17820000 6.526612194383767
17850000 6.521322793278597
17880000 6.51606195298365
17910000 6.510801710459571
17940000 6.5055649910093525
17970000 6.500337812965681
18000000 6.4951181701807235
18030000 6.489925430863844
18060000 6.484732172331377
18090000 6.479543933347036
18120000 6.474384880482072
18150000 6.46924560259719
18180000 6.464120957184097
18210000 6.4590058560973365
18240000 6.453904077856145
18270000 6.448806995177894
18300000 6.443717679128662
18330000 6.438639868198601
18360000 6.433573258370137
18390000 6.428508349872208
18420000 6.423484492836114
18450000 6.418443172125521
18480000 6.413416675338572
18510000 6.408412671659285
18540000 6.403438055426111
18570000 6.398443637021905
18600000 6.393476980389938
18630000 6.388529012463761
18660000 6.383574746490255
18690000 6.3786377304384265
18720000 6.373709462127816
18750000 6.368803468997752
18780000 6.3639073138651
18810000 6.359043027595649
18840000 6.354163343146326
18870000 6.349312947900447
18900000 6.344454028985158
18930000 6.339606584344497
18960000 6.334781533789238
18990000 6.329989331296902
19020000 6.325191483170374
19050000 6.32040477400438
19080000 6.315616893745052
19110000 6.310850701741745
19140000 6.30608821270269
19170000 6.301331023381086
19200000 6.296596592801778
19230000 6.2918745872315585
19260000 6.287157624688549
19290000 6.282445747808117
19320000 6.277748820500649
19350000 6.273066208941922
19380000 6.268386869698149
19410000 6.263703663635865
19440000 6.259050877275499
19470000 6.25440792569062
19500000 6.24977786817753
19530000 6.245170871885795
19560000 6.240553484455271
19590000 6.235945325247912
19620000 6.231337304920796
19650000 6.226748946891132
19680000 6.2221807178887705
19710000 6.217617758974526
19740000 6.213077360147052
19770000 6.208518058982242
19800000 6.203986027577955
19830000 6.199459247797405
19860000 6.194942630400896
19890000 6.190458303552791
19920000 6.185964593467872
19950000 6.181474383311079
19980000 6.177012026522419
20010000 6.172542078167156
20040000 6.168100804428997
20070000 6.16366451763728
20100000 6.159244376401219
20130000 6.154832263899684
20160000 6.150420390671501
20190000 6.146023670511505
20220000 6.141636975299142
20250000 6.137252735362647
20280000 6.1328747488757305
20310000 6.128510603273565
20340000 6.12416259195665
20370000 6.119818195745146
20400000 6.115500214055861
20430000 6.111157764141669
20460000 6.106853001970426
20490000 6.102543010063949
20520000 6.098248461523064
20550000 6.093940540806403
20580000 6.08966458323496
20610000 6.085388857479696
20640000 6.08112041100233
20670000 6.07688265620427
20700000 6.0726380023520585
20730000 6.068414418968647
20760000 6.0641914210024925
20790000 6.0599842110332345
20820000 6.055789950742037
20850000 6.051581261074386
20880000 6.047395799226941
20910000 6.043213186046871
20940000 6.039034823056102
20970000 6.0348680895954585
21000000 6.030716946821301
21030000 6.02657669306531
21060000 6.022439217089681
21090000 6.01832468613321
21120000 6.014197013198468
21150000 6.01007927414889
21180000 6.005979417645511
21210000 6.001893310987
21240000 5.99780276564814
21270000 5.993720699291117
21300000 5.989641684756207
21330000 5.98558030014932
21360000 5.981540855679825
21390000 5.977501905537815
21420000 5.973462638232439
21450000 5.969440933121763
21480000 5.965421910264688
21510000 5.961408937904975
21540000 5.957406002874424
21570000 5.953416215892147
21600000 5.949441245029601
21630000 5.945449951708823
21660000 5.941476558485151
21690000 5.9375143954827445
21720000 5.933567779066687
21750000 5.929627235985064
21780000 5.925692783405265
21810000 5.921761887002213
21840000 5.917841362470064
21870000 5.9139328379191385
21900000 5.910013720805221
21930000 5.906117087138434
21960000 5.902212388855133
21990000 5.898331751948342
22020000 5.89446398563474
22050000 5.890586379688295
22080000 5.886731139604545
22110000 5.882889861850033
22140000 5.879042831580266
22170000 5.875214466092188
22200000 5.871386548639093
22230000 5.867567468862754
22260000 5.863755722692537
22290000 5.85995155488364
22320000 5.856144452756531
22350000 5.852352887335903
22380000 5.8485757441176816
22410000 5.844802059890056
22440000 5.8410483580824115
22470000 5.837285031203947
22500000 5.833543465559511
22530000 5.829799505515792
22560000 5.826059336334442
22590000 5.822337209457627
22620000 5.818611823722279
22650000 5.8148989320493145
22680000 5.811180362526966
22710000 5.8074759069529875
22740000 5.803776918944256
22770000 5.800092073955026
22800000 5.796424674396781
22830000 5.792769842337774
22860000 5.789107628498635
22890000 5.785451686040222
22920000 5.781807875129774
22950000 5.778163262797475
22980000 5.774530471816619
23010000 5.770897977322041
23040000 5.767270212932772
23070000 5.763658223536581
23100000 5.760064464538898
23130000 5.756460255721227
23160000 5.752869831213967
23190000 5.749286005850642
23220000 5.745710594914837
23250000 5.742130060551957
23280000 5.738554058617459
23310000 5.73498637044451
23340000 5.731418981769257
23370000 5.72787136398975
23400000 5.724331307660548
23430000 5.7208122735715
23460000 5.717288972862984
23490000 5.713755402434732
23520000 5.710247318439592
23550000 5.706732883041172
23580000 5.703235734478363
23610000 5.699749189198833
23640000 5.696269188521638
23670000 5.6927804151819625
23700000 5.689305739248391
23730000 5.685836963498628
23760000 5.68236900705962
23790000 5.678918103459606
23820000 5.67546534770594
23850000 5.67202822363516
23880000 5.6685823654394945
23910000 5.665159491875383
23940000 5.6617333705754955
23970000 5.658308801377773
24000000 5.65489272568224
24030000 5.651486640759612
24060000 5.648090117944766
24090000 5.644697332068973
24120000 5.641313600298178
24150000 5.637925521911859
24180000 5.634546500146493
24210000 5.631180313817552
24240000 5.627812641693164
24270000 5.624459270082618
24300000 5.621109886352179
24330000 5.617759901400706
24360000 5.614422085736711
24390000 5.611093340028384
24420000 5.607774740810634
24450000 5.6044574138241945
24480000 5.601153507104773
24510000 5.597848408135901
24540000 5.594539210753594
24570000 5.5912350168820995
24600000 5.587951335205181
24630000 5.584683937005844
24660000 5.581420460625629
24690000 5.578150702911523
24720000 5.574885681542676
24750000 5.571631394328204
24780000 5.5683883667559595
24810000 5.56513789494177
24840000 5.561904467025254
24870000 5.558668426219085
24900000 5.555423598698212
24930000 5.552194770686826
24960000 5.548970060784627
24990000 5.5457568994625825
25020000 5.542541943561698
25050000 5.539344980539325
25080000 5.536150935401687
25110000 5.532953050206764
25140000 5.529766744523
25170000 5.526583587383678
25200000 5.523390635577836
25230000 5.520213549199002
25260000 5.517045877222953
25290000 5.513908762287317
25320000 5.51076139205537
25350000 5.5076133198920285
25380000 5.504473561902284
25410000 5.50132979562762
25440000 5.498195133861935
25470000 5.4950701576664835
25500000 5.491952851567022
25530000 5.488844810594473
25560000 5.485732934881992
25590000 5.482628941451894
25620000 5.479536460858033
25650000 5.476441922643515
25680000 5.473354381635393
25710000 5.47026804065403
25740000 5.467197581129883
25770000 5.464115411373659
25800000 5.461050807441612
25830000 5.457984400568618
25860000 5.454933459869197
25890000 5.451877430651931
25920000 5.44883182395025
25950000 5.44579139282596
25980000 5.442757529014334
26010000 5.439729758558903
26040000 5.436700814647538
26070000 5.433677895316927
26100000 5.430657458861656
26130000 5.42764533343888
26160000 5.424636127367173
26190000 5.421645702765316
26220000 5.418647021981036
26250000 5.4156539719552
26280000 5.4126622348903535
26310000 5.409682241557156
