20000 110.93068552732198
30000 105.68252096502101
40000 103.49765130630459
50000 102.20974292750854
60000 101.51511304123346
70000 100.97652938815068
80000 100.52979287608386
90000 100.32127865416047
100000 100.29398571230013
110000 100.14312968904223
120000 100.07743968524485
130000 99.92194896015728
140000 99.80538582039026
150000 99.6790866571035
160000 99.6678804455031
170000 99.648448451284
180000 99.59726033673014
190000 99.53988785758104
200000 99.5745445501882
210000 99.55510870663363
220000 99.57960783574856
230000 99.57542998284126
240000 99.56732118935399
250000 99.53146619281819
260000 99.51653642481844
270000 99.49859140308527
280000 99.50187606858354
290000 99.50252492801405
300000 99.50068769968891
310000 99.52049464621894
320000 99.53811433237969
330000 99.5536861141946
340000 99.56733679440877
350000 99.55534146065963
360000 99.54170447991578
370000 99.55028929632272
380000 99.53361725555996
390000 99.56300403624708
400000 99.59101033802071
410000 99.59399256339537
420000 99.59575586028149
430000 99.62002982320476
440000 99.61951020404379
450000 99.64158139311243
460000 99.63898858888459
470000 99.63544096208307
480000 99.65456902437639
490000 99.67279512503691
500000 99.69015657853218
510000 99.7066884699844
520000 99.69886486278324
530000 99.71384241487124
540000 99.75162772114378
550000 99.76515337997624
560000 99.77799700541838
570000 99.79018343773488
580000 99.82526388242707
590000 99.83619681324583
600000 99.82302895877956
610000 99.83281025351553
620000 99.84204068835372
630000 99.85073848611455
640000 99.85892100388934
650000 99.89007028158639
660000 99.87380561854415
670000 99.90398529143029
680000 99.91025521568059
690000 99.91608531519952
700000 99.92148875581854
710000 99.92647813996658
720000 99.93106553831495
730000 99.93526251923282
740000 99.93908017623117
750000 99.94252915355972
760000 99.94561967010132
770000 99.94836154170041
780000 99.95076420204546
790000 99.95283672221697
800000 99.95458782900187
810000 99.95602592206629
820000 99.98047053325452
830000 99.98129589233454
840000 99.98183157274917
850000 100.00538033877598
860000 100.0286482223506
870000 100.0283354851003
880000 100.02776045850082
890000 100.05021369986567
900000 100.04912167209646
910000 100.0477855612569
920000 100.06947813533277
930000 100.0676594889957
940000 100.08887399877722
950000 100.10985958385386
960000 100.10735060899046
970000 100.10462891850867
980000 100.12494674080833
990000 100.14505422422378
1000000 100.16495563982984
1010000 100.16139372114095
1020000 100.18089077646783
1030000 100.20019387209612
1040000 100.21930679424229
1050000 100.21497017258966
1060000 100.23370932144036
1070000 100.22901354905784
1080000 100.24739297722451
1090000 100.26559968203625
1100000 100.28363685034664
1110000 100.30150758189139
1120000 100.29595464495321
1130000 100.31349739949668
1140000 100.33088256105626
1150000 100.32485674824932
1160000 100.34193103387223
1170000 100.33560801403564
