1.001000000000000000e+03,1.099000000000000000e+03
1.000000000000000000e+03,1.000000000000000000e+03
1.000000000000000000e+03,1.000000000000000000e+03
1.000000000000000000e+03,1.000000000000000000e+03
1.000000000000000000e+03,1.000000000000000000e+03
1.000000000000000000e+03,1.000000000000000000e+03

1.001000000000000000e+03,1.199000000000000000e+03
1.000000000000000000e+03,1.000000000000000000e+03
1.000000000000000000e+03,1.000000000000000000e+03
1.000000000000000000e+03,1.000000000000000000e+03
1.000000000000000000e+03,1.000000000000000000e+03
1.000000000000000000e+03,1.000000000000000000e+03

1.001000000000000000e+03,1.299000000000000000e+03
1.000000000000000000e+03,1.000000000000000000e+03
1.000000000000000000e+03,1.000000000000000000e+03
1.000000000000000000e+03,1.000000000000000000e+03
1.000000000000000000e+03,1.000000000000000000e+03
1.000000000000000000e+03,1.000000000000000000e+03

1.001000000000000000e+03,1.399000000000000000e+03
1.000000000000000000e+03,1.000000000000000000e+03
1.000000000000000000e+03,1.000000000000000000e+03
1.000000000000000000e+03,1.000000000000000000e+03
1.000000000000000000e+03,1.000000000000000000e+03
1.000000000000000000e+03,1.000000000000000000e+03

1.001000000000000000e+03,1.499000000000000000e+03
1.000000000000000000e+03,1.000000000000000000e+03
1.000000000000000000e+03,1.000000000000000000e+03
1.000000000000000000e+03,1.000000000000000000e+03
1.000000000000000000e+03,1.000000000000000000e+03
1.000000000000000000e+03,1.000000000000000000e+03

1.001000000000000000e+03,1.599000000000000000e+03
1.000000000000000000e+03,1.000000000000000000e+03
1.000000000000000000e+03,1.000000000000000000e+03
1.000000000000000000e+03,1.000000000000000000e+03
1.000000000000000000e+03,1.000000000000000000e+03
1.000000000000000000e+03,1.000000000000000000e+03

1.001000000000000000e+03,1.699000000000000000e+03
1.000000000000000000e+03,1.000000000000000000e+03
1.000000000000000000e+03,1.000000000000000000e+03
1.000000000000000000e+03,1.000000000000000000e+03
1.000000000000000000e+03,1.000000000000000000e+03
1.000000000000000000e+03,1.000000000000000000e+03

1.001000000000000000e+03,1.799000000000000000e+03
1.000000000000000000e+03,1.000000000000000000e+03
1.000000000000000000e+03,1.000000000000000000e+03
1.000000000000000000e+03,1.000000000000000000e+03
1.000000000000000000e+03,1.000000000000000000e+03
1.000000000000000000e+03,1.000000000000000000e+03

1.010000000000000000e+03,1.890000000000000000e+03
1.000000000000000000e+03,1.000000000000000000e+03
1.000000000000000000e+03,1.000000000000000000e+03
1.000000000000000000e+03,1.000000000000000000e+03
1.000000000000000000e+03,1.000000000000000000e+03
1.000000000000000000e+03,1.000000000000000000e+03

1.025000000000000000e+03,1.975000000000000000e+03
1.000000000000000000e+03,1.000000000000000000e+03
1.000000000000000000e+03,1.000000000000000000e+03
1.000000000000000000e+03,1.000000000000000000e+03
1.000000000000000000e+03,1.000000000000000000e+03
1.000000000000000000e+03,1.000000000000000000e+03

1.040000000000000000e+03,2.060000000000000000e+03
1.000000000000000000e+03,1.000000000000000000e+03
1.000000000000000000e+03,1.000000000000000000e+03
1.000000000000000000e+03,1.000000000000000000e+03
1.000000000000000000e+03,1.000000000000000000e+03
1.000000000000000000e+03,1.000000000000000000e+03

1.053000000000000000e+03,2.147000000000000000e+03
1.000000000000000000e+03,1.000000000000000000e+03
1.000000000000000000e+03,1.000000000000000000e+03
1.000000000000000000e+03,1.000000000000000000e+03
1.000000000000000000e+03,1.000000000000000000e+03
1.000000000000000000e+03,1.000000000000000000e+03

1.066000000000000000e+03,2.234000000000000000e+03
1.000000000000000000e+03,1.000000000000000000e+03
1.000000000000000000e+03,1.000000000000000000e+03
1.000000000000000000e+03,1.000000000000000000e+03
1.000000000000000000e+03,1.000000000000000000e+03
1.000000000000000000e+03,1.000000000000000000e+03

1.077000000000000000e+03,2.323000000000000000e+03
1.000000000000000000e+03,1.000000000000000000e+03
1.000000000000000000e+03,1.000000000000000000e+03
1.000000000000000000e+03,1.000000000000000000e+03
1.000000000000000000e+03,1.000000000000000000e+03
1.000000000000000000e+03,1.000000000000000000e+03

1.090000000000000000e+03,2.410000000000000000e+03
1.000000000000000000e+03,1.000000000000000000e+03
1.000000000000000000e+03,1.000000000000000000e+03
1.000000000000000000e+03,1.000000000000000000e+03
1.000000000000000000e+03,1.000000000000000000e+03
1.000000000000000000e+03,1.000000000000000000e+03

1.102000000000000000e+03,2.498000000000000000e+03
1.000000000000000000e+03,1.000000000000000000e+03
1.000000000000000000e+03,1.000000000000000000e+03
1.000000000000000000e+03,1.000000000000000000e+03
1.000000000000000000e+03,1.000000000000000000e+03
1.000000000000000000e+03,1.000000000000000000e+03

1.113000000000000000e+03,2.587000000000000000e+03
1.000000000000000000e+03,1.000000000000000000e+03
1.000000000000000000e+03,1.000000000000000000e+03
1.000000000000000000e+03,1.000000000000000000e+03
1.000000000000000000e+03,1.000000000000000000e+03
1.000000000000000000e+03,1.000000000000000000e+03

1.124000000000000000e+03,2.676000000000000000e+03
1.000000000000000000e+03,1.000000000000000000e+03
1.000000000000000000e+03,1.000000000000000000e+03
1.000000000000000000e+03,1.000000000000000000e+03
1.000000000000000000e+03,1.000000000000000000e+03
1.000000000000000000e+03,1.000000000000000000e+03

1.136000000000000000e+03,2.764000000000000000e+03
1.000000000000000000e+03,1.000000000000000000e+03
1.000000000000000000e+03,1.000000000000000000e+03
1.000000000000000000e+03,1.000000000000000000e+03
1.000000000000000000e+03,1.000000000000000000e+03
1.000000000000000000e+03,1.000000000000000000e+03

1.145000000000000000e+03,2.855000000000000000e+03
1.000000000000000000e+03,1.000000000000000000e+03
1.000000000000000000e+03,1.000000000000000000e+03
1.000000000000000000e+03,1.000000000000000000e+03
1.000000000000000000e+03,1.000000000000000000e+03
1.000000000000000000e+03,1.000000000000000000e+03

1.157000000000000000e+03,2.943000000000000000e+03
1.000000000000000000e+03,1.000000000000000000e+03
1.000000000000000000e+03,1.000000000000000000e+03
1.000000000000000000e+03,1.000000000000000000e+03
1.000000000000000000e+03,1.000000000000000000e+03
1.000000000000000000e+03,1.000000000000000000e+03

1.165000000000000000e+03,3.035000000000000000e+03
1.000000000000000000e+03,1.000000000000000000e+03
1.000000000000000000e+03,1.000000000000000000e+03
1.000000000000000000e+03,1.000000000000000000e+03
1.000000000000000000e+03,1.000000000000000000e+03
1.000000000000000000e+03,1.000000000000000000e+03

1.175000000000000000e+03,3.125000000000000000e+03
1.000000000000000000e+03,1.000000000000000000e+03
1.000000000000000000e+03,1.000000000000000000e+03
1.000000000000000000e+03,1.000000000000000000e+03
1.000000000000000000e+03,1.000000000000000000e+03
1.000000000000000000e+03,1.000000000000000000e+03

1.187000000000000000e+03,3.213000000000000000e+03
1.000000000000000000e+03,1.000000000000000000e+03
1.000000000000000000e+03,1.000000000000000000e+03
1.000000000000000000e+03,1.000000000000000000e+03
1.000000000000000000e+03,1.000000000000000000e+03
1.000000000000000000e+03,1.000000000000000000e+03

1.195000000000000000e+03,3.305000000000000000e+03
1.000000000000000000e+03,1.000000000000000000e+03
1.000000000000000000e+03,1.000000000000000000e+03
1.000000000000000000e+03,1.000000000000000000e+03
1.000000000000000000e+03,1.000000000000000000e+03
1.000000000000000000e+03,1.000000000000000000e+03

1.203000000000000000e+03,3.397000000000000000e+03
1.000000000000000000e+03,1.000000000000000000e+03
1.000000000000000000e+03,1.000000000000000000e+03
1.000000000000000000e+03,1.000000000000000000e+03
1.000000000000000000e+03,1.000000000000000000e+03
1.000000000000000000e+03,1.000000000000000000e+03

1.210000000000000000e+03,3.490000000000000000e+03
1.000000000000000000e+03,1.000000000000000000e+03
1.000000000000000000e+03,1.000000000000000000e+03
1.000000000000000000e+03,1.000000000000000000e+03
1.000000000000000000e+03,1.000000000000000000e+03
1.000000000000000000e+03,1.000000000000000000e+03

1.219000000000000000e+03,3.581000000000000000e+03
1.000000000000000000e+03,1.000000000000000000e+03
1.000000000000000000e+03,1.000000000000000000e+03
1.000000000000000000e+03,1.000000000000000000e+03
1.000000000000000000e+03,1.000000000000000000e+03
1.000000000000000000e+03,1.000000000000000000e+03

1.227000000000000000e+03,3.673000000000000000e+03
1.000000000000000000e+03,1.000000000000000000e+03
1.000000000000000000e+03,1.000000000000000000e+03
1.000000000000000000e+03,1.000000000000000000e+03
1.000000000000000000e+03,1.000000000000000000e+03
1.000000000000000000e+03,1.000000000000000000e+03

1.235000000000000000e+03,3.765000000000000000e+03
1.000000000000000000e+03,1.000000000000000000e+03
1.000000000000000000e+03,1.000000000000000000e+03
1.000000000000000000e+03,1.000000000000000000e+03
1.000000000000000000e+03,1.000000000000000000e+03
1.000000000000000000e+03,1.000000000000000000e+03

1.245000000000000000e+03,3.855000000000000000e+03
1.000000000000000000e+03,1.000000000000000000e+03
1.000000000000000000e+03,1.000000000000000000e+03
1.000000000000000000e+03,1.000000000000000000e+03
1.000000000000000000e+03,1.000000000000000000e+03
1.000000000000000000e+03,1.000000000000000000e+03

1.254000000000000000e+03,3.946000000000000000e+03
1.000000000000000000e+03,1.000000000000000000e+03
1.000000000000000000e+03,1.000000000000000000e+03
1.000000000000000000e+03,1.000000000000000000e+03
1.000000000000000000e+03,1.000000000000000000e+03
1.000000000000000000e+03,1.000000000000000000e+03

1.261000000000000000e+03,4.039000000000000000e+03
1.000000000000000000e+03,1.000000000000000000e+03
1.000000000000000000e+03,1.000000000000000000e+03
1.000000000000000000e+03,1.000000000000000000e+03
1.000000000000000000e+03,1.000000000000000000e+03
1.000000000000000000e+03,1.000000000000000000e+03

1.268000000000000000e+03,4.132000000000000000e+03
1.000000000000000000e+03,1.000000000000000000e+03
1.000000000000000000e+03,1.000000000000000000e+03
1.000000000000000000e+03,1.000000000000000000e+03
1.000000000000000000e+03,1.000000000000000000e+03
1.000000000000000000e+03,1.000000000000000000e+03

1.275000000000000000e+03,4.225000000000000000e+03
1.000000000000000000e+03,1.000000000000000000e+03
1.000000000000000000e+03,1.000000000000000000e+03
1.000000000000000000e+03,1.000000000000000000e+03
1.000000000000000000e+03,1.000000000000000000e+03
1.000000000000000000e+03,1.000000000000000000e+03

1.283000000000000000e+03,4.317000000000000000e+03
1.000000000000000000e+03,1.000000000000000000e+03
1.000000000000000000e+03,1.000000000000000000e+03
1.000000000000000000e+03,1.000000000000000000e+03
1.000000000000000000e+03,1.000000000000000000e+03
1.000000000000000000e+03,1.000000000000000000e+03

1.289000000000000000e+03,4.411000000000000000e+03
1.000000000000000000e+03,1.000000000000000000e+03
1.000000000000000000e+03,1.000000000000000000e+03
1.000000000000000000e+03,1.000000000000000000e+03
1.000000000000000000e+03,1.000000000000000000e+03
1.000000000000000000e+03,1.000000000000000000e+03

1.297000000000000000e+03,4.503000000000000000e+03
1.000000000000000000e+03,1.000000000000000000e+03
1.000000000000000000e+03,1.000000000000000000e+03
1.000000000000000000e+03,1.000000000000000000e+03
1.000000000000000000e+03,1.000000000000000000e+03
1.000000000000000000e+03,1.000000000000000000e+03

1.305000000000000000e+03,4.595000000000000000e+03
1.000000000000000000e+03,1.000000000000000000e+03
1.000000000000000000e+03,1.000000000000000000e+03
1.000000000000000000e+03,1.000000000000000000e+03
1.000000000000000000e+03,1.000000000000000000e+03
1.000000000000000000e+03,1.000000000000000000e+03

1.307000000000000000e+03,4.693000000000000000e+03
1.000000000000000000e+03,1.000000000000000000e+03
1.000000000000000000e+03,1.000000000000000000e+03
1.000000000000000000e+03,1.000000000000000000e+03
1.000000000000000000e+03,1.000000000000000000e+03
1.000000000000000000e+03,1.000000000000000000e+03

1.315000000000000000e+03,4.785000000000000000e+03
1.000000000000000000e+03,1.000000000000000000e+03
1.000000000000000000e+03,1.000000000000000000e+03
1.000000000000000000e+03,1.000000000000000000e+03
1.000000000000000000e+03,1.000000000000000000e+03
1.000000000000000000e+03,1.000000000000000000e+03

1.318000000000000000e+03,4.882000000000000000e+03
1.000000000000000000e+03,1.000000000000000000e+03
1.000000000000000000e+03,1.000000000000000000e+03
1.000000000000000000e+03,1.000000000000000000e+03
1.000000000000000000e+03,1.000000000000000000e+03
1.000000000000000000e+03,1.000000000000000000e+03

1.323000000000000000e+03,4.977000000000000000e+03
1.000000000000000000e+03,1.000000000000000000e+03
1.000000000000000000e+03,1.000000000000000000e+03
1.000000000000000000e+03,1.000000000000000000e+03
1.000000000000000000e+03,1.000000000000000000e+03
1.000000000000000000e+03,1.000000000000000000e+03

1.329000000000000000e+03,5.071000000000000000e+03
1.000000000000000000e+03,1.000000000000000000e+03
1.000000000000000000e+03,1.000000000000000000e+03
1.000000000000000000e+03,1.000000000000000000e+03
1.000000000000000000e+03,1.000000000000000000e+03
1.000000000000000000e+03,1.000000000000000000e+03

1.336000000000000000e+03,5.164000000000000000e+03
1.000000000000000000e+03,1.000000000000000000e+03
1.000000000000000000e+03,1.000000000000000000e+03
1.000000000000000000e+03,1.000000000000000000e+03
1.000000000000000000e+03,1.000000000000000000e+03
1.000000000000000000e+03,1.000000000000000000e+03

1.343000000000000000e+03,5.257000000000000000e+03
1.000000000000000000e+03,1.000000000000000000e+03
1.000000000000000000e+03,1.000000000000000000e+03
1.000000000000000000e+03,1.000000000000000000e+03
1.000000000000000000e+03,1.000000000000000000e+03
1.000000000000000000e+03,1.000000000000000000e+03

1.348000000000000000e+03,5.352000000000000000e+03
1.000000000000000000e+03,1.000000000000000000e+03
1.000000000000000000e+03,1.000000000000000000e+03
1.000000000000000000e+03,1.000000000000000000e+03
1.000000000000000000e+03,1.000000000000000000e+03
1.000000000000000000e+03,1.000000000000000000e+03

1.353000000000000000e+03,5.447000000000000000e+03
1.000000000000000000e+03,1.000000000000000000e+03
1.000000000000000000e+03,1.000000000000000000e+03
1.000000000000000000e+03,1.000000000000000000e+03
1.000000000000000000e+03,1.000000000000000000e+03
1.000000000000000000e+03,1.000000000000000000e+03

1.359000000000000000e+03,5.541000000000000000e+03
1.000000000000000000e+03,1.000000000000000000e+03
1.000000000000000000e+03,1.000000000000000000e+03
1.000000000000000000e+03,1.000000000000000000e+03
1.000000000000000000e+03,1.000000000000000000e+03
1.000000000000000000e+03,1.000000000000000000e+03

1.363000000000000000e+03,5.637000000000000000e+03
1.000000000000000000e+03,1.000000000000000000e+03
1.000000000000000000e+03,1.000000000000000000e+03
1.000000000000000000e+03,1.000000000000000000e+03
1.000000000000000000e+03,1.000000000000000000e+03
1.000000000000000000e+03,1.000000000000000000e+03

1.366000000000000000e+03,5.734000000000000000e+03
1.000000000000000000e+03,1.000000000000000000e+03
1.000000000000000000e+03,1.000000000000000000e+03
1.000000000000000000e+03,1.000000000000000000e+03
1.000000000000000000e+03,1.000000000000000000e+03
1.000000000000000000e+03,1.000000000000000000e+03

1.371000000000000000e+03,5.829000000000000000e+03
1.000000000000000000e+03,1.000000000000000000e+03
1.000000000000000000e+03,1.000000000000000000e+03
1.000000000000000000e+03,1.000000000000000000e+03
1.000000000000000000e+03,1.000000000000000000e+03
1.000000000000000000e+03,1.000000000000000000e+03

1.374000000000000000e+03,5.926000000000000000e+03
1.000000000000000000e+03,1.000000000000000000e+03
1.000000000000000000e+03,1.000000000000000000e+03
1.000000000000000000e+03,1.000000000000000000e+03
1.000000000000000000e+03,1.000000000000000000e+03
1.000000000000000000e+03,1.000000000000000000e+03

1.380000000000000000e+03,6.020000000000000000e+03
1.000000000000000000e+03,1.000000000000000000e+03
1.000000000000000000e+03,1.000000000000000000e+03
1.000000000000000000e+03,1.000000000000000000e+03
1.000000000000000000e+03,1.000000000000000000e+03
1.000000000000000000e+03,1.000000000000000000e+03

1.384000000000000000e+03,6.116000000000000000e+03
1.000000000000000000e+03,1.000000000000000000e+03
1.000000000000000000e+03,1.000000000000000000e+03
1.000000000000000000e+03,1.000000000000000000e+03
1.000000000000000000e+03,1.000000000000000000e+03
1.000000000000000000e+03,1.000000000000000000e+03

1.391000000000000000e+03,6.209000000000000000e+03
1.000000000000000000e+03,1.000000000000000000e+03
1.000000000000000000e+03,1.000000000000000000e+03
1.000000000000000000e+03,1.000000000000000000e+03
1.000000000000000000e+03,1.000000000000000000e+03
1.000000000000000000e+03,1.000000000000000000e+03

1.396000000000000000e+03,6.304000000000000000e+03
1.000000000000000000e+03,1.000000000000000000e+03
1.000000000000000000e+03,1.000000000000000000e+03
1.000000000000000000e+03,1.000000000000000000e+03
1.000000000000000000e+03,1.000000000000000000e+03
1.000000000000000000e+03,1.000000000000000000e+03

1.401000000000000000e+03,6.399000000000000000e+03
1.000000000000000000e+03,1.000000000000000000e+03
1.000000000000000000e+03,1.000000000000000000e+03
1.000000000000000000e+03,1.000000000000000000e+03
1.000000000000000000e+03,1.000000000000000000e+03
1.000000000000000000e+03,1.000000000000000000e+03

1.405000000000000000e+03,6.495000000000000000e+03
1.000000000000000000e+03,1.000000000000000000e+03
1.000000000000000000e+03,1.000000000000000000e+03
1.000000000000000000e+03,1.000000000000000000e+03
1.000000000000000000e+03,1.000000000000000000e+03
1.000000000000000000e+03,1.000000000000000000e+03

1.409000000000000000e+03,6.591000000000000000e+03
1.000000000000000000e+03,1.000000000000000000e+03
1.000000000000000000e+03,1.000000000000000000e+03
1.000000000000000000e+03,1.000000000000000000e+03
1.000000000000000000e+03,1.000000000000000000e+03
1.000000000000000000e+03,1.000000000000000000e+03

1.416000000000000000e+03,6.684000000000000000e+03
1.000000000000000000e+03,1.000000000000000000e+03
1.000000000000000000e+03,1.000000000000000000e+03
1.000000000000000000e+03,1.000000000000000000e+03
1.000000000000000000e+03,1.000000000000000000e+03
1.000000000000000000e+03,1.000000000000000000e+03

1.419000000000000000e+03,6.781000000000000000e+03
1.000000000000000000e+03,1.000000000000000000e+03
1.000000000000000000e+03,1.000000000000000000e+03
1.000000000000000000e+03,1.000000000000000000e+03
1.000000000000000000e+03,1.000000000000000000e+03
1.000000000000000000e+03,1.000000000000000000e+03

1.424000000000000000e+03,6.876000000000000000e+03
1.000000000000000000e+03,1.000000000000000000e+03
1.000000000000000000e+03,1.000000000000000000e+03
1.000000000000000000e+03,1.000000000000000000e+03
1.000000000000000000e+03,1.000000000000000000e+03
1.000000000000000000e+03,1.000000000000000000e+03

1.429000000000000000e+03,6.971000000000000000e+03
1.000000000000000000e+03,1.000000000000000000e+03
1.000000000000000000e+03,1.000000000000000000e+03
1.000000000000000000e+03,1.000000000000000000e+03
1.000000000000000000e+03,1.000000000000000000e+03
1.000000000000000000e+03,1.000000000000000000e+03

1.434000000000000000e+03,7.066000000000000000e+03
1.000000000000000000e+03,1.000000000000000000e+03
1.000000000000000000e+03,1.000000000000000000e+03
1.000000000000000000e+03,1.000000000000000000e+03
1.000000000000000000e+03,1.000000000000000000e+03
1.000000000000000000e+03,1.000000000000000000e+03

1.438000000000000000e+03,7.162000000000000000e+03
1.000000000000000000e+03,1.000000000000000000e+03
1.000000000000000000e+03,1.000000000000000000e+03
1.000000000000000000e+03,1.000000000000000000e+03
1.000000000000000000e+03,1.000000000000000000e+03
1.000000000000000000e+03,1.000000000000000000e+03

1.441000000000000000e+03,7.259000000000000000e+03
1.000000000000000000e+03,1.000000000000000000e+03
1.000000000000000000e+03,1.000000000000000000e+03
1.000000000000000000e+03,1.000000000000000000e+03
1.000000000000000000e+03,1.000000000000000000e+03
1.000000000000000000e+03,1.000000000000000000e+03

1.446000000000000000e+03,7.354000000000000000e+03
1.000000000000000000e+03,1.000000000000000000e+03
1.000000000000000000e+03,1.000000000000000000e+03
1.000000000000000000e+03,1.000000000000000000e+03
1.000000000000000000e+03,1.000000000000000000e+03
1.000000000000000000e+03,1.000000000000000000e+03

1.449000000000000000e+03,7.451000000000000000e+03
1.000000000000000000e+03,1.000000000000000000e+03
1.000000000000000000e+03,1.000000000000000000e+03
1.000000000000000000e+03,1.000000000000000000e+03
1.000000000000000000e+03,1.000000000000000000e+03
1.000000000000000000e+03,1.000000000000000000e+03

1.454000000000000000e+03,7.546000000000000000e+03
1.000000000000000000e+03,1.000000000000000000e+03
1.000000000000000000e+03,1.000000000000000000e+03
1.000000000000000000e+03,1.000000000000000000e+03
1.000000000000000000e+03,1.000000000000000000e+03
1.000000000000000000e+03,1.000000000000000000e+03

1.458000000000000000e+03,7.642000000000000000e+03
1.000000000000000000e+03,1.000000000000000000e+03
1.000000000000000000e+03,1.000000000000000000e+03
1.000000000000000000e+03,1.000000000000000000e+03
1.000000000000000000e+03,1.000000000000000000e+03
1.000000000000000000e+03,1.000000000000000000e+03

1.463000000000000000e+03,7.737000000000000000e+03
1.000000000000000000e+03,1.000000000000000000e+03
1.000000000000000000e+03,1.000000000000000000e+03
1.000000000000000000e+03,1.000000000000000000e+03
1.000000000000000000e+03,1.000000000000000000e+03
1.000000000000000000e+03,1.000000000000000000e+03

1.466000000000000000e+03,7.834000000000000000e+03
1.000000000000000000e+03,1.000000000000000000e+03
1.000000000000000000e+03,1.000000000000000000e+03
1.000000000000000000e+03,1.000000000000000000e+03
1.000000000000000000e+03,1.000000000000000000e+03
1.000000000000000000e+03,1.000000000000000000e+03

1.471000000000000000e+03,7.929000000000000000e+03
1.000000000000000000e+03,1.000000000000000000e+03
1.000000000000000000e+03,1.000000000000000000e+03
1.000000000000000000e+03,1.000000000000000000e+03
1.000000000000000000e+03,1.000000000000000000e+03
1.000000000000000000e+03,1.000000000000000000e+03

1.472000000000000000e+03,8.028000000000000000e+03
1.000000000000000000e+03,1.000000000000000000e+03
1.000000000000000000e+03,1.000000000000000000e+03
1.000000000000000000e+03,1.000000000000000000e+03
1.000000000000000000e+03,1.000000000000000000e+03
1.000000000000000000e+03,1.000000000000000000e+03

1.474000000000000000e+03,8.126000000000000000e+03
1.000000000000000000e+03,1.000000000000000000e+03
1.000000000000000000e+03,1.000000000000000000e+03
1.000000000000000000e+03,1.000000000000000000e+03
1.000000000000000000e+03,1.000000000000000000e+03
1.000000000000000000e+03,1.000000000000000000e+03

1.477000000000000000e+03,8.223000000000000000e+03
1.000000000000000000e+03,1.000000000000000000e+03
1.000000000000000000e+03,1.000000000000000000e+03
1.000000000000000000e+03,1.000000000000000000e+03
1.000000000000000000e+03,1.000000000000000000e+03
1.000000000000000000e+03,1.000000000000000000e+03

1.480000000000000000e+03,8.320000000000000000e+03
1.000000000000000000e+03,1.000000000000000000e+03
1.000000000000000000e+03,1.000000000000000000e+03
1.000000000000000000e+03,1.000000000000000000e+03
1.000000000000000000e+03,1.000000000000000000e+03
1.000000000000000000e+03,1.000000000000000000e+03

1.483000000000000000e+03,8.417000000000000000e+03
1.000000000000000000e+03,1.000000000000000000e+03
1.000000000000000000e+03,1.000000000000000000e+03
1.000000000000000000e+03,1.000000000000000000e+03
1.000000000000000000e+03,1.000000000000000000e+03
1.000000000000000000e+03,1.000000000000000000e+03

1.488000000000000000e+03,8.512000000000000000e+03
1.000000000000000000e+03,1.000000000000000000e+03
1.000000000000000000e+03,1.000000000000000000e+03
1.000000000000000000e+03,1.000000000000000000e+03
1.000000000000000000e+03,1.000000000000000000e+03
1.000000000000000000e+03,1.000000000000000000e+03

1.492000000000000000e+03,8.608000000000000000e+03
1.000000000000000000e+03,1.000000000000000000e+03
1.000000000000000000e+03,1.000000000000000000e+03
1.000000000000000000e+03,1.000000000000000000e+03
1.000000000000000000e+03,1.000000000000000000e+03
1.000000000000000000e+03,1.000000000000000000e+03

1.494000000000000000e+03,8.706000000000000000e+03
1.000000000000000000e+03,1.000000000000000000e+03
1.000000000000000000e+03,1.000000000000000000e+03
1.000000000000000000e+03,1.000000000000000000e+03
1.000000000000000000e+03,1.000000000000000000e+03
1.000000000000000000e+03,1.000000000000000000e+03

1.498000000000000000e+03,8.802000000000000000e+03
1.000000000000000000e+03,1.000000000000000000e+03
1.000000000000000000e+03,1.000000000000000000e+03
1.000000000000000000e+03,1.000000000000000000e+03
1.000000000000000000e+03,1.000000000000000000e+03
1.000000000000000000e+03,1.000000000000000000e+03

1.501000000000000000e+03,8.899000000000000000e+03
1.000000000000000000e+03,1.000000000000000000e+03
1.000000000000000000e+03,1.000000000000000000e+03
1.000000000000000000e+03,1.000000000000000000e+03
1.000000000000000000e+03,1.000000000000000000e+03
1.000000000000000000e+03,1.000000000000000000e+03

1.503000000000000000e+03,8.997000000000000000e+03
1.000000000000000000e+03,1.000000000000000000e+03
1.000000000000000000e+03,1.000000000000000000e+03
1.000000000000000000e+03,1.000000000000000000e+03
1.000000000000000000e+03,1.000000000000000000e+03
1.000000000000000000e+03,1.000000000000000000e+03

1.504000000000000000e+03,9.096000000000000000e+03
1.000000000000000000e+03,1.000000000000000000e+03
1.000000000000000000e+03,1.000000000000000000e+03
1.000000000000000000e+03,1.000000000000000000e+03
1.000000000000000000e+03,1.000000000000000000e+03
1.000000000000000000e+03,1.000000000000000000e+03

1.505000000000000000e+03,9.195000000000000000e+03
1.000000000000000000e+03,1.000000000000000000e+03
1.000000000000000000e+03,1.000000000000000000e+03
1.000000000000000000e+03,1.000000000000000000e+03
1.000000000000000000e+03,1.000000000000000000e+03
1.000000000000000000e+03,1.000000000000000000e+03

1.508000000000000000e+03,9.292000000000000000e+03
1.000000000000000000e+03,1.000000000000000000e+03
1.000000000000000000e+03,1.000000000000000000e+03
1.000000000000000000e+03,1.000000000000000000e+03
1.000000000000000000e+03,1.000000000000000000e+03
1.000000000000000000e+03,1.000000000000000000e+03

1.511000000000000000e+03,9.389000000000000000e+03
1.000000000000000000e+03,1.000000000000000000e+03
1.000000000000000000e+03,1.000000000000000000e+03
1.000000000000000000e+03,1.000000000000000000e+03
1.000000000000000000e+03,1.000000000000000000e+03
1.000000000000000000e+03,1.000000000000000000e+03

1.514000000000000000e+03,9.486000000000000000e+03
1.000000000000000000e+03,1.000000000000000000e+03
1.000000000000000000e+03,1.000000000000000000e+03
1.000000000000000000e+03,1.000000000000000000e+03
1.000000000000000000e+03,1.000000000000000000e+03
1.000000000000000000e+03,1.000000000000000000e+03

1.515000000000000000e+03,9.585000000000000000e+03
1.000000000000000000e+03,1.000000000000000000e+03
1.000000000000000000e+03,1.000000000000000000e+03
1.000000000000000000e+03,1.000000000000000000e+03
1.000000000000000000e+03,1.000000000000000000e+03
1.000000000000000000e+03,1.000000000000000000e+03

1.519000000000000000e+03,9.681000000000000000e+03
1.000000000000000000e+03,1.000000000000000000e+03
1.000000000000000000e+03,1.000000000000000000e+03
1.000000000000000000e+03,1.000000000000000000e+03
1.000000000000000000e+03,1.000000000000000000e+03
1.000000000000000000e+03,1.000000000000000000e+03

1.521000000000000000e+03,9.779000000000000000e+03
1.000000000000000000e+03,1.000000000000000000e+03
1.000000000000000000e+03,1.000000000000000000e+03
1.000000000000000000e+03,1.000000000000000000e+03
1.000000000000000000e+03,1.000000000000000000e+03
1.000000000000000000e+03,1.000000000000000000e+03

1.524000000000000000e+03,9.876000000000000000e+03
1.000000000000000000e+03,1.000000000000000000e+03
1.000000000000000000e+03,1.000000000000000000e+03
1.000000000000000000e+03,1.000000000000000000e+03
1.000000000000000000e+03,1.000000000000000000e+03
1.000000000000000000e+03,1.000000000000000000e+03

1.527000000000000000e+03,9.973000000000000000e+03
1.000000000000000000e+03,1.000000000000000000e+03
1.000000000000000000e+03,1.000000000000000000e+03
1.000000000000000000e+03,1.000000000000000000e+03
1.000000000000000000e+03,1.000000000000000000e+03
1.000000000000000000e+03,1.000000000000000000e+03

1.529000000000000000e+03,1.007100000000000000e+04
1.000000000000000000e+03,1.000000000000000000e+03
1.000000000000000000e+03,1.000000000000000000e+03
1.000000000000000000e+03,1.000000000000000000e+03
1.000000000000000000e+03,1.000000000000000000e+03
1.000000000000000000e+03,1.000000000000000000e+03

1.532000000000000000e+03,1.016800000000000000e+04
1.000000000000000000e+03,1.000000000000000000e+03
1.000000000000000000e+03,1.000000000000000000e+03
1.000000000000000000e+03,1.000000000000000000e+03
1.000000000000000000e+03,1.000000000000000000e+03
1.000000000000000000e+03,1.000000000000000000e+03

1.533000000000000000e+03,1.026700000000000000e+04
1.000000000000000000e+03,1.000000000000000000e+03
1.000000000000000000e+03,1.000000000000000000e+03
1.000000000000000000e+03,1.000000000000000000e+03
1.000000000000000000e+03,1.000000000000000000e+03
1.000000000000000000e+03,1.000000000000000000e+03

1.538000000000000000e+03,1.036200000000000000e+04
1.000000000000000000e+03,1.000000000000000000e+03
1.000000000000000000e+03,1.000000000000000000e+03
1.000000000000000000e+03,1.000000000000000000e+03
1.000000000000000000e+03,1.000000000000000000e+03
1.000000000000000000e+03,1.000000000000000000e+03

1.541000000000000000e+03,1.045900000000000000e+04
1.000000000000000000e+03,1.000000000000000000e+03
1.000000000000000000e+03,1.000000000000000000e+03
1.000000000000000000e+03,1.000000000000000000e+03
1.000000000000000000e+03,1.000000000000000000e+03
1.000000000000000000e+03,1.000000000000000000e+03

1.545000000000000000e+03,1.055500000000000000e+04
1.000000000000000000e+03,1.000000000000000000e+03
1.000000000000000000e+03,1.000000000000000000e+03
1.000000000000000000e+03,1.000000000000000000e+03
1.000000000000000000e+03,1.000000000000000000e+03
1.000000000000000000e+03,1.000000000000000000e+03

1.547000000000000000e+03,1.065300000000000000e+04
1.000000000000000000e+03,1.000000000000000000e+03
1.000000000000000000e+03,1.000000000000000000e+03
1.000000000000000000e+03,1.000000000000000000e+03
1.000000000000000000e+03,1.000000000000000000e+03
1.000000000000000000e+03,1.000000000000000000e+03

1.549000000000000000e+03,1.075100000000000000e+04
1.000000000000000000e+03,1.000000000000000000e+03
1.000000000000000000e+03,1.000000000000000000e+03
1.000000000000000000e+03,1.000000000000000000e+03
1.000000000000000000e+03,1.000000000000000000e+03
1.000000000000000000e+03,1.000000000000000000e+03

1.552000000000000000e+03,1.084800000000000000e+04
1.000000000000000000e+03,1.000000000000000000e+03
1.000000000000000000e+03,1.000000000000000000e+03
1.000000000000000000e+03,1.000000000000000000e+03
1.000000000000000000e+03,1.000000000000000000e+03
1.000000000000000000e+03,1.000000000000000000e+03

1.556000000000000000e+03,1.094400000000000000e+04
1.000000000000000000e+03,1.000000000000000000e+03
1.000000000000000000e+03,1.000000000000000000e+03
1.000000000000000000e+03,1.000000000000000000e+03
1.000000000000000000e+03,1.000000000000000000e+03
1.000000000000000000e+03,1.000000000000000000e+03

1.558000000000000000e+03,1.104200000000000000e+04
1.000000000000000000e+03,1.000000000000000000e+03
1.000000000000000000e+03,1.000000000000000000e+03
1.000000000000000000e+03,1.000000000000000000e+03
1.000000000000000000e+03,1.000000000000000000e+03
1.000000000000000000e+03,1.000000000000000000e+03

1.559000000000000000e+03,1.114100000000000000e+04
1.000000000000000000e+03,1.000000000000000000e+03
1.000000000000000000e+03,1.000000000000000000e+03
1.000000000000000000e+03,1.000000000000000000e+03
1.000000000000000000e+03,1.000000000000000000e+03
1.000000000000000000e+03,1.000000000000000000e+03

1.561000000000000000e+03,1.123900000000000000e+04
1.000000000000000000e+03,1.000000000000000000e+03
1.000000000000000000e+03,1.000000000000000000e+03
1.000000000000000000e+03,1.000000000000000000e+03
1.000000000000000000e+03,1.000000000000000000e+03
1.000000000000000000e+03,1.000000000000000000e+03

1.563000000000000000e+03,1.133700000000000000e+04
1.000000000000000000e+03,1.000000000000000000e+03
1.000000000000000000e+03,1.000000000000000000e+03
1.000000000000000000e+03,1.000000000000000000e+03
1.000000000000000000e+03,1.000000000000000000e+03
1.000000000000000000e+03,1.000000000000000000e+03

1.565000000000000000e+03,1.143500000000000000e+04
1.000000000000000000e+03,1.000000000000000000e+03
1.000000000000000000e+03,1.000000000000000000e+03
1.000000000000000000e+03,1.000000000000000000e+03
1.000000000000000000e+03,1.000000000000000000e+03
1.000000000000000000e+03,1.000000000000000000e+03

1.566000000000000000e+03,1.153400000000000000e+04
1.000000000000000000e+03,1.000000000000000000e+03
1.000000000000000000e+03,1.000000000000000000e+03
1.000000000000000000e+03,1.000000000000000000e+03
1.000000000000000000e+03,1.000000000000000000e+03
1.000000000000000000e+03,1.000000000000000000e+03

1.568000000000000000e+03,1.163200000000000000e+04
1.000000000000000000e+03,1.000000000000000000e+03
1.000000000000000000e+03,1.000000000000000000e+03
1.000000000000000000e+03,1.000000000000000000e+03
1.000000000000000000e+03,1.000000000000000000e+03
1.000000000000000000e+03,1.000000000000000000e+03

1.572000000000000000e+03,1.172800000000000000e+04
1.000000000000000000e+03,1.000000000000000000e+03
1.000000000000000000e+03,1.000000000000000000e+03
1.000000000000000000e+03,1.000000000000000000e+03
1.000000000000000000e+03,1.000000000000000000e+03
1.000000000000000000e+03,1.000000000000000000e+03

1.574000000000000000e+03,1.182600000000000000e+04
1.000000000000000000e+03,1.000000000000000000e+03
1.000000000000000000e+03,1.000000000000000000e+03
1.000000000000000000e+03,1.000000000000000000e+03
1.000000000000000000e+03,1.000000000000000000e+03
1.000000000000000000e+03,1.000000000000000000e+03

1.577000000000000000e+03,1.192300000000000000e+04
1.000000000000000000e+03,1.000000000000000000e+03
1.000000000000000000e+03,1.000000000000000000e+03
1.000000000000000000e+03,1.000000000000000000e+03
1.000000000000000000e+03,1.000000000000000000e+03
1.000000000000000000e+03,1.000000000000000000e+03

1.577000000000000000e+03,1.202300000000000000e+04
1.000000000000000000e+03,1.000000000000000000e+03
1.000000000000000000e+03,1.000000000000000000e+03
1.000000000000000000e+03,1.000000000000000000e+03
1.000000000000000000e+03,1.000000000000000000e+03
1.000000000000000000e+03,1.000000000000000000e+03

1.579000000000000000e+03,1.212100000000000000e+04
1.000000000000000000e+03,1.000000000000000000e+03
1.000000000000000000e+03,1.000000000000000000e+03
1.000000000000000000e+03,1.000000000000000000e+03
1.000000000000000000e+03,1.000000000000000000e+03
1.000000000000000000e+03,1.000000000000000000e+03

1.581000000000000000e+03,1.221900000000000000e+04
1.000000000000000000e+03,1.000000000000000000e+03
1.000000000000000000e+03,1.000000000000000000e+03
1.000000000000000000e+03,1.000000000000000000e+03
1.000000000000000000e+03,1.000000000000000000e+03
1.000000000000000000e+03,1.000000000000000000e+03

1.583000000000000000e+03,1.231700000000000000e+04
1.000000000000000000e+03,1.000000000000000000e+03
1.000000000000000000e+03,1.000000000000000000e+03
1.000000000000000000e+03,1.000000000000000000e+03
1.000000000000000000e+03,1.000000000000000000e+03
1.000000000000000000e+03,1.000000000000000000e+03

1.584000000000000000e+03,1.241600000000000000e+04
1.000000000000000000e+03,1.000000000000000000e+03
1.000000000000000000e+03,1.000000000000000000e+03
1.000000000000000000e+03,1.000000000000000000e+03
1.000000000000000000e+03,1.000000000000000000e+03
1.000000000000000000e+03,1.000000000000000000e+03

1.587000000000000000e+03,1.251300000000000000e+04
1.000000000000000000e+03,1.000000000000000000e+03
1.000000000000000000e+03,1.000000000000000000e+03
1.000000000000000000e+03,1.000000000000000000e+03
1.000000000000000000e+03,1.000000000000000000e+03
1.000000000000000000e+03,1.000000000000000000e+03

1.589000000000000000e+03,1.261100000000000000e+04
1.000000000000000000e+03,1.000000000000000000e+03
1.000000000000000000e+03,1.000000000000000000e+03
1.000000000000000000e+03,1.000000000000000000e+03
1.000000000000000000e+03,1.000000000000000000e+03
1.000000000000000000e+03,1.000000000000000000e+03

1.591000000000000000e+03,1.270900000000000000e+04
1.000000000000000000e+03,1.000000000000000000e+03
1.000000000000000000e+03,1.000000000000000000e+03
1.000000000000000000e+03,1.000000000000000000e+03
1.000000000000000000e+03,1.000000000000000000e+03
1.000000000000000000e+03,1.000000000000000000e+03

1.594000000000000000e+03,1.280600000000000000e+04
1.000000000000000000e+03,1.000000000000000000e+03
1.000000000000000000e+03,1.000000000000000000e+03
1.000000000000000000e+03,1.000000000000000000e+03
1.000000000000000000e+03,1.000000000000000000e+03
1.000000000000000000e+03,1.000000000000000000e+03

1.597000000000000000e+03,1.290300000000000000e+04
1.000000000000000000e+03,1.000000000000000000e+03
1.000000000000000000e+03,1.000000000000000000e+03
1.000000000000000000e+03,1.000000000000000000e+03
1.000000000000000000e+03,1.000000000000000000e+03
1.000000000000000000e+03,1.000000000000000000e+03

1.601000000000000000e+03,1.299900000000000000e+04
1.000000000000000000e+03,1.000000000000000000e+03
1.000000000000000000e+03,1.000000000000000000e+03
1.000000000000000000e+03,1.000000000000000000e+03
1.000000000000000000e+03,1.000000000000000000e+03
1.000000000000000000e+03,1.000000000000000000e+03

1.603000000000000000e+03,1.309700000000000000e+04
1.000000000000000000e+03,1.000000000000000000e+03
1.000000000000000000e+03,1.000000000000000000e+03
1.000000000000000000e+03,1.000000000000000000e+03
1.000000000000000000e+03,1.000000000000000000e+03
1.000000000000000000e+03,1.000000000000000000e+03

1.605000000000000000e+03,1.319500000000000000e+04
1.000000000000000000e+03,1.000000000000000000e+03
1.000000000000000000e+03,1.000000000000000000e+03
1.000000000000000000e+03,1.000000000000000000e+03
1.000000000000000000e+03,1.000000000000000000e+03
1.000000000000000000e+03,1.000000000000000000e+03

1.607000000000000000e+03,1.329300000000000000e+04
1.000000000000000000e+03,1.000000000000000000e+03
1.000000000000000000e+03,1.000000000000000000e+03
1.000000000000000000e+03,1.000000000000000000e+03
1.000000000000000000e+03,1.000000000000000000e+03
1.000000000000000000e+03,1.000000000000000000e+03

1.609000000000000000e+03,1.339100000000000000e+04
1.000000000000000000e+03,1.000000000000000000e+03
1.000000000000000000e+03,1.000000000000000000e+03
1.000000000000000000e+03,1.000000000000000000e+03
1.000000000000000000e+03,1.000000000000000000e+03
1.000000000000000000e+03,1.000000000000000000e+03

1.610000000000000000e+03,1.349000000000000000e+04
1.000000000000000000e+03,1.000000000000000000e+03
1.000000000000000000e+03,1.000000000000000000e+03
1.000000000000000000e+03,1.000000000000000000e+03
1.000000000000000000e+03,1.000000000000000000e+03
1.000000000000000000e+03,1.000000000000000000e+03

1.612000000000000000e+03,1.358800000000000000e+04
1.000000000000000000e+03,1.000000000000000000e+03
1.000000000000000000e+03,1.000000000000000000e+03
1.000000000000000000e+03,1.000000000000000000e+03
1.000000000000000000e+03,1.000000000000000000e+03
1.000000000000000000e+03,1.000000000000000000e+03

1.614000000000000000e+03,1.368600000000000000e+04
1.000000000000000000e+03,1.000000000000000000e+03
1.000000000000000000e+03,1.000000000000000000e+03
1.000000000000000000e+03,1.000000000000000000e+03
1.000000000000000000e+03,1.000000000000000000e+03
1.000000000000000000e+03,1.000000000000000000e+03

1.614000000000000000e+03,1.378600000000000000e+04
1.000000000000000000e+03,1.000000000000000000e+03
1.000000000000000000e+03,1.000000000000000000e+03
1.000000000000000000e+03,1.000000000000000000e+03
1.000000000000000000e+03,1.000000000000000000e+03
1.000000000000000000e+03,1.000000000000000000e+03

1.617000000000000000e+03,1.388300000000000000e+04
1.000000000000000000e+03,1.000000000000000000e+03
1.000000000000000000e+03,1.000000000000000000e+03
1.000000000000000000e+03,1.000000000000000000e+03
1.000000000000000000e+03,1.000000000000000000e+03
1.000000000000000000e+03,1.000000000000000000e+03

1.619000000000000000e+03,1.398100000000000000e+04
1.000000000000000000e+03,1.000000000000000000e+03
1.000000000000000000e+03,1.000000000000000000e+03
1.000000000000000000e+03,1.000000000000000000e+03
1.000000000000000000e+03,1.000000000000000000e+03
1.000000000000000000e+03,1.000000000000000000e+03

1.623000000000000000e+03,1.407700000000000000e+04
1.000000000000000000e+03,1.000000000000000000e+03
1.000000000000000000e+03,1.000000000000000000e+03
1.000000000000000000e+03,1.000000000000000000e+03
1.000000000000000000e+03,1.000000000000000000e+03
1.000000000000000000e+03,1.000000000000000000e+03

1.627000000000000000e+03,1.417300000000000000e+04
1.000000000000000000e+03,1.000000000000000000e+03
1.000000000000000000e+03,1.000000000000000000e+03
1.000000000000000000e+03,1.000000000000000000e+03
1.000000000000000000e+03,1.000000000000000000e+03
1.000000000000000000e+03,1.000000000000000000e+03

1.630000000000000000e+03,1.427000000000000000e+04
1.000000000000000000e+03,1.000000000000000000e+03
1.000000000000000000e+03,1.000000000000000000e+03
1.000000000000000000e+03,1.000000000000000000e+03
1.000000000000000000e+03,1.000000000000000000e+03
1.000000000000000000e+03,1.000000000000000000e+03

1.633000000000000000e+03,1.436700000000000000e+04
1.000000000000000000e+03,1.000000000000000000e+03
1.000000000000000000e+03,1.000000000000000000e+03
1.000000000000000000e+03,1.000000000000000000e+03
1.000000000000000000e+03,1.000000000000000000e+03
1.000000000000000000e+03,1.000000000000000000e+03

1.635000000000000000e+03,1.446500000000000000e+04
1.000000000000000000e+03,1.000000000000000000e+03
1.000000000000000000e+03,1.000000000000000000e+03
1.000000000000000000e+03,1.000000000000000000e+03
1.000000000000000000e+03,1.000000000000000000e+03
1.000000000000000000e+03,1.000000000000000000e+03

1.636000000000000000e+03,1.456400000000000000e+04
1.000000000000000000e+03,1.000000000000000000e+03
1.000000000000000000e+03,1.000000000000000000e+03
1.000000000000000000e+03,1.000000000000000000e+03
1.000000000000000000e+03,1.000000000000000000e+03
1.000000000000000000e+03,1.000000000000000000e+03

1.639000000000000000e+03,1.466100000000000000e+04
1.000000000000000000e+03,1.000000000000000000e+03
1.000000000000000000e+03,1.000000000000000000e+03
1.000000000000000000e+03,1.000000000000000000e+03
1.000000000000000000e+03,1.000000000000000000e+03
1.000000000000000000e+03,1.000000000000000000e+03

1.641000000000000000e+03,1.475900000000000000e+04
1.000000000000000000e+03,1.000000000000000000e+03
1.000000000000000000e+03,1.000000000000000000e+03
1.000000000000000000e+03,1.000000000000000000e+03
1.000000000000000000e+03,1.000000000000000000e+03
1.000000000000000000e+03,1.000000000000000000e+03

1.641000000000000000e+03,1.485900000000000000e+04
1.000000000000000000e+03,1.000000000000000000e+03
1.000000000000000000e+03,1.000000000000000000e+03
1.000000000000000000e+03,1.000000000000000000e+03
1.000000000000000000e+03,1.000000000000000000e+03
1.000000000000000000e+03,1.000000000000000000e+03

1.643000000000000000e+03,1.495700000000000000e+04
1.000000000000000000e+03,1.000000000000000000e+03
1.000000000000000000e+03,1.000000000000000000e+03
1.000000000000000000e+03,1.000000000000000000e+03
1.000000000000000000e+03,1.000000000000000000e+03
1.000000000000000000e+03,1.000000000000000000e+03

1.646000000000000000e+03,1.505400000000000000e+04
1.000000000000000000e+03,1.000000000000000000e+03
1.000000000000000000e+03,1.000000000000000000e+03
1.000000000000000000e+03,1.000000000000000000e+03
1.000000000000000000e+03,1.000000000000000000e+03
1.000000000000000000e+03,1.000000000000000000e+03

1.647000000000000000e+03,1.515300000000000000e+04
1.000000000000000000e+03,1.000000000000000000e+03
1.000000000000000000e+03,1.000000000000000000e+03
1.000000000000000000e+03,1.000000000000000000e+03
1.000000000000000000e+03,1.000000000000000000e+03
1.000000000000000000e+03,1.000000000000000000e+03

1.648000000000000000e+03,1.525200000000000000e+04
1.000000000000000000e+03,1.000000000000000000e+03
1.000000000000000000e+03,1.000000000000000000e+03
1.000000000000000000e+03,1.000000000000000000e+03
1.000000000000000000e+03,1.000000000000000000e+03
1.000000000000000000e+03,1.000000000000000000e+03

1.649000000000000000e+03,1.535100000000000000e+04
1.000000000000000000e+03,1.000000000000000000e+03
1.000000000000000000e+03,1.000000000000000000e+03
1.000000000000000000e+03,1.000000000000000000e+03
1.000000000000000000e+03,1.000000000000000000e+03
1.000000000000000000e+03,1.000000000000000000e+03

1.651000000000000000e+03,1.544900000000000000e+04
1.000000000000000000e+03,1.000000000000000000e+03
1.000000000000000000e+03,1.000000000000000000e+03
1.000000000000000000e+03,1.000000000000000000e+03
1.000000000000000000e+03,1.000000000000000000e+03
1.000000000000000000e+03,1.000000000000000000e+03

1.653000000000000000e+03,1.554700000000000000e+04
1.000000000000000000e+03,1.000000000000000000e+03
1.000000000000000000e+03,1.000000000000000000e+03
1.000000000000000000e+03,1.000000000000000000e+03
1.000000000000000000e+03,1.000000000000000000e+03
1.000000000000000000e+03,1.000000000000000000e+03

1.655000000000000000e+03,1.564500000000000000e+04
1.000000000000000000e+03,1.000000000000000000e+03
1.000000000000000000e+03,1.000000000000000000e+03
1.000000000000000000e+03,1.000000000000000000e+03
1.000000000000000000e+03,1.000000000000000000e+03
1.000000000000000000e+03,1.000000000000000000e+03

1.656000000000000000e+03,1.574400000000000000e+04
1.000000000000000000e+03,1.000000000000000000e+03
1.000000000000000000e+03,1.000000000000000000e+03
1.000000000000000000e+03,1.000000000000000000e+03
1.000000000000000000e+03,1.000000000000000000e+03
1.000000000000000000e+03,1.000000000000000000e+03

1.657000000000000000e+03,1.584300000000000000e+04
1.000000000000000000e+03,1.000000000000000000e+03
1.000000000000000000e+03,1.000000000000000000e+03
1.000000000000000000e+03,1.000000000000000000e+03
1.000000000000000000e+03,1.000000000000000000e+03
1.000000000000000000e+03,1.000000000000000000e+03

1.659000000000000000e+03,1.594100000000000000e+04
1.000000000000000000e+03,1.000000000000000000e+03
1.000000000000000000e+03,1.000000000000000000e+03
1.000000000000000000e+03,1.000000000000000000e+03
1.000000000000000000e+03,1.000000000000000000e+03
1.000000000000000000e+03,1.000000000000000000e+03

1.662000000000000000e+03,1.603800000000000000e+04
1.000000000000000000e+03,1.000000000000000000e+03
1.000000000000000000e+03,1.000000000000000000e+03
1.000000000000000000e+03,1.000000000000000000e+03
1.000000000000000000e+03,1.000000000000000000e+03
1.000000000000000000e+03,1.000000000000000000e+03

1.663000000000000000e+03,1.613700000000000000e+04
1.000000000000000000e+03,1.000000000000000000e+03
1.000000000000000000e+03,1.000000000000000000e+03
1.000000000000000000e+03,1.000000000000000000e+03
1.000000000000000000e+03,1.000000000000000000e+03
1.000000000000000000e+03,1.000000000000000000e+03

1.666000000000000000e+03,1.623400000000000000e+04
1.000000000000000000e+03,1.000000000000000000e+03
1.000000000000000000e+03,1.000000000000000000e+03
1.000000000000000000e+03,1.000000000000000000e+03
1.000000000000000000e+03,1.000000000000000000e+03
1.000000000000000000e+03,1.000000000000000000e+03

1.668000000000000000e+03,1.633200000000000000e+04
1.000000000000000000e+03,1.000000000000000000e+03
1.000000000000000000e+03,1.000000000000000000e+03
1.000000000000000000e+03,1.000000000000000000e+03
1.000000000000000000e+03,1.000000000000000000e+03
1.000000000000000000e+03,1.000000000000000000e+03

1.670000000000000000e+03,1.643000000000000000e+04
1.000000000000000000e+03,1.000000000000000000e+03
1.000000000000000000e+03,1.000000000000000000e+03
1.000000000000000000e+03,1.000000000000000000e+03
1.000000000000000000e+03,1.000000000000000000e+03
1.000000000000000000e+03,1.000000000000000000e+03

1.672000000000000000e+03,1.652800000000000000e+04
1.000000000000000000e+03,1.000000000000000000e+03
1.000000000000000000e+03,1.000000000000000000e+03
1.000000000000000000e+03,1.000000000000000000e+03
1.000000000000000000e+03,1.000000000000000000e+03
1.000000000000000000e+03,1.000000000000000000e+03

1.674000000000000000e+03,1.662600000000000000e+04
1.000000000000000000e+03,1.000000000000000000e+03
1.000000000000000000e+03,1.000000000000000000e+03
1.000000000000000000e+03,1.000000000000000000e+03
1.000000000000000000e+03,1.000000000000000000e+03
1.000000000000000000e+03,1.000000000000000000e+03

1.674000000000000000e+03,1.672600000000000000e+04
1.000000000000000000e+03,1.000000000000000000e+03
1.000000000000000000e+03,1.000000000000000000e+03
1.000000000000000000e+03,1.000000000000000000e+03
1.000000000000000000e+03,1.000000000000000000e+03
1.000000000000000000e+03,1.000000000000000000e+03

1.676000000000000000e+03,1.682400000000000000e+04
1.000000000000000000e+03,1.000000000000000000e+03
1.000000000000000000e+03,1.000000000000000000e+03
1.000000000000000000e+03,1.000000000000000000e+03
1.000000000000000000e+03,1.000000000000000000e+03
1.000000000000000000e+03,1.000000000000000000e+03

1.678000000000000000e+03,1.692200000000000000e+04
1.000000000000000000e+03,1.000000000000000000e+03
1.000000000000000000e+03,1.000000000000000000e+03
1.000000000000000000e+03,1.000000000000000000e+03
1.000000000000000000e+03,1.000000000000000000e+03
1.000000000000000000e+03,1.000000000000000000e+03

1.680000000000000000e+03,1.702000000000000000e+04
1.000000000000000000e+03,1.000000000000000000e+03
1.000000000000000000e+03,1.000000000000000000e+03
1.000000000000000000e+03,1.000000000000000000e+03
1.000000000000000000e+03,1.000000000000000000e+03
1.000000000000000000e+03,1.000000000000000000e+03

1.681000000000000000e+03,1.711900000000000000e+04
1.000000000000000000e+03,1.000000000000000000e+03
1.000000000000000000e+03,1.000000000000000000e+03
1.000000000000000000e+03,1.000000000000000000e+03
1.000000000000000000e+03,1.000000000000000000e+03
1.000000000000000000e+03,1.000000000000000000e+03

1.684000000000000000e+03,1.721600000000000000e+04
1.000000000000000000e+03,1.000000000000000000e+03
1.000000000000000000e+03,1.000000000000000000e+03
1.000000000000000000e+03,1.000000000000000000e+03
1.000000000000000000e+03,1.000000000000000000e+03
1.000000000000000000e+03,1.000000000000000000e+03

1.686000000000000000e+03,1.731400000000000000e+04
1.000000000000000000e+03,1.000000000000000000e+03
1.000000000000000000e+03,1.000000000000000000e+03
1.000000000000000000e+03,1.000000000000000000e+03
1.000000000000000000e+03,1.000000000000000000e+03
1.000000000000000000e+03,1.000000000000000000e+03

1.687000000000000000e+03,1.741300000000000000e+04
1.000000000000000000e+03,1.000000000000000000e+03
1.000000000000000000e+03,1.000000000000000000e+03
1.000000000000000000e+03,1.000000000000000000e+03
1.000000000000000000e+03,1.000000000000000000e+03
1.000000000000000000e+03,1.000000000000000000e+03

1.688000000000000000e+03,1.751200000000000000e+04
1.000000000000000000e+03,1.000000000000000000e+03
1.000000000000000000e+03,1.000000000000000000e+03
1.000000000000000000e+03,1.000000000000000000e+03
1.000000000000000000e+03,1.000000000000000000e+03
1.000000000000000000e+03,1.000000000000000000e+03

1.688000000000000000e+03,1.761200000000000000e+04
1.000000000000000000e+03,1.000000000000000000e+03
1.000000000000000000e+03,1.000000000000000000e+03
1.000000000000000000e+03,1.000000000000000000e+03
1.000000000000000000e+03,1.000000000000000000e+03
1.000000000000000000e+03,1.000000000000000000e+03

1.689000000000000000e+03,1.771100000000000000e+04
1.000000000000000000e+03,1.000000000000000000e+03
1.000000000000000000e+03,1.000000000000000000e+03
1.000000000000000000e+03,1.000000000000000000e+03
1.000000000000000000e+03,1.000000000000000000e+03
1.000000000000000000e+03,1.000000000000000000e+03

1.690000000000000000e+03,1.781000000000000000e+04
1.000000000000000000e+03,1.000000000000000000e+03
1.000000000000000000e+03,1.000000000000000000e+03
1.000000000000000000e+03,1.000000000000000000e+03
1.000000000000000000e+03,1.000000000000000000e+03
1.000000000000000000e+03,1.000000000000000000e+03

1.691000000000000000e+03,1.790900000000000000e+04
1.000000000000000000e+03,1.000000000000000000e+03
1.000000000000000000e+03,1.000000000000000000e+03
1.000000000000000000e+03,1.000000000000000000e+03
1.000000000000000000e+03,1.000000000000000000e+03
1.000000000000000000e+03,1.000000000000000000e+03

1.692000000000000000e+03,1.800800000000000000e+04
1.000000000000000000e+03,1.000000000000000000e+03
1.000000000000000000e+03,1.000000000000000000e+03
1.000000000000000000e+03,1.000000000000000000e+03
1.000000000000000000e+03,1.000000000000000000e+03
1.000000000000000000e+03,1.000000000000000000e+03

1.692000000000000000e+03,1.810800000000000000e+04
1.000000000000000000e+03,1.000000000000000000e+03
1.000000000000000000e+03,1.000000000000000000e+03
1.000000000000000000e+03,1.000000000000000000e+03
1.000000000000000000e+03,1.000000000000000000e+03
1.000000000000000000e+03,1.000000000000000000e+03

1.692000000000000000e+03,1.820800000000000000e+04
1.000000000000000000e+03,1.000000000000000000e+03
1.000000000000000000e+03,1.000000000000000000e+03
1.000000000000000000e+03,1.000000000000000000e+03
1.000000000000000000e+03,1.000000000000000000e+03
1.000000000000000000e+03,1.000000000000000000e+03

1.692000000000000000e+03,1.830800000000000000e+04
1.000000000000000000e+03,1.000000000000000000e+03
1.000000000000000000e+03,1.000000000000000000e+03
1.000000000000000000e+03,1.000000000000000000e+03
1.000000000000000000e+03,1.000000000000000000e+03
1.000000000000000000e+03,1.000000000000000000e+03

1.694000000000000000e+03,1.840600000000000000e+04
1.000000000000000000e+03,1.000000000000000000e+03
1.000000000000000000e+03,1.000000000000000000e+03
1.000000000000000000e+03,1.000000000000000000e+03
1.000000000000000000e+03,1.000000000000000000e+03
1.000000000000000000e+03,1.000000000000000000e+03

1.696000000000000000e+03,1.850400000000000000e+04
1.000000000000000000e+03,1.000000000000000000e+03
1.000000000000000000e+03,1.000000000000000000e+03
1.000000000000000000e+03,1.000000000000000000e+03
1.000000000000000000e+03,1.000000000000000000e+03
1.000000000000000000e+03,1.000000000000000000e+03

1.697000000000000000e+03,1.860300000000000000e+04
1.000000000000000000e+03,1.000000000000000000e+03
1.000000000000000000e+03,1.000000000000000000e+03
1.000000000000000000e+03,1.000000000000000000e+03
1.000000000000000000e+03,1.000000000000000000e+03
1.000000000000000000e+03,1.000000000000000000e+03

1.700000000000000000e+03,1.870000000000000000e+04
1.000000000000000000e+03,1.000000000000000000e+03
1.000000000000000000e+03,1.000000000000000000e+03
1.000000000000000000e+03,1.000000000000000000e+03
1.000000000000000000e+03,1.000000000000000000e+03
1.000000000000000000e+03,1.000000000000000000e+03

1.701000000000000000e+03,1.879900000000000000e+04
1.000000000000000000e+03,1.000000000000000000e+03
1.000000000000000000e+03,1.000000000000000000e+03
1.000000000000000000e+03,1.000000000000000000e+03
1.000000000000000000e+03,1.000000000000000000e+03
1.000000000000000000e+03,1.000000000000000000e+03

1.702000000000000000e+03,1.889800000000000000e+04
1.000000000000000000e+03,1.000000000000000000e+03
1.000000000000000000e+03,1.000000000000000000e+03
1.000000000000000000e+03,1.000000000000000000e+03
1.000000000000000000e+03,1.000000000000000000e+03
1.000000000000000000e+03,1.000000000000000000e+03

1.704000000000000000e+03,1.899600000000000000e+04
1.000000000000000000e+03,1.000000000000000000e+03
1.000000000000000000e+03,1.000000000000000000e+03
1.000000000000000000e+03,1.000000000000000000e+03
1.000000000000000000e+03,1.000000000000000000e+03
1.000000000000000000e+03,1.000000000000000000e+03

1.705000000000000000e+03,1.909500000000000000e+04
1.000000000000000000e+03,1.000000000000000000e+03
1.000000000000000000e+03,1.000000000000000000e+03
1.000000000000000000e+03,1.000000000000000000e+03
1.000000000000000000e+03,1.000000000000000000e+03
1.000000000000000000e+03,1.000000000000000000e+03

1.706000000000000000e+03,1.919400000000000000e+04
1.000000000000000000e+03,1.000000000000000000e+03
1.000000000000000000e+03,1.000000000000000000e+03
1.000000000000000000e+03,1.000000000000000000e+03
1.000000000000000000e+03,1.000000000000000000e+03
1.000000000000000000e+03,1.000000000000000000e+03

1.707000000000000000e+03,1.929300000000000000e+04
1.000000000000000000e+03,1.000000000000000000e+03
1.000000000000000000e+03,1.000000000000000000e+03
1.000000000000000000e+03,1.000000000000000000e+03
1.000000000000000000e+03,1.000000000000000000e+03
1.000000000000000000e+03,1.000000000000000000e+03

1.708000000000000000e+03,1.939200000000000000e+04
1.000000000000000000e+03,1.000000000000000000e+03
1.000000000000000000e+03,1.000000000000000000e+03
1.000000000000000000e+03,1.000000000000000000e+03
1.000000000000000000e+03,1.000000000000000000e+03
1.000000000000000000e+03,1.000000000000000000e+03

1.709000000000000000e+03,1.949100000000000000e+04
1.000000000000000000e+03,1.000000000000000000e+03
1.000000000000000000e+03,1.000000000000000000e+03
1.000000000000000000e+03,1.000000000000000000e+03
1.000000000000000000e+03,1.000000000000000000e+03
1.000000000000000000e+03,1.000000000000000000e+03

1.710000000000000000e+03,1.959000000000000000e+04
1.000000000000000000e+03,1.000000000000000000e+03
1.000000000000000000e+03,1.000000000000000000e+03
1.000000000000000000e+03,1.000000000000000000e+03
1.000000000000000000e+03,1.000000000000000000e+03
1.000000000000000000e+03,1.000000000000000000e+03

1.711000000000000000e+03,1.968900000000000000e+04
1.000000000000000000e+03,1.000000000000000000e+03
1.000000000000000000e+03,1.000000000000000000e+03
1.000000000000000000e+03,1.000000000000000000e+03
1.000000000000000000e+03,1.000000000000000000e+03
1.000000000000000000e+03,1.000000000000000000e+03

1.713000000000000000e+03,1.978700000000000000e+04
1.000000000000000000e+03,1.000000000000000000e+03
1.000000000000000000e+03,1.000000000000000000e+03
1.000000000000000000e+03,1.000000000000000000e+03
1.000000000000000000e+03,1.000000000000000000e+03
1.000000000000000000e+03,1.000000000000000000e+03

1.714000000000000000e+03,1.988600000000000000e+04
1.000000000000000000e+03,1.000000000000000000e+03
1.000000000000000000e+03,1.000000000000000000e+03
1.000000000000000000e+03,1.000000000000000000e+03
1.000000000000000000e+03,1.000000000000000000e+03
1.000000000000000000e+03,1.000000000000000000e+03

1.714000000000000000e+03,1.998600000000000000e+04
1.000000000000000000e+03,1.000000000000000000e+03
1.000000000000000000e+03,1.000000000000000000e+03
1.000000000000000000e+03,1.000000000000000000e+03
1.000000000000000000e+03,1.000000000000000000e+03
1.000000000000000000e+03,1.000000000000000000e+03

1.716000000000000000e+03,2.008400000000000000e+04
1.000000000000000000e+03,1.000000000000000000e+03
1.000000000000000000e+03,1.000000000000000000e+03
1.000000000000000000e+03,1.000000000000000000e+03
1.000000000000000000e+03,1.000000000000000000e+03
1.000000000000000000e+03,1.000000000000000000e+03

1.718000000000000000e+03,2.018200000000000000e+04
1.000000000000000000e+03,1.000000000000000000e+03
1.000000000000000000e+03,1.000000000000000000e+03
1.000000000000000000e+03,1.000000000000000000e+03
1.000000000000000000e+03,1.000000000000000000e+03
1.000000000000000000e+03,1.000000000000000000e+03

1.720000000000000000e+03,2.028000000000000000e+04
1.000000000000000000e+03,1.000000000000000000e+03
1.000000000000000000e+03,1.000000000000000000e+03
1.000000000000000000e+03,1.000000000000000000e+03
1.000000000000000000e+03,1.000000000000000000e+03
1.000000000000000000e+03,1.000000000000000000e+03

1.720000000000000000e+03,2.038000000000000000e+04
1.000000000000000000e+03,1.000000000000000000e+03
1.000000000000000000e+03,1.000000000000000000e+03
1.000000000000000000e+03,1.000000000000000000e+03
1.000000000000000000e+03,1.000000000000000000e+03
1.000000000000000000e+03,1.000000000000000000e+03

1.721000000000000000e+03,2.047900000000000000e+04
1.000000000000000000e+03,1.000000000000000000e+03
1.000000000000000000e+03,1.000000000000000000e+03
1.000000000000000000e+03,1.000000000000000000e+03
1.000000000000000000e+03,1.000000000000000000e+03
1.000000000000000000e+03,1.000000000000000000e+03

1.723000000000000000e+03,2.057700000000000000e+04
1.000000000000000000e+03,1.000000000000000000e+03
1.000000000000000000e+03,1.000000000000000000e+03
1.000000000000000000e+03,1.000000000000000000e+03
1.000000000000000000e+03,1.000000000000000000e+03
1.000000000000000000e+03,1.000000000000000000e+03

1.723000000000000000e+03,2.067700000000000000e+04
1.000000000000000000e+03,1.000000000000000000e+03
1.000000000000000000e+03,1.000000000000000000e+03
1.000000000000000000e+03,1.000000000000000000e+03
1.000000000000000000e+03,1.000000000000000000e+03
1.000000000000000000e+03,1.000000000000000000e+03

1.723000000000000000e+03,2.077700000000000000e+04
1.000000000000000000e+03,1.000000000000000000e+03
1.000000000000000000e+03,1.000000000000000000e+03
1.000000000000000000e+03,1.000000000000000000e+03
1.000000000000000000e+03,1.000000000000000000e+03
1.000000000000000000e+03,1.000000000000000000e+03

1.724000000000000000e+03,2.087600000000000000e+04
1.000000000000000000e+03,1.000000000000000000e+03
1.000000000000000000e+03,1.000000000000000000e+03
1.000000000000000000e+03,1.000000000000000000e+03
1.000000000000000000e+03,1.000000000000000000e+03
1.000000000000000000e+03,1.000000000000000000e+03

1.725000000000000000e+03,2.097500000000000000e+04
1.000000000000000000e+03,1.000000000000000000e+03
1.000000000000000000e+03,1.000000000000000000e+03
1.000000000000000000e+03,1.000000000000000000e+03
1.000000000000000000e+03,1.000000000000000000e+03
1.000000000000000000e+03,1.000000000000000000e+03

1.726000000000000000e+03,2.107400000000000000e+04
1.000000000000000000e+03,1.000000000000000000e+03
1.000000000000000000e+03,1.000000000000000000e+03
1.000000000000000000e+03,1.000000000000000000e+03
1.000000000000000000e+03,1.000000000000000000e+03
1.000000000000000000e+03,1.000000000000000000e+03

1.728000000000000000e+03,2.117200000000000000e+04
1.000000000000000000e+03,1.000000000000000000e+03
1.000000000000000000e+03,1.000000000000000000e+03
1.000000000000000000e+03,1.000000000000000000e+03
1.000000000000000000e+03,1.000000000000000000e+03
1.000000000000000000e+03,1.000000000000000000e+03

1.729000000000000000e+03,2.127100000000000000e+04
1.000000000000000000e+03,1.000000000000000000e+03
1.000000000000000000e+03,1.000000000000000000e+03
1.000000000000000000e+03,1.000000000000000000e+03
1.000000000000000000e+03,1.000000000000000000e+03
1.000000000000000000e+03,1.000000000000000000e+03

1.731000000000000000e+03,2.136900000000000000e+04
1.000000000000000000e+03,1.000000000000000000e+03
1.000000000000000000e+03,1.000000000000000000e+03
1.000000000000000000e+03,1.000000000000000000e+03
1.000000000000000000e+03,1.000000000000000000e+03
1.000000000000000000e+03,1.000000000000000000e+03

1.731000000000000000e+03,2.146900000000000000e+04
1.000000000000000000e+03,1.000000000000000000e+03
1.000000000000000000e+03,1.000000000000000000e+03
1.000000000000000000e+03,1.000000000000000000e+03
1.000000000000000000e+03,1.000000000000000000e+03
1.000000000000000000e+03,1.000000000000000000e+03

1.732000000000000000e+03,2.156800000000000000e+04
1.000000000000000000e+03,1.000000000000000000e+03
1.000000000000000000e+03,1.000000000000000000e+03
1.000000000000000000e+03,1.000000000000000000e+03
1.000000000000000000e+03,1.000000000000000000e+03
1.000000000000000000e+03,1.000000000000000000e+03

1.733000000000000000e+03,2.166700000000000000e+04
1.000000000000000000e+03,1.000000000000000000e+03
1.000000000000000000e+03,1.000000000000000000e+03
1.000000000000000000e+03,1.000000000000000000e+03
1.000000000000000000e+03,1.000000000000000000e+03
1.000000000000000000e+03,1.000000000000000000e+03

1.734000000000000000e+03,2.176600000000000000e+04
1.000000000000000000e+03,1.000000000000000000e+03
1.000000000000000000e+03,1.000000000000000000e+03
1.000000000000000000e+03,1.000000000000000000e+03
1.000000000000000000e+03,1.000000000000000000e+03
1.000000000000000000e+03,1.000000000000000000e+03

1.734000000000000000e+03,2.186600000000000000e+04
1.000000000000000000e+03,1.000000000000000000e+03
1.000000000000000000e+03,1.000000000000000000e+03
1.000000000000000000e+03,1.000000000000000000e+03
1.000000000000000000e+03,1.000000000000000000e+03
1.000000000000000000e+03,1.000000000000000000e+03

1.736000000000000000e+03,2.196400000000000000e+04
1.000000000000000000e+03,1.000000000000000000e+03
1.000000000000000000e+03,1.000000000000000000e+03
1.000000000000000000e+03,1.000000000000000000e+03
1.000000000000000000e+03,1.000000000000000000e+03
1.000000000000000000e+03,1.000000000000000000e+03

1.738000000000000000e+03,2.206200000000000000e+04
1.000000000000000000e+03,1.000000000000000000e+03
1.000000000000000000e+03,1.000000000000000000e+03
1.000000000000000000e+03,1.000000000000000000e+03
1.000000000000000000e+03,1.000000000000000000e+03
1.000000000000000000e+03,1.000000000000000000e+03

1.740000000000000000e+03,2.216000000000000000e+04
1.000000000000000000e+03,1.000000000000000000e+03
1.000000000000000000e+03,1.000000000000000000e+03
1.000000000000000000e+03,1.000000000000000000e+03
1.000000000000000000e+03,1.000000000000000000e+03
1.000000000000000000e+03,1.000000000000000000e+03

1.741000000000000000e+03,2.225900000000000000e+04
1.000000000000000000e+03,1.000000000000000000e+03
1.000000000000000000e+03,1.000000000000000000e+03
1.000000000000000000e+03,1.000000000000000000e+03
1.000000000000000000e+03,1.000000000000000000e+03
1.000000000000000000e+03,1.000000000000000000e+03

1.742000000000000000e+03,2.235800000000000000e+04
1.000000000000000000e+03,1.000000000000000000e+03
1.000000000000000000e+03,1.000000000000000000e+03
1.000000000000000000e+03,1.000000000000000000e+03
1.000000000000000000e+03,1.000000000000000000e+03
1.000000000000000000e+03,1.000000000000000000e+03

1.743000000000000000e+03,2.245700000000000000e+04
1.000000000000000000e+03,1.000000000000000000e+03
1.000000000000000000e+03,1.000000000000000000e+03
1.000000000000000000e+03,1.000000000000000000e+03
1.000000000000000000e+03,1.000000000000000000e+03
1.000000000000000000e+03,1.000000000000000000e+03

1.744000000000000000e+03,2.255600000000000000e+04
1.000000000000000000e+03,1.000000000000000000e+03
1.000000000000000000e+03,1.000000000000000000e+03
1.000000000000000000e+03,1.000000000000000000e+03
1.000000000000000000e+03,1.000000000000000000e+03
1.000000000000000000e+03,1.000000000000000000e+03

1.745000000000000000e+03,2.265500000000000000e+04
1.000000000000000000e+03,1.000000000000000000e+03
1.000000000000000000e+03,1.000000000000000000e+03
1.000000000000000000e+03,1.000000000000000000e+03
1.000000000000000000e+03,1.000000000000000000e+03
1.000000000000000000e+03,1.000000000000000000e+03

1.746000000000000000e+03,2.275400000000000000e+04
1.000000000000000000e+03,1.000000000000000000e+03
1.000000000000000000e+03,1.000000000000000000e+03
1.000000000000000000e+03,1.000000000000000000e+03
1.000000000000000000e+03,1.000000000000000000e+03
1.000000000000000000e+03,1.000000000000000000e+03

1.747000000000000000e+03,2.285300000000000000e+04
1.000000000000000000e+03,1.000000000000000000e+03
1.000000000000000000e+03,1.000000000000000000e+03
1.000000000000000000e+03,1.000000000000000000e+03
1.000000000000000000e+03,1.000000000000000000e+03
1.000000000000000000e+03,1.000000000000000000e+03

1.747000000000000000e+03,2.295300000000000000e+04
1.000000000000000000e+03,1.000000000000000000e+03
1.000000000000000000e+03,1.000000000000000000e+03
1.000000000000000000e+03,1.000000000000000000e+03
1.000000000000000000e+03,1.000000000000000000e+03
1.000000000000000000e+03,1.000000000000000000e+03

1.747000000000000000e+03,2.305300000000000000e+04
1.000000000000000000e+03,1.000000000000000000e+03
1.000000000000000000e+03,1.000000000000000000e+03
1.000000000000000000e+03,1.000000000000000000e+03
1.000000000000000000e+03,1.000000000000000000e+03
1.000000000000000000e+03,1.000000000000000000e+03

1.748000000000000000e+03,2.315200000000000000e+04
1.000000000000000000e+03,1.000000000000000000e+03
1.000000000000000000e+03,1.000000000000000000e+03
1.000000000000000000e+03,1.000000000000000000e+03
1.000000000000000000e+03,1.000000000000000000e+03
1.000000000000000000e+03,1.000000000000000000e+03

1.749000000000000000e+03,2.325100000000000000e+04
1.000000000000000000e+03,1.000000000000000000e+03
1.000000000000000000e+03,1.000000000000000000e+03
1.000000000000000000e+03,1.000000000000000000e+03
1.000000000000000000e+03,1.000000000000000000e+03
1.000000000000000000e+03,1.000000000000000000e+03

1.750000000000000000e+03,2.335000000000000000e+04
1.000000000000000000e+03,1.000000000000000000e+03
1.000000000000000000e+03,1.000000000000000000e+03
1.000000000000000000e+03,1.000000000000000000e+03
1.000000000000000000e+03,1.000000000000000000e+03
1.000000000000000000e+03,1.000000000000000000e+03

1.750000000000000000e+03,2.345000000000000000e+04
1.000000000000000000e+03,1.000000000000000000e+03
1.000000000000000000e+03,1.000000000000000000e+03
1.000000000000000000e+03,1.000000000000000000e+03
1.000000000000000000e+03,1.000000000000000000e+03
1.000000000000000000e+03,1.000000000000000000e+03

1.750000000000000000e+03,2.355000000000000000e+04
1.000000000000000000e+03,1.000000000000000000e+03
1.000000000000000000e+03,1.000000000000000000e+03
1.000000000000000000e+03,1.000000000000000000e+03
1.000000000000000000e+03,1.000000000000000000e+03
1.000000000000000000e+03,1.000000000000000000e+03

1.752000000000000000e+03,2.364800000000000000e+04
1.000000000000000000e+03,1.000000000000000000e+03
1.000000000000000000e+03,1.000000000000000000e+03
1.000000000000000000e+03,1.000000000000000000e+03
1.000000000000000000e+03,1.000000000000000000e+03
1.000000000000000000e+03,1.000000000000000000e+03

1.752000000000000000e+03,2.374800000000000000e+04
1.000000000000000000e+03,1.000000000000000000e+03
1.000000000000000000e+03,1.000000000000000000e+03
1.000000000000000000e+03,1.000000000000000000e+03
1.000000000000000000e+03,1.000000000000000000e+03
1.000000000000000000e+03,1.000000000000000000e+03

1.752000000000000000e+03,2.384800000000000000e+04
1.000000000000000000e+03,1.000000000000000000e+03
1.000000000000000000e+03,1.000000000000000000e+03
1.000000000000000000e+03,1.000000000000000000e+03
1.000000000000000000e+03,1.000000000000000000e+03
1.000000000000000000e+03,1.000000000000000000e+03

1.754000000000000000e+03,2.394600000000000000e+04
1.000000000000000000e+03,1.000000000000000000e+03
1.000000000000000000e+03,1.000000000000000000e+03
1.000000000000000000e+03,1.000000000000000000e+03
1.000000000000000000e+03,1.000000000000000000e+03
1.000000000000000000e+03,1.000000000000000000e+03

1.755000000000000000e+03,2.404500000000000000e+04
1.000000000000000000e+03,1.000000000000000000e+03
1.000000000000000000e+03,1.000000000000000000e+03
1.000000000000000000e+03,1.000000000000000000e+03
1.000000000000000000e+03,1.000000000000000000e+03
1.000000000000000000e+03,1.000000000000000000e+03

1.755000000000000000e+03,2.414500000000000000e+04
1.000000000000000000e+03,1.000000000000000000e+03
1.000000000000000000e+03,1.000000000000000000e+03
1.000000000000000000e+03,1.000000000000000000e+03
1.000000000000000000e+03,1.000000000000000000e+03
1.000000000000000000e+03,1.000000000000000000e+03

1.757000000000000000e+03,2.424300000000000000e+04
1.000000000000000000e+03,1.000000000000000000e+03
1.000000000000000000e+03,1.000000000000000000e+03
1.000000000000000000e+03,1.000000000000000000e+03
1.000000000000000000e+03,1.000000000000000000e+03
1.000000000000000000e+03,1.000000000000000000e+03

1.758000000000000000e+03,2.434200000000000000e+04
1.000000000000000000e+03,1.000000000000000000e+03
1.000000000000000000e+03,1.000000000000000000e+03
1.000000000000000000e+03,1.000000000000000000e+03
1.000000000000000000e+03,1.000000000000000000e+03
1.000000000000000000e+03,1.000000000000000000e+03

1.758000000000000000e+03,2.444200000000000000e+04
1.000000000000000000e+03,1.000000000000000000e+03
1.000000000000000000e+03,1.000000000000000000e+03
1.000000000000000000e+03,1.000000000000000000e+03
1.000000000000000000e+03,1.000000000000000000e+03
1.000000000000000000e+03,1.000000000000000000e+03

1.760000000000000000e+03,2.454000000000000000e+04
1.000000000000000000e+03,1.000000000000000000e+03
1.000000000000000000e+03,1.000000000000000000e+03
1.000000000000000000e+03,1.000000000000000000e+03
1.000000000000000000e+03,1.000000000000000000e+03
1.000000000000000000e+03,1.000000000000000000e+03

1.761000000000000000e+03,2.463900000000000000e+04
1.000000000000000000e+03,1.000000000000000000e+03
1.000000000000000000e+03,1.000000000000000000e+03
1.000000000000000000e+03,1.000000000000000000e+03
1.000000000000000000e+03,1.000000000000000000e+03
1.000000000000000000e+03,1.000000000000000000e+03

1.763000000000000000e+03,2.473700000000000000e+04
1.000000000000000000e+03,1.000000000000000000e+03
1.000000000000000000e+03,1.000000000000000000e+03
1.000000000000000000e+03,1.000000000000000000e+03
1.000000000000000000e+03,1.000000000000000000e+03
1.000000000000000000e+03,1.000000000000000000e+03

1.764000000000000000e+03,2.483600000000000000e+04
1.000000000000000000e+03,1.000000000000000000e+03
1.000000000000000000e+03,1.000000000000000000e+03
1.000000000000000000e+03,1.000000000000000000e+03
1.000000000000000000e+03,1.000000000000000000e+03
1.000000000000000000e+03,1.000000000000000000e+03

1.765000000000000000e+03,2.493500000000000000e+04
1.000000000000000000e+03,1.000000000000000000e+03
1.000000000000000000e+03,1.000000000000000000e+03
1.000000000000000000e+03,1.000000000000000000e+03
1.000000000000000000e+03,1.000000000000000000e+03
1.000000000000000000e+03,1.000000000000000000e+03

1.765000000000000000e+03,2.503500000000000000e+04
1.000000000000000000e+03,1.000000000000000000e+03
1.000000000000000000e+03,1.000000000000000000e+03
1.000000000000000000e+03,1.000000000000000000e+03
1.000000000000000000e+03,1.000000000000000000e+03
1.000000000000000000e+03,1.000000000000000000e+03

1.765000000000000000e+03,2.513500000000000000e+04
1.000000000000000000e+03,1.000000000000000000e+03
1.000000000000000000e+03,1.000000000000000000e+03
1.000000000000000000e+03,1.000000000000000000e+03
1.000000000000000000e+03,1.000000000000000000e+03
1.000000000000000000e+03,1.000000000000000000e+03

1.765000000000000000e+03,2.523500000000000000e+04
1.000000000000000000e+03,1.000000000000000000e+03
1.000000000000000000e+03,1.000000000000000000e+03
1.000000000000000000e+03,1.000000000000000000e+03
1.000000000000000000e+03,1.000000000000000000e+03
1.000000000000000000e+03,1.000000000000000000e+03

1.766000000000000000e+03,2.533400000000000000e+04
1.000000000000000000e+03,1.000000000000000000e+03
1.000000000000000000e+03,1.000000000000000000e+03
1.000000000000000000e+03,1.000000000000000000e+03
1.000000000000000000e+03,1.000000000000000000e+03
1.000000000000000000e+03,1.000000000000000000e+03

1.768000000000000000e+03,2.543200000000000000e+04
1.000000000000000000e+03,1.000000000000000000e+03
1.000000000000000000e+03,1.000000000000000000e+03
1.000000000000000000e+03,1.000000000000000000e+03
1.000000000000000000e+03,1.000000000000000000e+03
1.000000000000000000e+03,1.000000000000000000e+03

1.769000000000000000e+03,2.553100000000000000e+04
1.000000000000000000e+03,1.000000000000000000e+03
1.000000000000000000e+03,1.000000000000000000e+03
1.000000000000000000e+03,1.000000000000000000e+03
1.000000000000000000e+03,1.000000000000000000e+03
1.000000000000000000e+03,1.000000000000000000e+03

1.770000000000000000e+03,2.563000000000000000e+04
1.000000000000000000e+03,1.000000000000000000e+03
1.000000000000000000e+03,1.000000000000000000e+03
1.000000000000000000e+03,1.000000000000000000e+03
1.000000000000000000e+03,1.000000000000000000e+03
1.000000000000000000e+03,1.000000000000000000e+03

1.771000000000000000e+03,2.572900000000000000e+04
1.000000000000000000e+03,1.000000000000000000e+03
1.000000000000000000e+03,1.000000000000000000e+03
1.000000000000000000e+03,1.000000000000000000e+03
1.000000000000000000e+03,1.000000000000000000e+03
1.000000000000000000e+03,1.000000000000000000e+03

1.771000000000000000e+03,2.582900000000000000e+04
1.000000000000000000e+03,1.000000000000000000e+03
1.000000000000000000e+03,1.000000000000000000e+03
1.000000000000000000e+03,1.000000000000000000e+03
1.000000000000000000e+03,1.000000000000000000e+03
1.000000000000000000e+03,1.000000000000000000e+03

1.771000000000000000e+03,2.592900000000000000e+04
1.000000000000000000e+03,1.000000000000000000e+03
1.000000000000000000e+03,1.000000000000000000e+03
1.000000000000000000e+03,1.000000000000000000e+03
1.000000000000000000e+03,1.000000000000000000e+03
1.000000000000000000e+03,1.000000000000000000e+03

1.771000000000000000e+03,2.602900000000000000e+04
1.000000000000000000e+03,1.000000000000000000e+03
1.000000000000000000e+03,1.000000000000000000e+03
1.000000000000000000e+03,1.000000000000000000e+03
1.000000000000000000e+03,1.000000000000000000e+03
1.000000000000000000e+03,1.000000000000000000e+03

1.772000000000000000e+03,2.612800000000000000e+04
1.000000000000000000e+03,1.000000000000000000e+03
1.000000000000000000e+03,1.000000000000000000e+03
1.000000000000000000e+03,1.000000000000000000e+03
1.000000000000000000e+03,1.000000000000000000e+03
1.000000000000000000e+03,1.000000000000000000e+03

1.772000000000000000e+03,2.622800000000000000e+04
1.000000000000000000e+03,1.000000000000000000e+03
1.000000000000000000e+03,1.000000000000000000e+03
1.000000000000000000e+03,1.000000000000000000e+03
1.000000000000000000e+03,1.000000000000000000e+03
1.000000000000000000e+03,1.000000000000000000e+03

1.773000000000000000e+03,2.632700000000000000e+04
1.000000000000000000e+03,1.000000000000000000e+03
1.000000000000000000e+03,1.000000000000000000e+03
1.000000000000000000e+03,1.000000000000000000e+03
1.000000000000000000e+03,1.000000000000000000e+03
1.000000000000000000e+03,1.000000000000000000e+03

1.775000000000000000e+03,2.642500000000000000e+04
1.000000000000000000e+03,1.000000000000000000e+03
1.000000000000000000e+03,1.000000000000000000e+03
1.000000000000000000e+03,1.000000000000000000e+03
1.000000000000000000e+03,1.000000000000000000e+03
1.000000000000000000e+03,1.000000000000000000e+03

1.775000000000000000e+03,2.652500000000000000e+04
1.000000000000000000e+03,1.000000000000000000e+03
1.000000000000000000e+03,1.000000000000000000e+03
1.000000000000000000e+03,1.000000000000000000e+03
1.000000000000000000e+03,1.000000000000000000e+03
1.000000000000000000e+03,1.000000000000000000e+03

1.776000000000000000e+03,2.662400000000000000e+04
1.000000000000000000e+03,1.000000000000000000e+03
1.000000000000000000e+03,1.000000000000000000e+03
1.000000000000000000e+03,1.000000000000000000e+03
1.000000000000000000e+03,1.000000000000000000e+03
1.000000000000000000e+03,1.000000000000000000e+03

1.776000000000000000e+03,2.672400000000000000e+04
1.000000000000000000e+03,1.000000000000000000e+03
1.000000000000000000e+03,1.000000000000000000e+03
1.000000000000000000e+03,1.000000000000000000e+03
1.000000000000000000e+03,1.000000000000000000e+03
1.000000000000000000e+03,1.000000000000000000e+03

1.776000000000000000e+03,2.682400000000000000e+04
1.000000000000000000e+03,1.000000000000000000e+03
1.000000000000000000e+03,1.000000000000000000e+03
1.000000000000000000e+03,1.000000000000000000e+03
1.000000000000000000e+03,1.000000000000000000e+03
1.000000000000000000e+03,1.000000000000000000e+03

1.776000000000000000e+03,2.692400000000000000e+04
1.000000000000000000e+03,1.000000000000000000e+03
1.000000000000000000e+03,1.000000000000000000e+03
1.000000000000000000e+03,1.000000000000000000e+03
1.000000000000000000e+03,1.000000000000000000e+03
1.000000000000000000e+03,1.000000000000000000e+03

1.777000000000000000e+03,2.702300000000000000e+04
1.000000000000000000e+03,1.000000000000000000e+03
1.000000000000000000e+03,1.000000000000000000e+03
1.000000000000000000e+03,1.000000000000000000e+03
1.000000000000000000e+03,1.000000000000000000e+03
1.000000000000000000e+03,1.000000000000000000e+03

1.778000000000000000e+03,2.712200000000000000e+04
1.000000000000000000e+03,1.000000000000000000e+03
1.000000000000000000e+03,1.000000000000000000e+03
1.000000000000000000e+03,1.000000000000000000e+03
1.000000000000000000e+03,1.000000000000000000e+03
1.000000000000000000e+03,1.000000000000000000e+03

1.778000000000000000e+03,2.722200000000000000e+04
1.000000000000000000e+03,1.000000000000000000e+03
1.000000000000000000e+03,1.000000000000000000e+03
1.000000000000000000e+03,1.000000000000000000e+03
1.000000000000000000e+03,1.000000000000000000e+03
1.000000000000000000e+03,1.000000000000000000e+03

1.779000000000000000e+03,2.732100000000000000e+04
1.000000000000000000e+03,1.000000000000000000e+03
1.000000000000000000e+03,1.000000000000000000e+03
1.000000000000000000e+03,1.000000000000000000e+03
1.000000000000000000e+03,1.000000000000000000e+03
1.000000000000000000e+03,1.000000000000000000e+03

1.779000000000000000e+03,2.742100000000000000e+04
1.000000000000000000e+03,1.000000000000000000e+03
1.000000000000000000e+03,1.000000000000000000e+03
1.000000000000000000e+03,1.000000000000000000e+03
1.000000000000000000e+03,1.000000000000000000e+03
1.000000000000000000e+03,1.000000000000000000e+03

1.779000000000000000e+03,2.752100000000000000e+04
1.000000000000000000e+03,1.000000000000000000e+03
1.000000000000000000e+03,1.000000000000000000e+03
1.000000000000000000e+03,1.000000000000000000e+03
1.000000000000000000e+03,1.000000000000000000e+03
1.000000000000000000e+03,1.000000000000000000e+03

1.781000000000000000e+03,2.761900000000000000e+04
1.000000000000000000e+03,1.000000000000000000e+03
1.000000000000000000e+03,1.000000000000000000e+03
1.000000000000000000e+03,1.000000000000000000e+03
1.000000000000000000e+03,1.000000000000000000e+03
1.000000000000000000e+03,1.000000000000000000e+03

1.782000000000000000e+03,2.771800000000000000e+04
1.000000000000000000e+03,1.000000000000000000e+03
1.000000000000000000e+03,1.000000000000000000e+03
1.000000000000000000e+03,1.000000000000000000e+03
1.000000000000000000e+03,1.000000000000000000e+03
1.000000000000000000e+03,1.000000000000000000e+03

1.782000000000000000e+03,2.781800000000000000e+04
1.000000000000000000e+03,1.000000000000000000e+03
1.000000000000000000e+03,1.000000000000000000e+03
1.000000000000000000e+03,1.000000000000000000e+03
1.000000000000000000e+03,1.000000000000000000e+03
1.000000000000000000e+03,1.000000000000000000e+03

1.782000000000000000e+03,2.791800000000000000e+04
1.000000000000000000e+03,1.000000000000000000e+03
1.000000000000000000e+03,1.000000000000000000e+03
1.000000000000000000e+03,1.000000000000000000e+03
1.000000000000000000e+03,1.000000000000000000e+03
1.000000000000000000e+03,1.000000000000000000e+03

1.782000000000000000e+03,2.801800000000000000e+04
1.000000000000000000e+03,1.000000000000000000e+03
1.000000000000000000e+03,1.000000000000000000e+03
1.000000000000000000e+03,1.000000000000000000e+03
1.000000000000000000e+03,1.000000000000000000e+03
1.000000000000000000e+03,1.000000000000000000e+03

1.783000000000000000e+03,2.811700000000000000e+04
1.000000000000000000e+03,1.000000000000000000e+03
1.000000000000000000e+03,1.000000000000000000e+03
1.000000000000000000e+03,1.000000000000000000e+03
1.000000000000000000e+03,1.000000000000000000e+03
1.000000000000000000e+03,1.000000000000000000e+03

1.784000000000000000e+03,2.821600000000000000e+04
1.000000000000000000e+03,1.000000000000000000e+03
1.000000000000000000e+03,1.000000000000000000e+03
1.000000000000000000e+03,1.000000000000000000e+03
1.000000000000000000e+03,1.000000000000000000e+03
1.000000000000000000e+03,1.000000000000000000e+03

1.784000000000000000e+03,2.831600000000000000e+04
1.000000000000000000e+03,1.000000000000000000e+03
1.000000000000000000e+03,1.000000000000000000e+03
1.000000000000000000e+03,1.000000000000000000e+03
1.000000000000000000e+03,1.000000000000000000e+03
1.000000000000000000e+03,1.000000000000000000e+03

1.785000000000000000e+03,2.841500000000000000e+04
1.000000000000000000e+03,1.000000000000000000e+03
1.000000000000000000e+03,1.000000000000000000e+03
1.000000000000000000e+03,1.000000000000000000e+03
1.000000000000000000e+03,1.000000000000000000e+03
1.000000000000000000e+03,1.000000000000000000e+03

1.786000000000000000e+03,2.851400000000000000e+04
1.000000000000000000e+03,1.000000000000000000e+03
1.000000000000000000e+03,1.000000000000000000e+03
1.000000000000000000e+03,1.000000000000000000e+03
1.000000000000000000e+03,1.000000000000000000e+03
1.000000000000000000e+03,1.000000000000000000e+03

1.787000000000000000e+03,2.861300000000000000e+04
1.000000000000000000e+03,1.000000000000000000e+03
1.000000000000000000e+03,1.000000000000000000e+03
1.000000000000000000e+03,1.000000000000000000e+03
1.000000000000000000e+03,1.000000000000000000e+03
1.000000000000000000e+03,1.000000000000000000e+03

1.788000000000000000e+03,2.871200000000000000e+04
1.000000000000000000e+03,1.000000000000000000e+03
1.000000000000000000e+03,1.000000000000000000e+03
1.000000000000000000e+03,1.000000000000000000e+03
1.000000000000000000e+03,1.000000000000000000e+03
1.000000000000000000e+03,1.000000000000000000e+03

1.789000000000000000e+03,2.881100000000000000e+04
1.000000000000000000e+03,1.000000000000000000e+03
1.000000000000000000e+03,1.000000000000000000e+03
1.000000000000000000e+03,1.000000000000000000e+03
1.000000000000000000e+03,1.000000000000000000e+03
1.000000000000000000e+03,1.000000000000000000e+03

1.790000000000000000e+03,2.891000000000000000e+04
1.000000000000000000e+03,1.000000000000000000e+03
1.000000000000000000e+03,1.000000000000000000e+03
1.000000000000000000e+03,1.000000000000000000e+03
1.000000000000000000e+03,1.000000000000000000e+03
1.000000000000000000e+03,1.000000000000000000e+03

1.791000000000000000e+03,2.900900000000000000e+04
1.000000000000000000e+03,1.000000000000000000e+03
1.000000000000000000e+03,1.000000000000000000e+03
1.000000000000000000e+03,1.000000000000000000e+03
1.000000000000000000e+03,1.000000000000000000e+03
1.000000000000000000e+03,1.000000000000000000e+03

1.792000000000000000e+03,2.910800000000000000e+04
1.000000000000000000e+03,1.000000000000000000e+03
1.000000000000000000e+03,1.000000000000000000e+03
1.000000000000000000e+03,1.000000000000000000e+03
1.000000000000000000e+03,1.000000000000000000e+03
1.000000000000000000e+03,1.000000000000000000e+03

1.793000000000000000e+03,2.920700000000000000e+04
1.000000000000000000e+03,1.000000000000000000e+03
1.000000000000000000e+03,1.000000000000000000e+03
1.000000000000000000e+03,1.000000000000000000e+03
1.000000000000000000e+03,1.000000000000000000e+03
1.000000000000000000e+03,1.000000000000000000e+03

1.794000000000000000e+03,2.930600000000000000e+04
1.000000000000000000e+03,1.000000000000000000e+03
1.000000000000000000e+03,1.000000000000000000e+03
1.000000000000000000e+03,1.000000000000000000e+03
1.000000000000000000e+03,1.000000000000000000e+03
1.000000000000000000e+03,1.000000000000000000e+03

1.795000000000000000e+03,2.940500000000000000e+04
1.000000000000000000e+03,1.000000000000000000e+03
1.000000000000000000e+03,1.000000000000000000e+03
1.000000000000000000e+03,1.000000000000000000e+03
1.000000000000000000e+03,1.000000000000000000e+03
1.000000000000000000e+03,1.000000000000000000e+03

1.795000000000000000e+03,2.950500000000000000e+04
1.000000000000000000e+03,1.000000000000000000e+03
1.000000000000000000e+03,1.000000000000000000e+03
1.000000000000000000e+03,1.000000000000000000e+03
1.000000000000000000e+03,1.000000000000000000e+03
1.000000000000000000e+03,1.000000000000000000e+03

1.795000000000000000e+03,2.960500000000000000e+04
1.000000000000000000e+03,1.000000000000000000e+03
1.000000000000000000e+03,1.000000000000000000e+03
1.000000000000000000e+03,1.000000000000000000e+03
1.000000000000000000e+03,1.000000000000000000e+03
1.000000000000000000e+03,1.000000000000000000e+03

1.796000000000000000e+03,2.970400000000000000e+04
1.000000000000000000e+03,1.000000000000000000e+03
1.000000000000000000e+03,1.000000000000000000e+03
1.000000000000000000e+03,1.000000000000000000e+03
1.000000000000000000e+03,1.000000000000000000e+03
1.000000000000000000e+03,1.000000000000000000e+03

1.796000000000000000e+03,2.980400000000000000e+04
1.000000000000000000e+03,1.000000000000000000e+03
1.000000000000000000e+03,1.000000000000000000e+03
1.000000000000000000e+03,1.000000000000000000e+03
1.000000000000000000e+03,1.000000000000000000e+03
1.000000000000000000e+03,1.000000000000000000e+03

1.796000000000000000e+03,2.990400000000000000e+04
1.000000000000000000e+03,1.000000000000000000e+03
1.000000000000000000e+03,1.000000000000000000e+03
1.000000000000000000e+03,1.000000000000000000e+03
1.000000000000000000e+03,1.000000000000000000e+03
1.000000000000000000e+03,1.000000000000000000e+03

1.797000000000000000e+03,3.000300000000000000e+04
1.000000000000000000e+03,1.000000000000000000e+03
1.000000000000000000e+03,1.000000000000000000e+03
1.000000000000000000e+03,1.000000000000000000e+03
1.000000000000000000e+03,1.000000000000000000e+03
1.000000000000000000e+03,1.000000000000000000e+03

1.798000000000000000e+03,3.010200000000000000e+04
1.000000000000000000e+03,1.000000000000000000e+03
1.000000000000000000e+03,1.000000000000000000e+03
1.000000000000000000e+03,1.000000000000000000e+03
1.000000000000000000e+03,1.000000000000000000e+03
1.000000000000000000e+03,1.000000000000000000e+03

1.798000000000000000e+03,3.020200000000000000e+04
1.000000000000000000e+03,1.000000000000000000e+03
1.000000000000000000e+03,1.000000000000000000e+03
1.000000000000000000e+03,1.000000000000000000e+03
1.000000000000000000e+03,1.000000000000000000e+03
1.000000000000000000e+03,1.000000000000000000e+03

1.798000000000000000e+03,3.030200000000000000e+04
1.000000000000000000e+03,1.000000000000000000e+03
1.000000000000000000e+03,1.000000000000000000e+03
1.000000000000000000e+03,1.000000000000000000e+03
1.000000000000000000e+03,1.000000000000000000e+03
1.000000000000000000e+03,1.000000000000000000e+03

1.799000000000000000e+03,3.040100000000000000e+04
1.000000000000000000e+03,1.000000000000000000e+03
1.000000000000000000e+03,1.000000000000000000e+03
1.000000000000000000e+03,1.000000000000000000e+03
1.000000000000000000e+03,1.000000000000000000e+03
1.000000000000000000e+03,1.000000000000000000e+03

1.799000000000000000e+03,3.050100000000000000e+04
1.000000000000000000e+03,1.000000000000000000e+03
1.000000000000000000e+03,1.000000000000000000e+03
1.000000000000000000e+03,1.000000000000000000e+03
1.000000000000000000e+03,1.000000000000000000e+03
1.000000000000000000e+03,1.000000000000000000e+03

