1.200000000000000000e+01 8.549572810448833025e+02
5.500000000000000000e+01 3.790027686753048783e+02
9.800000000000000000e+01 2.644887679711614510e+02
1.001000000000000000e+03 8.872627821243568746e+01
1.044000000000000000e+03 8.664195666886490699e+01
1.087000000000000000e+03 8.514430026527080031e+01
2.033000000000000000e+03 6.386529609026705856e+01
2.076000000000000000e+03 6.328164246138295113e+01
3.022000000000000000e+03 5.278792748676780633e+01
3.065000000000000000e+03 5.249422568072085937e+01
4.011000000000000000e+03 4.634204157983180039e+01
4.054000000000000000e+03 4.615988773029619097e+01
4.097000000000000000e+03 4.600517759475049928e+01
5.000000000000000000e+03 4.159935377491306241e+01
5.043000000000000000e+03 4.146188790356321618e+01
5.086000000000000000e+03 4.131720691058787764e+01
6.032000000000000000e+03 3.822331277038185249e+01
6.075000000000000000e+03 3.807529088428718467e+01
7.021000000000000000e+03 3.567445841226796688e+01
7.064000000000000000e+03 3.555796471855164498e+01
8.010000000000000000e+03 3.354592666626636799e+01
8.053000000000000000e+03 3.347272509961771902e+01
8.096000000000000000e+03 3.335867536225973851e+01
9.042000000000000000e+03 3.161175023641277448e+01
9.085000000000000000e+03 3.156322708799419985e+01
