10000 266.91376383373716
20000 222.36825614389866
30000 189.93000364187614
40000 174.54101875698478
50000 157.06791602360187
60000 142.84682546666966
70000 135.43273563232867
80000 128.65414294759162
90000 123.51281736891353
100000 118.2234565421835
110000 113.22326511806541
120000 109.39034092190273
130000 106.0558603255853
140000 102.3970734756671
150000 98.7005071782618
160000 96.195843915674
170000 93.61414198998304
180000 89.71967715812944
190000 87.15292064070965
200000 84.70181553045838
210000 83.00551711067936
220000 81.94259455696888
230000 80.3467497087235
240000 78.1999625864892
250000 76.72262636184726
260000 75.4122232101304
270000 74.15369996935175
280000 72.80874105620445
290000 71.6246800361513
300000 70.09996666163032
310000 69.33096167922251
320000 68.45320426995627
330000 67.34602167982153
340000 66.38258339621466
350000 65.77463877385968
360000 64.67040225886505
370000 64.23093286632627
380000 63.37142205513984
390000 62.69472023755804
400000 62.10904477211316
410000 61.31997556973229
420000 60.709396454491184
430000 60.20265488904571
440000 59.68082074670422
450000 58.90214374294128
460000 58.16745680818217
470000 57.29469455475734
480000 56.61240173094119
490000 56.11715091083808
500000 55.43868297915399
510000 55.11481814444889
520000 54.65697171784841
530000 54.09151312794651
540000 53.62934736514564
550000 53.12205721087001
560000 52.65962154729169
570000 52.181004946133584
580000 51.850211099644454
590000 51.43318818143854
600000 51.09376914393442
610000 50.88184619265314
620000 50.628549351509044
630000 50.348755494388875
640000 49.96923233159793
650000 49.729608468732614
660000 49.47669818357883
670000 49.13390026917696
680000 48.87979603303041
690000 48.63261874024518
700000 48.24370190656222
710000 47.933106439790116
720000 47.706226906660056
730000 47.23585107160059
740000 46.93195968078421
750000 46.4878578146891
760000 46.21570720125696
770000 45.99866868515517
780000 45.759549780913154
790000 45.53844337257021
800000 45.28126349080043
810000 45.019200290787175
820000 44.81363757380891
830000 44.56566282269856
840000 44.36027033520319
850000 44.10698383557358
860000 43.86560414335532
870000 43.65542235867674
880000 43.44252965051344
890000 43.17635604453152
900000 42.94432914235706
910000 42.737455291936485
920000 42.43361235552955
930000 42.21177176580764
940000 41.90333385540861
950000 41.71503712586783
960000 41.473464230790434
970000 41.33391517356568
980000 41.147409556823476
990000 40.947640890111224
1000000 40.79992263306639
1010000 40.58681332873398
1020000 40.44362123841039
1030000 40.11313165222025
1040000 39.926597549607195
1050000 39.74672035718326
1060000 39.528243230913056
1070000 39.304339508123086
1080000 39.093456157293154
1090000 38.93840167659777
1100000 38.71351260499563
1110000 38.534483317336196
1120000 38.38692220375057
1130000 38.19112812480185
1140000 38.08536386228276
1150000 37.9131046613769
1160000 37.74826586586906
1170000 37.57612851472728
1180000 37.5099957996833
1190000 37.408023513164665
1200000 37.29978719094956
1210000 37.19864160842222
1220000 37.11845576261463
1230000 37.01958697918675
1240000 36.868680374817814
1250000 36.75042772814202
1260000 36.59296886935869
1270000 36.430156087234685
1280000 36.300149851392966
1290000 36.17908384282665
1300000 36.118046324404034
1310000 35.87968849805854
1320000 35.76714467164128
1330000 35.653292241839836
1340000 35.522180220606586
1350000 35.449156017702734
1360000 35.34470573434323
1370000 35.265495521089655
1380000 35.11612312278255
1390000 34.98685799507904
1400000 34.884300154729154
1410000 34.80939037176268
1420000 34.70383780282985
1430000 34.582775052684156
1440000 34.474921953354134
1450000 34.356419832133305
1460000 34.26359714434367
1470000 34.10562108641107
1480000 33.981747766901734
1490000 33.892505041991775
1500000 33.81067259318187
1510000 33.724118109561786
1520000 33.62393809093746
1530000 33.52682746114366
1540000 33.436713625847155
1550000 33.348888364094165
1560000 33.272587833227874
1570000 33.167466711725574
1580000 33.04292734452052
1590000 32.929823999478614
1600000 32.80437503700987
1610000 32.74574604956081
1620000 32.667600591506094
1630000 32.5626112569691
1640000 32.45431805512208
1650000 32.38203518948155
1660000 32.259809833042226
1670000 32.15060507459104
1680000 32.08648375176557
1690000 32.010262843929006
1700000 31.89566147483182
1710000 31.81570957566023
1720000 31.74149749786343
1730000 31.657985603162192
1740000 31.574133988371024
1750000 31.482132840187475
1760000 31.405048547364583
1770000 31.318659192779958
1780000 31.24635110769883
1790000 31.122923072564767
1800000 31.052224539239173
1810000 30.961060678996333
1820000 30.888980236278414
1830000 30.844276659639267
1840000 30.766610097564023
1850000 30.712818638886077
1860000 30.61211635023316
1870000 30.494245884189674
1880000 30.40091121776
1890000 30.35115977942998
1900000 30.2890793237535
1910000 30.205644310945402
1920000 30.103700953736926
1930000 30.039429558346605
1940000 29.98906961015757
1950000 29.911479023934625
1960000 29.861428743068313
1970000 29.78550548452817
1980000 29.699700683733507
1990000 29.62776210722197
2000000 29.5720190811506
2010000 29.502827438341615
2020000 29.47081971287946
2030000 29.420508793321375
2040000 29.366936654442448
2050000 29.297716189424335
2060000 29.206772254825296
2070000 29.140618711883107
2080000 29.07581556420781
2090000 29.020670293922326
2100000 28.962806419460225
2110000 28.910973314407595
2120000 28.86576206793375
2130000 28.803173974490942
2140000 28.738087224345605
2150000 28.660592544656968
2160000 28.585392839001166
2170000 28.493759012501844
2180000 28.40938410517774
2190000 28.381779546589193
2200000 28.31657314276229
2210000 28.256239815077397
2220000 28.196477187275182
2230000 28.154347945995813
2240000 28.07927688009598
2250000 28.009301166233055
2260000 27.979947538900618
2270000 27.94224858747413
2280000 27.908245715382122
2290000 27.837720975866258
2300000 27.787514357985696
2310000 27.750363472648367
2320000 27.70612179456128
2330000 27.668051094350457
2340000 27.585724672903794
2350000 27.51339559197421
2360000 27.451074094467536
2370000 27.410942422349468
2380000 27.370292142048054
2390000 27.302585121783093
2400000 27.271182525992977
2410000 27.229290160759497
2420000 27.193225829033864
2430000 27.142527009866676
2440000 27.11979720407493
2450000 27.063760458152757
2460000 27.023233275873302
2470000 26.971538436803733
2480000 26.929317935204516
2490000 26.88153235398807
2500000 26.81400090079314
2510000 26.782316790838934
2520000 26.729121103451536
2530000 26.669563650252336
2540000 26.598799665031986
2550000 26.568552276195476
2560000 26.519549584344386
2570000 26.47645272675225
2580000 26.4220677944955
2590000 26.373757437893577
2600000 26.326666006795453
2610000 26.294204005499033
2620000 26.237851658984948
2630000 26.21225274493917
2640000 26.180501023047462
2650000 26.13478773820179
2660000 26.0744965410121
2670000 26.035328689482007
2680000 25.992266379249063
2690000 25.953916924758897
2700000 25.92694334180707
2710000 25.88575175101052
2720000 25.85085068307533
2730000 25.801438087622824
2740000 25.758503767217636
2750000 25.729836529363656
2760000 25.683799575318954
2770000 25.64395814023197
2780000 25.593193270401038
2790000 25.556570088724197
2800000 25.518340715572016
2810000 25.474759339701993
2820000 25.44047293747398
2830000 25.379141211085265
2840000 25.33562685491441
2850000 25.293135306924007
2860000 25.247389796583295
2870000 25.201780997828344
2880000 25.13619080502205
2890000 25.089510392229673
2900000 25.056018030404168
2910000 25.02814866947056
2920000 24.990197397325563
2930000 24.945923274464715
2940000 24.909643378181173
2950000 24.872539759142484
2960000 24.831768644076327
2970000 24.796373724400535
2980000 24.749143661891935
2990000 24.704861546795424
3000000 24.650445858751258
3010000 24.62548897191053
3020000 24.58397203924145
3030000 24.542860957511493
3040000 24.511141617773998
3050000 24.480805145458568
3060000 24.44418935747663
3070000 24.41428678320902
3080000 24.383025151660547
3090000 24.33338417035215
3100000 24.29820304759477
3110000 24.265721379732458
3120000 24.236380650194853
3130000 24.213560781440055
3140000 24.170862686240945
3150000 24.116776705721037
3160000 24.09338773760494
3170000 24.059087619740826
3180000 24.01632367989284
3190000 23.997919021781183
3200000 23.948504025178554
3210000 23.910269289528834
3220000 23.869331522335802
3230000 23.843667441968584
3240000 23.80240605565092
3250000 23.780618442921625
3260000 23.74094636881917
3270000 23.70129497103051
3280000 23.657508535817634
3290000 23.633600601221364
3300000 23.602499646453122
3310000 23.558645540331398
3320000 23.51878856354164
3330000 23.473291273695352
3340000 23.447275166220752
3350000 23.418516695768766
3360000 23.393956936020285
3370000 23.346954963069674
3380000 23.30140820132872
3390000 23.256828357743952
3400000 23.237026974951007
3410000 23.181494598504884
3420000 23.132838552593785
3430000 23.103822780761657
3440000 23.08521376605905
3450000 23.044169092208538
3460000 23.010828318347688
3470000 22.976497430785336
3480000 22.949488609085396
3490000 22.925005418235884
3500000 22.90931732203547
3510000 22.88726851114886
3520000 22.86000482305179
3530000 22.838497817234806
3540000 22.80001686566595
3550000 22.773823039129663
3560000 22.750601851514958
3570000 22.71264626085777
3580000 22.69376114372128
3590000 22.66901295846203
3600000 22.639476519192616
3610000 22.610464514698013
3620000 22.590653087420165
3630000 22.568511742079806
3640000 22.529611746965934
3650000 22.499520851239335
3660000 22.469906104856754
3670000 22.4398733935496
3680000 22.41406006023046
3690000 22.37288457489337
3700000 22.334270030634187
3710000 22.31428187437891
3720000 22.280152564430573
3730000 22.258250852640376
3740000 22.226769855662308
3750000 22.201225267382664
3760000 22.184467503538595
3770000 22.165206146348584
3780000 22.13105572329357
3790000 22.11323546900637
3800000 22.092298662585097
3810000 22.06961673587796
3820000 22.049003505880133
3830000 22.00920077390421
3840000 21.97316464041634
3850000 21.946934539712124
3860000 21.92020719017653
3870000 21.88987452168504
3880000 21.86047939102536
3890000 21.836316260485223
3900000 21.800342661869205
3910000 21.78115970952665
3920000 21.760400425512543
3930000 21.74198218424143
3940000 21.707473686498457
3950000 21.688490063024652
3960000 21.671739263446977
3970000 21.64680617892025
3980000 21.61933439092168
3990000 21.588557775781258
4000000 21.56340660384782
4010000 21.529860430806817
4020000 21.509797497153148
4030000 21.479135478795445
4040000 21.44815656520675
4050000 21.43137967326791
4060000 21.410252824965223
4070000 21.368723845241103
4080000 21.353131802241684
4090000 21.31968682431888
4100000 21.295403159532082
4110000 21.263945632662416
4120000 21.248271690699497
4130000 21.223720016527665
4140000 21.20121369515483
4150000 21.17521846151745
4160000 21.14951845876202
4170000 21.12532214807459
4180000 21.112022664892105
4190000 21.093386388669842
4200000 21.06797097971787
4210000 21.057833752404505
4220000 21.03835205050249
4230000 21.005265792667437
4240000 20.987892676515905
4250000 20.95989293358766
4260000 20.94153972041153
4270000 20.918883813503378
4280000 20.896900343867234
4290000 20.879153889764915
4300000 20.86134852048375
4310000 20.84349461571532
4320000 20.813231892930865
4330000 20.79943035193399
4340000 20.77776660633064
4350000 20.764074946990636
4360000 20.73693154735109
4370000 20.717397280166555
4380000 20.69366082246087
4390000 20.68201091828132
4400000 20.670328722682317
4410000 20.640453189323722
4420000 20.61383962282481
4430000 20.59826713745509
4440000 20.577524670153306
4450000 20.553860186359906
4460000 20.531489536428563
4470000 20.508883544843986
4480000 20.486614883981925
4490000 20.46790088188932
4500000 20.452756562783325
4510000 20.436111556227136
4520000 20.40606731695243
4530000 20.37450401254649
4540000 20.35421074190468
4550000 20.33345535304776
4560000 20.304837467424097
4570000 20.292491170740142
4580000 20.275705772549014
4590000 20.25985586812818
4600000 20.238663284471436
4610000 20.21843067109728
4620000 20.194535393938295
4630000 20.175972394876826
4640000 20.145438927731604
4650000 20.136396503486793
4660000 20.113475750037143
4670000 20.095886454806475
4680000 20.081164933390045
4690000 20.062678846989247
4700000 20.031160482260045
4710000 20.017804273562795
4720000 19.998404952653857
4730000 19.982446251674858
4740000 19.97404347483774
4750000 19.952567804593222
4760000 19.927828185064495
4770000 19.913259992747808
4780000 19.897452930165777
4790000 19.87211955511445
4800000 19.857714534194272
4810000 19.83289206683779
4820000 19.811009723829013
4830000 19.791375168590868
4840000 19.779281015938654
4850000 19.75945546143255
4860000 19.742031418386816
4870000 19.723763060915672
4880000 19.711233859972896
4890000 19.691820944970292
4900000 19.67829629943289
4910000 19.657070796270922
4920000 19.6291933999305
4930000 19.603677823730752
4940000 19.581291020769182
4950000 19.568686918293654
4960000 19.54573494377612
4970000 19.53171936863843
4980000 19.516267797716903
4990000 19.504443146859902
5000000 19.490876212463377
5010000 19.46664500783476
5020000 19.44814523576258
5030000 19.434664420460297
5040000 19.419857413310517
5050000 19.401980158017103
5060000 19.38626609461096
5070000 19.368711579578164
5080000 19.35717783655626
5090000 19.32476124029254
5100000 19.308891049387906
5110000 19.289277817403647
5120000 19.279922914803652
5130000 19.265598738022327
5140000 19.254416278814872
5150000 19.236790026309432
5160000 19.222395358289074
5170000 19.212156059950313
5180000 19.187590244316386
5190000 19.170812196756657
5200000 19.152961646527462
5210000 19.13968837959305
5220000 19.127919638332454
5230000 19.117030938199626
5240000 19.100717901739472
5250000 19.082166182677643
5260000 19.063643438761886
5270000 19.04260772532318
5280000 19.02974485883009
5290000 19.011844652934816
5300000 19.00302409981392
5310000 18.99089401932881
5320000 18.97556532131744
5330000 18.959838142928632
5340000 18.948167629512696
5350000 18.932343053404065
5360000 18.924342606965993
5370000 18.910264269320162
5380000 18.893822231227908
5390000 18.8797476156274
5400000 18.86243904994782
5410000 18.84194392045177
5420000 18.829847153282802
5430000 18.807461264896663
5440000 18.796067992644396
5450000 18.781652101850685
5460000 18.765097949014244
5470000 18.74795725558314
5480000 18.739116348747483
5490000 18.716540077142437
5500000 18.70626228795287
5510000 18.69367040445222
5520000 18.681101207760854
5530000 18.671009685297957
5540000 18.655885817376245
5550000 18.631686388904225
5560000 18.61351948636047
5570000 18.601839247890105
5580000 18.58773427692417
5590000 18.566396110279058
5600000 18.553262674393146
5610000 18.538563046558053
5620000 18.525405088375425
5630000 18.51722244276699
5640000 18.502657924164765
5650000 18.49148077227286
5660000 18.466858185575422
5670000 18.4583065558884
5680000 18.442500912157684
5690000 18.427866999302026
5700000 18.413941657204166
5710000 18.391675351125954
5720000 18.374974375626408
5730000 18.36537047824564
5740000 18.353208109655426
5750000 18.3360398141892
5760000 18.315226664549677
5770000 18.30479393498345
5780000 18.294542804247918
5790000 18.280726414595776
5800000 18.26840672309144
5810000 18.248829303345033
5820000 18.237714681695433
5830000 18.21871282745955
5840000 18.20861073563179
5850000 18.192014852552635
5860000 18.175020951750408
5870000 18.157089307887013
5880000 18.146872932666152
5890000 18.126261167103905
5900000 18.114326169171022
5910000 18.09215598567712
5920000 18.070713203797883
5930000 18.058076154491772
5940000 18.051429659515733
5950000 18.03386388136018
5960000 18.016223080692146
5970000 18.006811929797955
5980000 17.98680256803069
5990000 17.97271944039806
6000000 17.955002014427816
6010000 17.93992006231811
6020000 17.918770511796144
6030000 17.90944985721123
6040000 17.90327708528206
6050000 17.890862857967964
6060000 17.8803022936159
6070000 17.867292263235214
6080000 17.859978484836315
6090000 17.848366596045825
6100000 17.823293242428033
6110000 17.814808903730984
6120000 17.800126154512522
6130000 17.792839864806822
6140000 17.77339207895416
6150000 17.758421210016273
6160000 17.740205035273917
6170000 17.72709853605043
6180000 17.714987168603823
6190000 17.706191664902235
6200000 17.68993670240834
6210000 17.67718385780951
6220000 17.660716704206248
6230000 17.64079229893897
6240000 17.632663445529662
6250000 17.622511923025513
6260000 17.60393399873371
6270000 17.589885579505427
6280000 17.578379879408807
6290000 17.568293125443805
6300000 17.556756756301056
6310000 17.5434800099931
6320000 17.520608313423274
6330000 17.50496610659618
6340000 17.491785675160536
6350000 17.47977923095732
6360000 17.46979362571476
6370000 17.463319671528946
6380000 17.450880197125873
6390000 17.43644796631923
6400000 17.426209514071083
6410000 17.41467123943055
6420000 17.400514624554518
6430000 17.389967011940783
6440000 17.385720240694443
6450000 17.37082986419829
6460000 17.35980825294873
6470000 17.352255744445102
6480000 17.340364926175653
6490000 17.32907166326859
6500000 17.310296716057543
6510000 17.297938913353992
6520000 17.28250331431412
6530000 17.276640344874263
6540000 17.26378344328773
6550000 17.255626410233145
6560000 17.24829664704761
6570000 17.232595812516447
6580000 17.218424206913145
6590000 17.20020312985708
6600000 17.18978309219428
6610000 17.176581805029198
6620000 17.16708179190229
6630000 17.15373562136586
6640000 17.14576722895466
6650000 17.129534670312406
6660000 17.11121971157969
6670000 17.093463537780767
6680000 17.079436339766
6690000 17.070843236910296
6700000 17.05997081387751
6710000 17.049913577936668
6720000 17.031366790334303
6730000 17.021928202696987
6740000 17.01235535184141
6750000 16.99953095405539
6760000 16.98214176706513
6770000 16.97177401633579
6780000 16.964137847195538
6790000 16.957154273989072
6800000 16.946603758417808
6810000 16.935911298694396
6820000 16.9264647552854
6830000 16.91668625002173
6840000 16.90805433755671
6850000 16.90143929568531
6860000 16.893370334585395
6870000 16.88768356898076
6880000 16.87801535208449
6890000 16.867898236484002
6900000 16.863409582996997
6910000 16.85196646079567
6920000 16.842736232861125
6930000 16.824299908116448
6940000 16.811216492486516
6950000 16.796314898533062
6960000 16.786031040754672
6970000 16.772660044614984
6980000 16.7607286346894
6990000 16.743861391693137
7000000 16.731826136560066
7010000 16.71983279070473
7020000 16.71080526307408
7030000 16.7032365360871
7040000 16.68876376639312
7050000 16.675928061151836
7060000 16.664889601279523
7070000 16.65487762261895
7080000 16.639458465299597
7090000 16.631613442526792
7100000 16.621811042030103
7110000 16.609410423295824
7120000 16.589381057886637
7130000 16.578593856875212
7140000 16.569731576482976
7150000 16.551918086556665
7160000 16.541103831445813
7170000 16.5256009157516
7180000 16.517458705013865
7190000 16.505926906897006
7200000 16.49571694297069
7210000 16.48669108229935
7220000 16.47651009993562
7230000 16.467259755085777
7240000 16.461997653879834
7250000 16.453779007570972
7260000 16.447133186482638
7270000 16.43697556590105
7280000 16.42792992178448
7290000 16.41361854366269
7300000 16.403582515705196
7310000 16.39068583249837
7320000 16.385719530773276
7330000 16.37402616960624
7340000 16.36157405777665
7350000 16.35057828875626
7360000 16.334613468905673
7370000 16.32385974972223
7380000 16.316229090421487
7390000 16.30054678040182
7400000 16.290784806089892
7410000 16.277788433944057
7420000 16.269167115940256
7430000 16.25791228731203
7440000 16.244464233918585
7450000 16.236286177935554
7460000 16.228201135172874
7470000 16.218916686365905
7480000 16.208012184361102
7490000 16.19842756094376
7500000 16.18918264530838
7510000 16.180974068519866
7520000 16.16919093762513
7530000 16.160450425477478
7540000 16.153424271082944
7550000 16.14338578662129
7560000 16.134485859730916
7570000 16.127513562821882
7580000 16.1209239539171
7590000 16.113688865754796
7600000 16.109707874103503
7610000 16.09974861220042
7620000 16.09307853894503
7630000 16.080565958790785
7640000 16.05875689559715
7650000 16.049869599127373
7660000 16.040544037979334
7670000 16.031846184293123
7680000 16.027456256739956
7690000 16.014422270640694
7700000 16.005230648186487
7710000 15.996231817922757
7720000 15.985508955813312
7730000 15.978373161795849
7740000 15.968267418838444
7750000 15.956563271057249
7760000 15.944951684410956
7770000 15.935916990509151
7780000 15.926486151215325
7790000 15.918563497737516
7800000 15.90985548184611
7810000 15.899559077293913
7820000 15.89397505152017
7830000 15.887516484165827
7840000 15.87881576904551
7850000 15.869253267513251
7860000 15.856377698215114
7870000 15.845442258940368
7880000 15.836294606868593
7890000 15.830416479108807
7900000 15.82609303135855
7910000 15.81769455624925
7920000 15.807117653843086
7930000 15.798624540538583
7940000 15.787626510851709
7950000 15.78118699280863
7960000 15.77441980489952
7970000 15.765671117457247
7980000 15.758748625184916
7990000 15.751484487439209
8000000 15.744563686715592
8010000 15.734136507926111
8020000 15.726201390767777
8030000 15.719702922040451
8040000 15.705607570113843
8050000 15.689913187082862
8060000 15.682012510017088
8070000 15.671937508186824
8080000 15.663824110510548
8090000 15.660111592764185
8100000 15.649958414545258
8110000 15.63975405122982
8120000 15.633621401714034
8130000 15.624807858220533
8140000 15.616208368327642
8150000 15.608178014812506
8160000 15.592195245616175
8170000 15.585239181164383
8180000 15.575195306384034
8190000 15.564574202438049
8200000 15.558170134737138
8210000 15.550524679631698
8220000 15.533905776176551
8230000 15.51977621142825
8240000 15.51287186474866
8250000 15.509940148610118
8260000 15.50483718246332
8270000 15.497803274619338
8280000 15.490403646680882
8290000 15.478939933078637
8300000 15.468980399697184
8310000 15.458473471219675
8320000 15.446244698094047
8330000 15.437678812079621
8340000 15.428012624168074
8350000 15.425145442550669
8360000 15.41729753873629
8370000 15.41360232292047
8380000 15.411357471527142
8390000 15.40541854538157
8400000 15.399362537000854
8410000 15.396705568207066
8420000 15.3854384479002
8430000 15.375331956198732
8440000 15.368328135045669
8450000 15.363414865642644
8460000 15.354391882888283
8470000 15.34531263484135
8480000 15.338056044208573
8490000 15.331225606925427
8500000 15.322546276749865
8510000 15.311508260000442
8520000 15.298334507552697
8530000 15.287620842637104
8540000 15.279432281911062
8550000 15.267046513958302
8560000 15.258827912766392
8570000 15.252949016030223
8580000 15.248167571518675
8590000 15.23851008572378
8600000 15.232209267124892
8610000 15.224988618341309
8620000 15.217183740032969
8630000 15.207303803410838
8640000 15.202196149144022
8650000 15.193359278801681
8660000 15.188321851397351
8670000 15.179597450219807
8680000 15.170985152555343
8690000 15.163452244941402
8700000 15.158135267709506
8710000 15.144710795448145
8720000 15.135581922190466
8730000 15.125664213433252
8740000 15.11643296895289
8750000 15.108293713642349
8760000 15.095605497257306
8770000 15.091159282872082
8780000 15.08878137115772
8790000 15.076455157849624
8800000 15.06988299223339
8810000 15.059412135901047
8820000 15.054364530455132
8830000 15.046720161437108
8840000 15.037990146593682
8850000 15.028313362397903
8860000 15.022716785822618
8870000 15.011755333338971
8880000 15.004707282071342
8890000 14.99814904225924
8900000 14.992012621392796
8910000 14.986716869286198
8920000 14.97923006351925
8930000 14.971303156526075
8940000 14.96350442589652
8950000 14.95641273450267
8960000 14.947469730790017
8970000 14.939625296374064
8980000 14.931480104047905
8990000 14.926606452205398
9000000 14.91764619785022
9010000 14.909071575705381
9020000 14.901291250466585
9030000 14.894281392996774
9040000 14.888010674244972
9050000 14.877732765254608
9060000 14.871476157738725
9070000 14.865962897118948
9080000 14.862807220975261
9090000 14.858700846486983
9100000 14.850346930772798
9110000 14.84071241173457
9120000 14.832099788319663
9130000 14.82432188658977
9140000 14.818613259930467
9150000 14.811961742048458
9160000 14.802734024720609
9170000 14.793703143468768
9180000 14.787184731666406
9190000 14.779289538484797
9200000 14.772744198440039
9210000 14.767277889103049
9220000 14.75527356453267
9230000 14.748931283705687
9240000 14.741109660566021
9250000 14.731912975129745
9260000 14.728114398455585
9270000 14.718642355338575
9280000 14.71326401986922
9290000 14.708682195853122
9300000 14.705952599451162
9310000 14.698782263757117
9320000 14.686843887947727
9330000 14.678318365208607
9340000 14.671719822798604
9350000 14.664873876900293
9360000 14.658964452275276
9370000 14.649080188735294
9380000 14.642495658218083
9390000 14.636161428781088
9400000 14.62907649282764
9410000 14.624499641369573
9420000 14.61980205391296
9430000 14.616897176738329
9440000 14.613209878215295
9450000 14.60794264792145
9460000 14.603083181031772
9470000 14.589578392839618
9480000 14.58081570885396
9490000 14.573810509481717
9500000 14.571863024558958
9510000 14.567492021419694
9520000 14.56022986281643
9530000 14.55479915833351
9540000 14.550336700109876
9550000 14.540139938707451
9560000 14.530931576883903
9570000 14.523883776259977
9580000 14.519076492194515
9590000 14.514375160823255
9600000 14.507909802569447
9610000 14.502872662972242
9620000 14.496495901145984
9630000 14.487906698511154
9640000 14.480313187185052
9650000 14.47082189329959
9660000 14.463585847145188
9670000 14.452958252921787
9680000 14.44898431322064
9690000 14.439995727961959
9700000 14.431938911205233
9710000 14.422846511115418
9720000 14.415910637405434
9730000 14.40929331723202
9740000 14.404299086550614
9750000 14.398118372693371
9760000 14.392409930601632
9770000 14.384812690050724
9780000 14.375096166131899
9790000 14.368547674925072
9800000 14.360438977711985
9810000 14.35569242522697
9820000 14.348797064808231
9830000 14.343411198914097
9840000 14.335207231071141
9850000 14.330874309700897
9860000 14.321620233389975
9870000 14.317805279705334
9880000 14.310076627168916
9890000 14.303480264054269
9900000 14.29572575751293
9910000 14.289923591980617
9920000 14.28708885830562
9930000 14.28205865884306
9940000 14.277101377622673
9950000 14.271331455946612
9960000 14.269396342556828
9970000 14.262570336093292
9980000 14.255611486057102
9990000 14.25154309536184
10000000 14.247440200855829
10010000 14.24083369341912
10020000 14.232396838905533
10030000 14.226156145325264
10040000 14.218357911288626
10050000 14.210869296782771
10060000 14.206077898869506
10070000 14.19813415140991
10080000 14.191190724328209
10090000 14.182870941474407
10100000 14.17387941156524
10110000 14.171196552625075
10120000 14.165244665388336
10130000 14.160857004563987
10140000 14.154596106002083
10150000 14.146294136963657
10160000 14.139724143110335
10170000 14.130847621481122
10180000 14.122285628871689
10190000 14.11378219805517
10200000 14.102883388997418
10210000 14.097675549661297
10220000 14.093212072439062
10230000 14.089595467878258
10240000 14.082459442769833
10250000 14.077249700980317
10260000 14.072938153591773
10270000 14.063481352316355
10280000 14.056360664522192
10290000 14.051105553956809
10300000 14.044587710825336
10310000 14.038611495196823
10320000 14.030282081971093
10330000 14.023561656034904
10340000 14.015705959639318
10350000 14.006293287582682
10360000 14.000150429614102
10370000 13.991964202439084
10380000 13.986630340358472
10390000 13.980866857226411
10400000 13.975686183345605
10410000 13.969204915395588
10420000 13.963855522468474
10430000 13.956869646841369
10440000 13.949472708132513
10450000 13.942708143994977
10460000 13.936299450068757
10470000 13.93247632162621
10480000 13.927135502712114
10490000 13.924455673272318
10500000 13.916870029002045
10510000 13.910301593288171
10520000 13.902552866657617
10530000 13.897408882780665
10540000 13.88972619174406
10550000 13.884317526924695
10560000 13.874817181534153
10570000 13.868592906222188
10580000 13.85963034396079
10590000 13.852582844455176
10600000 13.843568618411258
10610000 13.844790947323371
10620000 13.837432281415206
10630000 13.83179652395264
10640000 13.827099612458603
10650000 13.82186669887737
10660000 13.816595998538789
10670000 13.812311741155808
10680000 13.804091757788656
10690000 13.800979901254516
10700000 13.798527422703296
10710000 13.792587383025307
10720000 13.78781958607619
10730000 13.779914780093296
10740000 13.774525162806226
10750000 13.769383362213269
10760000 13.762992379280378
10770000 13.756949230752326
10780000 13.755396384927735
10790000 13.751137516724876
10800000 13.744703292141997
10810000 13.73729307422686
10820000 13.730888745319692
10830000 13.725356892644353
10840000 13.718910929498117
10850000 13.711722285283614
10860000 13.706645028828895
10870000 13.69727866708669
10880000 13.690036729639948
10890000 13.684380499698127
10900000 13.676160674615693
10910000 13.673716238551886
10920000 13.67105997544986
10930000 13.666778861623705
10940000 13.664185245810398
10950000 13.661479498247024
10960000 13.656329115419469
10970000 13.652080004815097
10980000 13.64784061577992
10990000 13.641004508812644
11000000 13.634145995328073
11010000 13.625656193763112
11020000 13.619915150313835
11030000 13.614502831912292
11040000 13.609665064708938
11050000 13.605516870718308
11060000 13.600158558938517
11070000 13.594955962022238
11080000 13.591845235653903
11090000 13.587308762155475
11100000 13.584156099770405
11110000 13.578650479735465
11120000 13.574652679547624
11130000 13.567811211554769
11140000 13.563369193573424
11150000 13.558876162092222
11160000 13.552570941808534
11170000 13.545601353076709
11180000 13.541467897777718
11190000 13.539716977832317
11200000 13.531447377660355
11210000 13.52289836287545
11220000 13.51660043762533
11230000 13.514360357867087
11240000 13.505741378893642
11250000 13.503384639164864
11260000 13.501599907124891
11270000 13.495191657994106
11280000 13.492093371753736
11290000 13.483453182012964
11300000 13.480124205494885
11310000 13.476088972787215
11320000 13.475351685390157
11330000 13.472734702663999
11340000 13.472231189946426
11350000 13.46779908091968
11360000 13.460927403438236
11370000 13.455692221319586
11380000 13.451354620078597
11390000 13.443384239734467
11400000 13.438817361386382
11410000 13.430847796012847
11420000 13.425526162982703
11430000 13.420329380606741
11440000 13.414237596527494
11450000 13.410328030992542
11460000 13.40622809664214
11470000 13.405226728812188
11480000 13.401395589429718
11490000 13.396356449712252
11500000 13.388493202989164
11510000 13.383802694046219
11520000 13.379120647529126
11530000 13.374606073468525
11540000 13.371489296377487
11550000 13.3678919867616
11560000 13.360000354461532
11570000 13.354820109106505
11580000 13.350265902280745
11590000 13.34444521537356
11600000 13.338858758752286
11610000 13.33417567260032
11620000 13.328605032671161
11630000 13.322665156785614
11640000 13.317709874546559
11650000 13.313178143486269
11660000 13.307840822162479
11670000 13.302482417985432
11680000 13.30051951676335
11690000 13.296018313541625
11700000 13.290251876037551
11710000 13.283041505649871
11720000 13.278524251325406
11730000 13.275951430101635
11740000 13.272899137200557
11750000 13.270718374099188
11760000 13.265974488113807
11770000 13.259775730120833
11780000 13.25408227084566
11790000 13.249101978453472
11800000 13.24373790377083
11810000 13.239276369622361
11820000 13.234149378362583
11830000 13.22815840801121
11840000 13.221118714354349
11850000 13.21544227187412
11860000 13.210605300412368
11870000 13.20488336042192
11880000 13.201475274612786
11890000 13.195396347236944
11900000 13.18869828738426
11910000 13.183088142784134
11920000 13.179933907594277
11930000 13.174193551037044
11940000 13.171962853958375
11950000 13.168031687479278
11960000 13.163138412753414
11970000 13.15976442868182
11980000 13.154469368996114
11990000 13.149551939220498
12000000 13.140960770177601
12010000 13.135886728716198
12020000 13.132214837385817
12030000 13.128034763979628
12040000 13.1231446607273
12050000 13.11954324447839
12060000 13.113633772689813
12070000 13.110070221336308
12080000 13.103835331994041
12090000 13.099673220790454
12100000 13.096243730296614
12110000 13.087935167657148
12120000 13.084293371477639
12130000 13.081400910642534
12140000 13.074719976757807
12150000 13.06898282820272
12160000 13.065339561873214
12170000 13.06214945179279
12180000 13.057305347994237
12190000 13.054290793209523
12200000 13.05281046773233
12210000 13.04833229801728
12220000 13.044484187855653
12230000 13.04100533878173
12240000 13.03619871951177
12250000 13.031357895964323
12260000 13.02624399287957
12270000 13.023429621969784
12280000 13.017715185041634
12290000 13.011796891353692
12300000 13.007858777696116
12310000 13.003173688528744
12320000 12.999933668019358
12330000 12.994441482342404
12340000 12.98907161850126
12350000 12.982668858517586
12360000 12.977315650359607
12370000 12.972943002105739
12380000 12.970554357688574
12390000 12.965237688587095
12400000 12.957540948059796
12410000 12.953335490889476
12420000 12.949362816072933
12430000 12.941791411242255
12440000 12.93987698279189
12450000 12.938627030569599
12460000 12.932522044646161
12470000 12.92818051604295
12480000 12.922480510588281
12490000 12.919752430990401
12500000 12.916436690441072
12510000 12.91102490493638
12520000 12.907200797618243
12530000 12.903259988335225
12540000 12.900180693563671
12550000 12.897706365298225
12560000 12.894012965733276
12570000 12.890332855117284
12580000 12.88745844803086
12590000 12.882010144596999
12600000 12.87648753038737
12610000 12.873597321078407
12620000 12.86766985934226
12630000 12.863439286739077
12640000 12.860986830537229
12650000 12.857611362847154
12660000 12.853624092268761
12670000 12.849550679925567
12680000 12.842666649018526
12690000 12.837516532580356
12700000 12.83196288147362
12710000 12.828319362907399
12720000 12.820760072115746
12730000 12.813863153639215
12740000 12.811783225815317
12750000 12.805692143369122
12760000 12.802275895709386
12770000 12.797644724320133
12780000 12.792835930348776
12790000 12.786864771731176
12800000 12.7800976953022
12810000 12.77485690663915
12820000 12.770846707322015
12830000 12.76680351945445
12840000 12.76354788488034
12850000 12.760109681962208
12860000 12.755243465504861
12870000 12.75040513514726
12880000 12.74713694947392
12890000 12.74229906516324
12900000 12.739253436451394
12910000 12.73553371038191
12920000 12.730999701065437
12930000 12.729208180609447
12940000 12.725894822363001
12950000 12.721462616762746
12960000 12.717368923380393
12970000 12.714810863681395
12980000 12.71139957638244
12990000 12.707206397111465
13000000 12.702494678616585
13010000 12.695375984042482
13020000 12.692510102673088
13030000 12.687673028414311
13040000 12.685675440218711
13050000 12.67806782669662
13060000 12.672156123795988
13070000 12.667730797315324
13080000 12.662293517993055
13090000 12.659243643705345
13100000 12.654127818261786
13110000 12.652146033737068
13120000 12.646597799372092
13130000 12.641933555033766
13140000 12.63737466088015
13150000 12.633734432521171
13160000 12.628298257111998
13170000 12.621927547610039
13180000 12.618365252772398
13190000 12.613660588687038
13200000 12.60988114833102
13210000 12.605068391129802
13220000 12.60269761807021
13230000 12.59792130137928
13240000 12.592025153445167
13250000 12.587083887659992
13260000 12.580354713461604
13270000 12.578744289043257
13280000 12.578523693918912
13290000 12.575906760304544
13300000 12.573191134558535
13310000 12.568853311043059
13320000 12.56571207740043
13330000 12.563040179323735
13340000 12.56018066276523
13350000 12.554091347347475
13360000 12.550442435091645
13370000 12.545549121150078
13380000 12.542959971232651
13390000 12.543487721012529
13400000 12.53667239072898
13410000 12.533560967227167
13420000 12.52837055881144
13430000 12.525127772370235
13440000 12.520063158682682
13450000 12.516760344045142
13460000 12.512437279950314
13470000 12.510056652321792
13480000 12.506732781980944
13490000 12.505417523799686
13500000 12.501068017662293
13510000 12.496721834134734
13520000 12.49496568218928
13530000 12.49059142798122
13540000 12.487866382718403
13550000 12.48462836375126
13560000 12.479688083458264
13570000 12.475899761577779
13580000 12.470213386427472
13590000 12.465845797452994
13600000 12.46002662639734
13610000 12.456630119266313
13620000 12.452779580969874
13630000 12.448939444368984
13640000 12.44539240833156
13650000 12.442981360730792
13660000 12.438821593921443
13670000 12.434785074720711
13680000 12.429797335367812
13690000 12.42345886575507
13700000 12.419415265412729
13710000 12.41657861911748
13720000 12.408451073826992
13730000 12.40362133448805
13740000 12.400711481559041
13750000 12.397780268778792
13760000 12.393061045571535
13770000 12.390135072255783
13780000 12.387752654833731
13790000 12.382683797684818
13800000 12.376765739216031
13810000 12.375813543950125
13820000 12.370725275323473
13830000 12.36740909105504
13840000 12.363966505133384
13850000 12.360909425953432
13860000 12.356589387010134
13870000 12.353015223135039
13880000 12.348680264763058
13890000 12.343269635107186
13900000 12.339095180122992
13910000 12.333178374562301
13920000 12.328044690374181
13930000 12.325202120262562
13940000 12.320959765171708
13950000 12.314977591410239
13960000 12.311796462138055
13970000 12.30609380869921
13980000 12.302098495695029
13990000 12.298328455024784
14000000 12.295835498235522
14010000 12.29106083429189
14020000 12.286707797644391
14030000 12.28505601525569
14040000 12.278160025091342
14050000 12.274784217334593
14060000 12.271664959307117
14070000 12.265915837184899
14080000 12.261218103807701
14090000 12.259164081389311
14100000 12.254707426952363
14110000 12.251478724237922
14120000 12.247282911549295
14130000 12.243677912418791
14140000 12.237034643969467
14150000 12.232801750140554
14160000 12.229549867929281
14170000 12.225794178107767
14180000 12.221569853087399
14190000 12.217745011921847
14200000 12.210913849187156
14210000 12.206400035032521
14220000 12.204358384325552
14230000 12.201968702568918
14240000 12.199714323630474
14250000 12.193147035271329
14260000 12.188977675617483
14270000 12.185211728395874
14280000 12.181258327201014
14290000 12.179025370953209
14300000 12.17640383777578
14310000 12.173865777958074
14320000 12.170795338186782
14330000 12.167099684313598
14340000 12.163442248282765
14350000 12.158967873333113
14360000 12.156108963448611
14370000 12.15440981192209
14380000 12.151936425903965
14390000 12.149936788526189
14400000 12.145445274628344
14410000 12.140921637157255
14420000 12.138874040156962
14430000 12.13450895559605
14440000 12.130916000418535
14450000 12.127168782331971
14460000 12.123437105299681
14470000 12.121124810510624
14480000 12.117141904661088
14490000 12.113945234504786
14500000 12.109828522505259
14510000 12.103920954703927
14520000 12.101670099191239
14530000 12.09787921778319
14540000 12.092950845538606
14550000 12.088573143123543
14560000 12.085337622797528
14570000 12.082502345135048
14580000 12.080080804768055
14590000 12.075430717685142
14600000 12.071283388859849
14610000 12.068703407516367
14620000 12.065547861155311
14630000 12.062101196422171
14640000 12.058336722096199
14650000 12.054057489333246
14660000 12.050805045190378
14670000 12.048399669630362
14680000 12.045152390405276
14690000 12.043043514417326
14700000 12.04086610444485
14710000 12.039339633936976
14720000 12.036165915175129
14730000 12.0323984110546
14740000 12.029937240731627
14750000 12.028392928650069
14760000 12.02540146917166
14770000 12.021883495370746
14780000 12.018559633491977
14790000 12.015549478333643
14800000 12.010526045325674
14810000 12.008748364706653
14820000 12.004455712454883
14830000 12.00264087605679
14840000 11.999450113861174
14850000 11.996181987765798
14860000 11.993243731780016
14870000 11.988186606566046
14880000 11.984753943904146
14890000 11.979559829453544
14900000 11.973923287659556
14910000 11.97053035381605
14920000 11.967070177761567
14930000 11.962333561940195
14940000 11.95869246721365
14950000 11.954917892676885
14960000 11.950469413352588
14970000 11.946179786135264
14980000 11.94269963917607
14990000 11.93914082867466
15000000 11.937355074818067
15010000 11.932908780284158
15020000 11.928895984314106
15030000 11.924441532595749
15040000 11.922214742572928
15050000 11.919986184608893
15060000 11.917667496589102
15070000 11.912643297547092
15080000 11.90741451317297
15090000 11.905025153476489
15100000 11.901881556558575
15110000 11.898013078940055
15120000 11.893147287014912
15130000 11.890925667465472
15140000 11.88590989624711
15150000 11.883010892036884
15160000 11.879801222465915
15170000 11.876121127961985
15180000 11.874133909207174
15190000 11.870924150056496
15200000 11.86580978322935
15210000 11.860958404558232
15220000 11.85735782627714
15230000 11.854492065435059
15240000 11.850480829087331
15250000 11.846666793355828
15260000 11.843326930332402
15270000 11.839612208544304
15280000 11.836415391556184
15290000 11.83302300714435
15300000 11.830642434924167
15310000 11.828003473599887
15320000 11.825941899695533
15330000 11.823225457847572
15340000 11.819247321881365
15350000 11.815203249602908
15360000 11.813401648440488
15370000 11.810807960267425
15380000 11.808328354577867
15390000 11.804426621498333
15400000 11.801263726053556
15410000 11.79821348274124
15420000 11.793892647913653
15430000 11.790426125792902
15440000 11.788243386686707
15450000 11.785478582213752
15460000 11.781855731828031
15470000 11.77932748187325
15480000 11.776456855797594
15490000 11.774389081351996
15500000 11.771723258930997
15510000 11.767751338602459
15520000 11.764390650188918
15530000 11.76149193178183
15540000 11.758164981382192
15550000 11.755451300105301
15560000 11.752986736787204
15570000 11.749503657200231
15580000 11.745396399633709
15590000 11.74245567470701
15600000 11.737962070918282
15610000 11.73272555744019
15620000 11.730442419679765
15630000 11.72827449357418
15640000 11.727451666682816
15650000 11.723289632574248
15660000 11.720092145381635
15670000 11.717587048991366
15680000 11.712538447026374
15690000 11.708786289281768
15700000 11.706009165391754
15710000 11.703152922248202
15720000 11.701153225367595
15730000 11.697056869431263
15740000 11.692385291729945
15750000 11.690100375452614
15760000 11.687314209515932
15770000 11.681919967596286
15780000 11.677793301002248
15790000 11.67626634733463
15800000 11.674962464606578
15810000 11.672292107803514
15820000 11.667637825984256
15830000 11.663644716943551
15840000 11.661230527277251
15850000 11.658474557785226
15860000 11.654726411345743
15870000 11.653491580719525
15880000 11.648648469981218
15890000 11.645367987893803
15900000 11.641725337852005
15910000 11.637380760137649
15920000 11.633780648463249
15930000 11.630436949965453
15940000 11.628856023935063
15950000 11.627291692777412
15960000 11.623312012774816
15970000 11.61869988166014
15980000 11.61400419678598
15990000 11.612075940302072
16000000 11.607770785604664
16010000 11.604058187212283
16020000 11.601301576164182
16030000 11.597392939459102
16040000 11.593789820083364
16050000 11.591441950891902
16060000 11.589270295348978
16070000 11.587039895453008
16080000 11.585195885662747
16090000 11.581222848857308
16100000 11.576486141658787
16110000 11.573158252306431
16120000 11.57032191812919
16130000 11.568559801352562
16140000 11.567075556296457
16150000 11.5649316398611
16160000 11.562480039463768
16170000 11.55997327612633
16180000 11.557856797430583
16190000 11.556416424359748
16200000 11.553036178546737
16210000 11.550180642777686
16220000 11.547260050996629
16230000 11.544841551881321
16240000 11.540437584575853
16250000 11.538402649573861
16260000 11.536261106010995
16270000 11.533546681460864
16280000 11.530880776926038
16290000 11.52869481109858
16300000 11.52654383234332
16310000 11.522057055009775
16320000 11.51874100421171
16330000 11.515730173301195
16340000 11.51279604978337
16350000 11.511760149911442
16360000 11.50788761564953
16370000 11.505258518667173
16380000 11.503456083209263
16390000 11.50121454389035
16400000 11.498342786963988
16410000 11.495670643622049
16420000 11.493056561998587
16430000 11.489025902986079
16440000 11.484168920536112
16450000 11.481785202159037
16460000 11.479689621702908
16470000 11.476308818327217
16480000 11.471978179051867
16490000 11.4677038363099
16500000 11.464669474389602
16510000 11.461561328558322
16520000 11.458557049577655
16530000 11.456853865828355
16540000 11.454244470801275
16550000 11.452808647739186
16560000 11.449155059004587
16570000 11.446309555464758
16580000 11.442276932991643
16590000 11.440279617044459
16600000 11.436689455578543
16610000 11.433445195058358
16620000 11.430119629649852
16630000 11.427059119577352
16640000 11.42529400211468
16650000 11.422417349174687
16660000 11.419759675230251
16670000 11.418290025999067
16680000 11.41608244542761
16690000 11.410735947164735
16700000 11.407472214766646
16710000 11.404763847895547
16720000 11.401834966597477
16730000 11.397629438022063
16740000 11.39302098405026
16750000 11.391961160141342
16760000 11.388323087853149
16770000 11.385936430903286
16780000 11.383566847852682
16790000 11.380332289274559
16800000 11.376964945337157
16810000 11.375413722672125
16820000 11.370502802712362
16830000 11.3672522669466
16840000 11.363187639239639
16850000 11.358918832448223
16860000 11.354281161242683
16870000 11.350957937664955
16880000 11.350782041478956
16890000 11.346989407173837
16900000 11.34527090413811
16910000 11.343069276277612
16920000 11.341804380219672
16930000 11.33879678157682
16940000 11.336151657167816
16950000 11.333120861754834
16960000 11.329286984166618
16970000 11.327697558008703
16980000 11.323727556905679
16990000 11.320832064587908
17000000 11.31931958151976
17010000 11.31583241145163
17020000 11.3143288009769
17030000 11.312083702536063
17040000 11.30910540252395
17050000 11.307577548759546
17060000 11.304483900355109
17070000 11.30164473063307
17080000 11.29783549950366
17090000 11.294339585823478
17100000 11.290165090384773
17110000 11.288158730352908
17120000 11.284313975560586
17130000 11.282447284789182
17140000 11.279786833858564
17150000 11.277663224666897
17160000 11.27543314325458
17170000 11.27269879352046
17180000 11.270099771171786
17190000 11.266421371226617
17200000 11.26515709033894
17210000 11.261459415474496
17220000 11.259301110701026
17230000 11.255824389812695
17240000 11.253099959936966
17250000 11.249404908334558
17260000 11.24730033574464
17270000 11.243320554214318
17280000 11.240382956246462
17290000 11.237315347516496
17300000 11.233695410414503
17310000 11.231251287418965
17320000 11.227617664745202
17330000 11.225728455752446
17340000 11.223583218141425
17350000 11.221053996435948
17360000 11.219649639145278
17370000 11.217389556361594
17380000 11.214404303002542
17390000 11.211380817349774
17400000 11.20925910399206
17410000 11.2070590860636
17420000 11.20495157672766
17430000 11.199167141466466
17440000 11.197214189994295
17450000 11.195599819122224
17460000 11.192191508027928
