4.200000000000000000e+01 9.150600638205336281e+02
4.300000000000000000e+01 9.160884093339774381e+02
4.400000000000000000e+01 9.170920656382528477e+02
4.500000000000000000e+01 9.180720978113459978e+02
4.600000000000000000e+01 9.190277935475121467e+02
4.700000000000000000e+01 7.056490007035266672e+02
4.800000000000000000e+01 7.063252873615846283e+02
4.900000000000000000e+01 6.517967586493673480e+02
5.000000000000000000e+01 6.448999069300971314e+02
5.100000000000000000e+01 6.230640695371428137e+02
5.200000000000000000e+01 6.236227647180643316e+02
5.300000000000000000e+01 6.241791099041984126e+02
5.400000000000000000e+01 6.247244319899319862e+02
5.500000000000000000e+01 5.350913701362512711e+02
5.600000000000000000e+01 5.355145876139213215e+02
5.700000000000000000e+01 5.359544206604630290e+02
5.800000000000000000e+01 5.363871798859287310e+02
5.900000000000000000e+01 5.368122315592509040e+02
6.000000000000000000e+01 5.372298077177325695e+02
6.100000000000000000e+01 4.836411767090600051e+02
6.200000000000000000e+01 4.784256347431592076e+02
6.300000000000000000e+01 4.663080817580280382e+02
6.400000000000000000e+01 4.581188108770771805e+02
6.500000000000000000e+01 4.584369127226309502e+02
6.600000000000000000e+01 4.587562070759203721e+02
6.700000000000000000e+01 4.590721977228173500e+02
6.800000000000000000e+01 4.593833828433953954e+02
6.900000000000000000e+01 4.226381110007677080e+02
7.000000000000000000e+01 4.190851993047195378e+02
7.100000000000000000e+01 4.193559355280779073e+02
7.200000000000000000e+01 4.196230476496817232e+02
7.300000000000000000e+01 4.198861674482726016e+02
7.400000000000000000e+01 4.201437554211445331e+02
7.500000000000000000e+01 3.929521793827047986e+02
7.600000000000000000e+01 3.894995400416810298e+02
7.700000000000000000e+01 3.842344073869483623e+02
7.800000000000000000e+01 3.801806731923455800e+02
7.900000000000000000e+01 3.803906436078266893e+02
8.000000000000000000e+01 3.806061006122126855e+02
8.100000000000000000e+01 3.808190075620751713e+02
8.200000000000000000e+01 3.810292025954237829e+02
8.300000000000000000e+01 3.598125832648174764e+02
8.400000000000000000e+01 3.571218975125143515e+02
8.500000000000000000e+01 3.573076812192562102e+02
8.600000000000000000e+01 3.574952231695654064e+02
8.700000000000000000e+01 3.576784009399812021e+02
8.800000000000000000e+01 3.578609880587406451e+02
8.900000000000000000e+01 3.407239199682223898e+02
9.000000000000000000e+01 3.376232111491853516e+02
9.100000000000000000e+01 3.352525977617149238e+02
9.200000000000000000e+01 3.330180659432048742e+02
9.300000000000000000e+01 3.307819966002441561e+02
9.400000000000000000e+01 3.309310229687267224e+02
9.500000000000000000e+01 3.310864782068154000e+02
9.600000000000000000e+01 3.312398166708280769e+02
9.700000000000000000e+01 3.169954309339146334e+02
9.800000000000000000e+01 3.171140543919028687e+02
9.900000000000000000e+01 3.172561703232339596e+02
1.000000000000000000e+03 8.906693181813895421e+01
1.001000000000000000e+03 8.906662494479152770e+01
1.002000000000000000e+03 8.904979801314496513e+01
1.003000000000000000e+03 8.898315117726349399e+01
1.004000000000000000e+03 8.898287138625366310e+01
1.005000000000000000e+03 8.891526227101010704e+01
1.006000000000000000e+03 8.884051188783131181e+01
1.007000000000000000e+03 8.884002987994314537e+01
1.008000000000000000e+03 8.877353676098550750e+01
1.009000000000000000e+03 8.871042646545875243e+01
1.010000000000000000e+03 8.850039951129156179e+01
1.011000000000000000e+03 8.849894954056463803e+01
1.012000000000000000e+03 8.849782647502640032e+01
1.013000000000000000e+03 8.849675707618810350e+01
1.014000000000000000e+03 8.841151590526399673e+01
1.015000000000000000e+03 8.832232268186834290e+01
1.016000000000000000e+03 8.824853697956427823e+01
1.017000000000000000e+03 8.823009274587485606e+01
1.018000000000000000e+03 8.822928324803858402e+01
1.019000000000000000e+03 8.822880097180154735e+01
1.020000000000000000e+03 8.822862061190727445e+01
1.021000000000000000e+03 8.822871854760214205e+01
1.022000000000000000e+03 8.822902321739574916e+01
1.023000000000000000e+03 8.816909754913807262e+01
1.024000000000000000e+03 8.810427864934069930e+01
1.025000000000000000e+03 8.804060052029173278e+01
1.026000000000000000e+03 8.797456783323828233e+01
1.027000000000000000e+03 8.797360812375347905e+01
1.028000000000000000e+03 8.794132657548082932e+01
1.029000000000000000e+03 8.787642388607994803e+01
1.030000000000000000e+03 8.787571534949387342e+01
1.031000000000000000e+03 8.766761298632660271e+01
1.032000000000000000e+03 8.759545404782434730e+01
1.033000000000000000e+03 8.759448558770927207e+01
1.034000000000000000e+03 8.759384020618963973e+01
1.035000000000000000e+03 8.759344639916108122e+01
1.036000000000000000e+03 8.752494704996547625e+01
1.037000000000000000e+03 8.745390373584714894e+01
1.038000000000000000e+03 8.737898856920418211e+01
1.039000000000000000e+03 8.737785597863378939e+01
1.040000000000000000e+03 8.737699516070452432e+01
1.041000000000000000e+03 8.737639441224690984e+01
1.042000000000000000e+03 8.737604152755665154e+01
1.043000000000000000e+03 8.737587697674463527e+01
1.044000000000000000e+03 8.731711743731331410e+01
1.045000000000000000e+03 8.711877226716293876e+01
1.046000000000000000e+03 8.704745279457023344e+01
1.047000000000000000e+03 8.704655084955837197e+01
1.048000000000000000e+03 8.704583430842802727e+01
1.049000000000000000e+03 8.704516932406194485e+01
1.050000000000000000e+03 8.696592751451677827e+01
1.051000000000000000e+03 8.696522886064030899e+01
1.052000000000000000e+03 8.682985258924000505e+01
1.053000000000000000e+03 8.682912968741555915e+01
1.054000000000000000e+03 8.682877733297075906e+01
1.055000000000000000e+03 8.682866666091067032e+01
1.056000000000000000e+03 8.682869289796850865e+01
1.057000000000000000e+03 8.670029955806904809e+01
1.058000000000000000e+03 8.657286357054489656e+01
1.059000000000000000e+03 8.657139043296459135e+01
1.060000000000000000e+03 8.649660434705972989e+01
1.061000000000000000e+03 8.649549353755828918e+01
1.062000000000000000e+03 8.649453493248023506e+01
1.063000000000000000e+03 8.646421261598916885e+01
1.064000000000000000e+03 8.646350475089842291e+01
1.065000000000000000e+03 8.638892698235311229e+01
1.066000000000000000e+03 8.632622055256904048e+01
1.067000000000000000e+03 8.632546027645867071e+01
1.068000000000000000e+03 8.632498063882633232e+01
1.069000000000000000e+03 8.632476293182999427e+01
1.070000000000000000e+03 8.632478929003123369e+01
1.071000000000000000e+03 8.626459018462141159e+01
1.072000000000000000e+03 8.620099350231129165e+01
1.073000000000000000e+03 8.594616952191049108e+01
1.074000000000000000e+03 8.594476115797431248e+01
1.075000000000000000e+03 8.594367026891643491e+01
1.076000000000000000e+03 8.594287741784067691e+01
1.077000000000000000e+03 8.594236373313610500e+01
1.078000000000000000e+03 8.587808768452399022e+01
1.079000000000000000e+03 8.575476545356752922e+01
1.080000000000000000e+03 8.569409215675750602e+01
1.081000000000000000e+03 8.568045174495759397e+01
1.082000000000000000e+03 8.567943206013552526e+01
1.083000000000000000e+03 8.567856087313140279e+01
1.084000000000000000e+03 8.567772259192301476e+01
1.085000000000000000e+03 8.566223864715664149e+01
1.086000000000000000e+03 8.559378271490614054e+01
1.087000000000000000e+03 8.553255377406253501e+01
1.088000000000000000e+03 8.553170210046582156e+01
1.089000000000000000e+03 8.553113287454792157e+01
1.090000000000000000e+03 8.553082710694258139e+01
1.091000000000000000e+03 8.553076668644868619e+01
1.092000000000000000e+03 8.547210374643906050e+01
1.093000000000000000e+03 8.541656742520233081e+01
1.094000000000000000e+03 8.528883513563788199e+01
1.095000000000000000e+03 8.516983065690961041e+01
1.096000000000000000e+03 8.510364612913471660e+01
1.097000000000000000e+03 8.510247313451114337e+01
1.098000000000000000e+03 8.510132391097506854e+01
1.099000000000000000e+03 8.500189185592284957e+01
2.000000000000000000e+03 6.391099192662062478e+01
2.001000000000000000e+03 6.391006363226371434e+01
2.002000000000000000e+03 6.388695669311225345e+01
2.003000000000000000e+03 6.383553917076083195e+01
2.004000000000000000e+03 6.383439992357102000e+01
2.005000000000000000e+03 6.383343497131534150e+01
2.006000000000000000e+03 6.383259621931337335e+01
2.007000000000000000e+03 6.380969473407131431e+01
2.008000000000000000e+03 6.378205097816914559e+01
2.009000000000000000e+03 6.378088030636179440e+01
2.010000000000000000e+03 6.377985328824644995e+01
2.011000000000000000e+03 6.377894663185946911e+01
2.012000000000000000e+03 6.377810460155771466e+01
2.013000000000000000e+03 6.377733533251942077e+01
2.014000000000000000e+03 6.377664457349298743e+01
2.015000000000000000e+03 6.369708719240811945e+01
2.016000000000000000e+03 6.367370123901871892e+01
2.017000000000000000e+03 6.364731192114834357e+01
2.018000000000000000e+03 6.364605731806486233e+01
2.019000000000000000e+03 6.361997505837928202e+01
2.020000000000000000e+03 6.361891680923780967e+01
2.021000000000000000e+03 6.361805306709655383e+01
2.022000000000000000e+03 6.361736663715252860e+01
2.023000000000000000e+03 6.359480762169501133e+01
2.024000000000000000e+03 6.356915149546894384e+01
2.025000000000000000e+03 6.356841632257118846e+01
2.026000000000000000e+03 6.356781174913514576e+01
2.027000000000000000e+03 6.352256175274155225e+01
2.028000000000000000e+03 6.349540832174629656e+01
2.029000000000000000e+03 6.346807460069616269e+01
2.030000000000000000e+03 6.346682265052041316e+01
2.031000000000000000e+03 6.346576267933745186e+01
2.032000000000000000e+03 6.346487125059510959e+01
2.033000000000000000e+03 6.346410156151657844e+01
2.034000000000000000e+03 6.346344959640535421e+01
2.035000000000000000e+03 6.346291085526035403e+01
2.036000000000000000e+03 6.341493411288357862e+01
2.037000000000000000e+03 6.336772508670780013e+01
2.038000000000000000e+03 6.334155151622752555e+01
2.039000000000000000e+03 6.334013587330427697e+01
2.040000000000000000e+03 6.333892853027563774e+01
2.041000000000000000e+03 6.331313418277983374e+01
2.042000000000000000e+03 6.331199915032475900e+01
2.043000000000000000e+03 6.331102312874956795e+01
2.044000000000000000e+03 6.326119915174639630e+01
2.045000000000000000e+03 6.321096920676018982e+01
2.046000000000000000e+03 6.320960170890349161e+01
2.047000000000000000e+03 6.320842694812608897e+01
2.048000000000000000e+03 6.320739689475812639e+01
2.049000000000000000e+03 6.320650575372924607e+01
2.050000000000000000e+03 6.318048356311666680e+01
2.051000000000000000e+03 6.317956070842357974e+01
2.052000000000000000e+03 6.315615485556070752e+01
2.053000000000000000e+03 6.315516570446752809e+01
2.054000000000000000e+03 6.313010393492132266e+01
2.055000000000000000e+03 6.312921677281505595e+01
2.056000000000000000e+03 6.312846921299756531e+01
2.057000000000000000e+03 6.307913401869825520e+01
2.058000000000000000e+03 6.305636464160970434e+01
2.059000000000000000e+03 6.303080095458395959e+01
2.060000000000000000e+03 6.302967922474839213e+01
2.061000000000000000e+03 6.300446638563535373e+01
2.062000000000000000e+03 6.300352216821161733e+01
2.063000000000000000e+03 6.298130135145547825e+01
2.064000000000000000e+03 6.298027347859192560e+01
2.065000000000000000e+03 6.295787638456248914e+01
2.066000000000000000e+03 6.293260461828465679e+01
2.067000000000000000e+03 6.293156627807474734e+01
2.068000000000000000e+03 6.293063383118271759e+01
2.069000000000000000e+03 6.290736244335424487e+01
2.070000000000000000e+03 6.290620510819778133e+01
2.071000000000000000e+03 6.285376451756986427e+01
2.072000000000000000e+03 6.285239927099224388e+01
2.073000000000000000e+03 6.285123147187609050e+01
2.074000000000000000e+03 6.285023782792696778e+01
2.075000000000000000e+03 6.284937289810531524e+01
2.076000000000000000e+03 6.284863193984134710e+01
2.077000000000000000e+03 6.284800980430878070e+01
2.078000000000000000e+03 6.282276714030875553e+01
2.079000000000000000e+03 6.277713917715027492e+01
2.080000000000000000e+03 6.275200240674366370e+01
2.081000000000000000e+03 6.275095058516306779e+01
2.082000000000000000e+03 6.272903789265428998e+01
2.083000000000000000e+03 6.265737261352790455e+01
2.084000000000000000e+03 6.265585982802993925e+01
2.085000000000000000e+03 6.265459382241142805e+01
2.086000000000000000e+03 6.265352630671443990e+01
2.087000000000000000e+03 6.262936192887504205e+01
2.088000000000000000e+03 6.260660271800453103e+01
2.089000000000000000e+03 6.260549162863425465e+01
2.090000000000000000e+03 6.260452366833818871e+01
2.091000000000000000e+03 6.258237003229908169e+01
2.092000000000000000e+03 6.255679688371283476e+01
2.093000000000000000e+03 6.255556228116557094e+01
2.094000000000000000e+03 6.255445534783574146e+01
2.095000000000000000e+03 6.255345783382636426e+01
2.096000000000000000e+03 6.255254587681709921e+01
2.097000000000000000e+03 6.252984496592312524e+01
2.098000000000000000e+03 6.250403567837183516e+01
2.099000000000000000e+03 6.245441602621015420e+01
3.000000000000000000e+03 5.278263496978608060e+01
3.001000000000000000e+03 5.276854091600016261e+01
3.002000000000000000e+03 5.275515951579217244e+01
3.003000000000000000e+03 5.275389786046760321e+01
3.004000000000000000e+03 5.275282206398824769e+01
3.005000000000000000e+03 5.273987683910793578e+01
3.006000000000000000e+03 5.271459170826476281e+01
3.007000000000000000e+03 5.269941963396587425e+01
3.008000000000000000e+03 5.269811214010645983e+01
3.009000000000000000e+03 5.268539408130600776e+01
3.010000000000000000e+03 5.268411009304450943e+01
3.011000000000000000e+03 5.268300307184381381e+01
3.012000000000000000e+03 5.268204342598910728e+01
3.013000000000000000e+03 5.266904588543393118e+01
3.014000000000000000e+03 5.265652331160243449e+01
3.015000000000000000e+03 5.263093023290662131e+01
3.016000000000000000e+03 5.262935816742875517e+01
3.017000000000000000e+03 5.262796871590337844e+01
3.018000000000000000e+03 5.262673745706457140e+01
3.019000000000000000e+03 5.262563658240038222e+01
3.020000000000000000e+03 5.262462939748951385e+01
3.021000000000000000e+03 5.262371456967881755e+01
3.022000000000000000e+03 5.262289003958413502e+01
3.023000000000000000e+03 5.258378516312228612e+01
3.024000000000000000e+03 5.256989445088738933e+01
3.025000000000000000e+03 5.256836058157576019e+01
3.026000000000000000e+03 5.256703843393604814e+01
3.027000000000000000e+03 5.254142671030456313e+01
3.028000000000000000e+03 5.252707302239483766e+01
3.029000000000000000e+03 5.252567151222724107e+01
3.030000000000000000e+03 5.252446381315704116e+01
3.031000000000000000e+03 5.252343108230952140e+01
3.032000000000000000e+03 5.250969882786345266e+01
3.033000000000000000e+03 5.250873800078831266e+01
3.034000000000000000e+03 5.249728057413153692e+01
3.035000000000000000e+03 5.247141646562766937e+01
3.036000000000000000e+03 5.247002882986151207e+01
3.037000000000000000e+03 5.245595909848918836e+01
3.038000000000000000e+03 5.245463075829174926e+01
3.039000000000000000e+03 5.245347927007544087e+01
3.040000000000000000e+03 5.245247566667008243e+01
3.041000000000000000e+03 5.243930105049879842e+01
3.042000000000000000e+03 5.243831152127201278e+01
3.043000000000000000e+03 5.242608276247884191e+01
3.044000000000000000e+03 5.241298472629064520e+01
3.045000000000000000e+03 5.239888430611465964e+01
3.046000000000000000e+03 5.239752952385475737e+01
3.047000000000000000e+03 5.239634562430737219e+01
3.048000000000000000e+03 5.238253797344086138e+01
3.049000000000000000e+03 5.235840974812286674e+01
3.050000000000000000e+03 5.235689275323434799e+01
3.051000000000000000e+03 5.234185589394698468e+01
3.052000000000000000e+03 5.234049832231073651e+01
3.053000000000000000e+03 5.232719077896668125e+01
3.054000000000000000e+03 5.232596397513258069e+01
3.055000000000000000e+03 5.232490427509366526e+01
3.056000000000000000e+03 5.231260609526604100e+01
3.057000000000000000e+03 5.231146077762809199e+01
3.058000000000000000e+03 5.231045319713310704e+01
3.059000000000000000e+03 5.229679794175525842e+01
3.060000000000000000e+03 5.229575919378123672e+01
3.061000000000000000e+03 5.229485560227254837e+01
3.062000000000000000e+03 5.228358533803005059e+01
3.063000000000000000e+03 5.225661383737003263e+01
3.064000000000000000e+03 5.224383444103801111e+01
3.065000000000000000e+03 5.224247370716923200e+01
3.066000000000000000e+03 5.222909402812475577e+01
3.067000000000000000e+03 5.221574746991403515e+01
3.068000000000000000e+03 5.220234744307513353e+01
3.069000000000000000e+03 5.220101694622083244e+01
3.070000000000000000e+03 5.218716450259359618e+01
3.071000000000000000e+03 5.217475748226159737e+01
3.072000000000000000e+03 5.217342410312969747e+01
3.073000000000000000e+03 5.217225170711468962e+01
3.074000000000000000e+03 5.215860262106868817e+01
3.075000000000000000e+03 5.215744251266973208e+01
3.076000000000000000e+03 5.215637964337877008e+01
3.077000000000000000e+03 5.215540626154305670e+01
3.078000000000000000e+03 5.212943200299192625e+01
3.079000000000000000e+03 5.211458844907642174e+01
3.080000000000000000e+03 5.211322631245970172e+01
3.081000000000000000e+03 5.211204527329108771e+01
3.082000000000000000e+03 5.211102850578373591e+01
3.083000000000000000e+03 5.211015456599656659e+01
3.084000000000000000e+03 5.209785443653362336e+01
3.085000000000000000e+03 5.209697179048453108e+01
3.086000000000000000e+03 5.207419307569524847e+01
3.087000000000000000e+03 5.207285874729624453e+01
3.088000000000000000e+03 5.207171918907698682e+01
3.089000000000000000e+03 5.205918113195946262e+01
3.090000000000000000e+03 5.202310661659251423e+01
3.091000000000000000e+03 5.200793127623117584e+01
3.092000000000000000e+03 5.200644710431642181e+01
3.093000000000000000e+03 5.200514292755882195e+01
3.094000000000000000e+03 5.200399125130638112e+01
3.095000000000000000e+03 5.200298058533912382e+01
3.096000000000000000e+03 5.200208798946841426e+01
3.097000000000000000e+03 5.200129377104971695e+01
3.098000000000000000e+03 5.198942591195120855e+01
3.099000000000000000e+03 5.196544266307405024e+01
4.000000000000000000e+03 4.608849223943518325e+01
4.001000000000000000e+03 4.608134369826566257e+01
4.002000000000000000e+03 4.607299412484233159e+01
4.003000000000000000e+03 4.605689784385350549e+01
4.004000000000000000e+03 4.605526966318078053e+01
4.005000000000000000e+03 4.605383014138718067e+01
4.006000000000000000e+03 4.605256174177334572e+01
4.007000000000000000e+03 4.604398008381124896e+01
4.008000000000000000e+03 4.604277907640251044e+01
4.009000000000000000e+03 4.604172284901214596e+01
4.010000000000000000e+03 4.603384494498637025e+01
4.011000000000000000e+03 4.601856633304914368e+01
4.012000000000000000e+03 4.601701285370720740e+01
4.013000000000000000e+03 4.601564806056937584e+01
4.014000000000000000e+03 4.600705864024429559e+01
4.015000000000000000e+03 4.598965483958574652e+01
4.016000000000000000e+03 4.598822082586109872e+01
4.017000000000000000e+03 4.597981913403854293e+01
4.018000000000000000e+03 4.597840244377204044e+01
4.019000000000000000e+03 4.596976289557861861e+01
4.020000000000000000e+03 4.596845936062270255e+01
4.021000000000000000e+03 4.595917713480622524e+01
4.022000000000000000e+03 4.595799838798984638e+01
4.023000000000000000e+03 4.595017094487428011e+01
4.024000000000000000e+03 4.594178439025573368e+01
4.025000000000000000e+03 4.594042936110848530e+01
4.026000000000000000e+03 4.593923055678868650e+01
4.027000000000000000e+03 4.593816151123182578e+01
4.028000000000000000e+03 4.592911506394354149e+01
4.029000000000000000e+03 4.592182431276848575e+01
4.030000000000000000e+03 4.590951639586937461e+01
4.031000000000000000e+03 4.590070643786174998e+01
4.032000000000000000e+03 4.589958150020387961e+01
4.033000000000000000e+03 4.589860412786169519e+01
4.034000000000000000e+03 4.589775352016660293e+01
4.035000000000000000e+03 4.589701161495725046e+01
4.036000000000000000e+03 4.589013936893388745e+01
4.037000000000000000e+03 4.588925571795014946e+01
4.038000000000000000e+03 4.588848285005832395e+01
4.039000000000000000e+03 4.586840081588339046e+01
4.040000000000000000e+03 4.585856335770091619e+01
4.041000000000000000e+03 4.585708355354939414e+01
4.042000000000000000e+03 4.585577674313964280e+01
4.043000000000000000e+03 4.583864756696677034e+01
4.044000000000000000e+03 4.583730091352837377e+01
4.045000000000000000e+03 4.583610302347263143e+01
4.046000000000000000e+03 4.582791277909780803e+01
4.047000000000000000e+03 4.581930842144086569e+01
4.048000000000000000e+03 4.581801746148186538e+01
4.049000000000000000e+03 4.581688719101619256e+01
4.050000000000000000e+03 4.580787354410735190e+01
4.051000000000000000e+03 4.579384742806114161e+01
4.052000000000000000e+03 4.579232536071868509e+01
4.053000000000000000e+03 4.579098466412291657e+01
4.054000000000000000e+03 4.578250464992287760e+01
4.055000000000000000e+03 4.577012574675163847e+01
4.056000000000000000e+03 4.576923607721431608e+01
4.057000000000000000e+03 4.576844998759113992e+01
4.058000000000000000e+03 4.576100468392422727e+01
4.059000000000000000e+03 4.575234387904218636e+01
4.060000000000000000e+03 4.575125461142375372e+01
4.061000000000000000e+03 4.575028486668146854e+01
4.062000000000000000e+03 4.574204095910804568e+01
4.063000000000000000e+03 4.574104797586853266e+01
4.064000000000000000e+03 4.574015998556692608e+01
4.065000000000000000e+03 4.572606483734854521e+01
4.066000000000000000e+03 4.572471654092117177e+01
4.067000000000000000e+03 4.571671235655308152e+01
4.068000000000000000e+03 4.571537936210563657e+01
4.069000000000000000e+03 4.570688570108980997e+01
4.070000000000000000e+03 4.570564571744963445e+01
4.071000000000000000e+03 4.569670971159477091e+01
4.072000000000000000e+03 4.568856529008215972e+01
4.073000000000000000e+03 4.568108092771311135e+01
4.074000000000000000e+03 4.567963805319485004e+01
4.075000000000000000e+03 4.567836398565765421e+01
4.076000000000000000e+03 4.567724319926906418e+01
4.077000000000000000e+03 4.566900897189655240e+01
4.078000000000000000e+03 4.566796779538364603e+01
4.079000000000000000e+03 4.565379887443711482e+01
4.080000000000000000e+03 4.564558302483963814e+01
4.081000000000000000e+03 4.564405408215176152e+01
4.082000000000000000e+03 4.564269488767720162e+01
4.083000000000000000e+03 4.564147536844639319e+01
4.084000000000000000e+03 4.563311490872372644e+01
4.085000000000000000e+03 4.563193010747747991e+01
4.086000000000000000e+03 4.562310392067445264e+01
4.087000000000000000e+03 4.560851864511624854e+01
4.088000000000000000e+03 4.560690791942315059e+01
4.089000000000000000e+03 4.560548832305309475e+01
4.090000000000000000e+03 4.560424147612450696e+01
4.091000000000000000e+03 4.558836696017166901e+01
4.092000000000000000e+03 4.558703364946738645e+01
4.093000000000000000e+03 4.558586700861411600e+01
4.094000000000000000e+03 4.557117068716633668e+01
4.095000000000000000e+03 4.556969174144103363e+01
4.096000000000000000e+03 4.556839053846508136e+01
4.097000000000000000e+03 4.556725005732877776e+01
4.098000000000000000e+03 4.555105533023539266e+01
4.099000000000000000e+03 4.554370336961052601e+01
5.000000000000000000e+03 4.148204018293397155e+01
5.001000000000000000e+03 4.147524859173067568e+01
5.002000000000000000e+03 4.147397363401844927e+01
5.003000000000000000e+03 4.146468298282971432e+01
5.004000000000000000e+03 4.146313929708482959e+01
5.005000000000000000e+03 4.146177419028080635e+01
5.006000000000000000e+03 4.146055719106131932e+01
5.007000000000000000e+03 4.145946227415259955e+01
5.008000000000000000e+03 4.145848014583262398e+01
5.009000000000000000e+03 4.145363379221518585e+01
5.010000000000000000e+03 4.143884499047491232e+01
5.011000000000000000e+03 4.143706189020956998e+01
5.012000000000000000e+03 4.143547912076513740e+01
5.013000000000000000e+03 4.143407350220834928e+01
5.014000000000000000e+03 4.142163035849648622e+01
5.015000000000000000e+03 4.142024156643309851e+01
5.016000000000000000e+03 4.141900955784940663e+01
5.017000000000000000e+03 4.141315551021892816e+01
5.018000000000000000e+03 4.140734727357502720e+01
5.019000000000000000e+03 4.140600775576865544e+01
5.020000000000000000e+03 4.140483077231455411e+01
5.021000000000000000e+03 4.140379989112932435e+01
5.022000000000000000e+03 4.139741686512378038e+01
5.023000000000000000e+03 4.138882450444181416e+01
5.024000000000000000e+03 4.138738604562264101e+01
5.025000000000000000e+03 4.138159717885796596e+01
5.026000000000000000e+03 4.138020525651459991e+01
5.027000000000000000e+03 4.137895342402620713e+01
5.028000000000000000e+03 4.137783051478436391e+01
5.029000000000000000e+03 4.137192898165382360e+01
5.030000000000000000e+03 4.135718669551586402e+01
5.031000000000000000e+03 4.135539942453186768e+01
5.032000000000000000e+03 4.135381271151020144e+01
5.033000000000000000e+03 4.135240703981802568e+01
5.034000000000000000e+03 4.135116114099057683e+01
5.035000000000000000e+03 4.135005256660950579e+01
5.036000000000000000e+03 4.134906543678106061e+01
5.037000000000000000e+03 4.134818932162958305e+01
5.038000000000000000e+03 4.133477970165897375e+01
5.039000000000000000e+03 4.132868057149601526e+01
5.040000000000000000e+03 4.132705773838895880e+01
5.041000000000000000e+03 4.132562807350705469e+01
5.042000000000000000e+03 4.131891668376070470e+01
5.043000000000000000e+03 4.131220852210793737e+01
5.044000000000000000e+03 4.131094913812835046e+01
5.045000000000000000e+03 4.130177103299381969e+01
5.046000000000000000e+03 4.130024569547396140e+01
5.047000000000000000e+03 4.129889682046821520e+01
5.048000000000000000e+03 4.129769440662030888e+01
5.049000000000000000e+03 4.129661282186779658e+01
5.050000000000000000e+03 4.129564283575848549e+01
5.051000000000000000e+03 4.129085545698174542e+01
5.052000000000000000e+03 4.127625036500813138e+01
5.053000000000000000e+03 4.127448919653846104e+01
5.054000000000000000e+03 4.127292592259740900e+01
5.055000000000000000e+03 4.127153767138705120e+01
5.056000000000000000e+03 4.126020715251198112e+01
5.057000000000000000e+03 4.125873423716679156e+01
5.058000000000000000e+03 4.125742690025974468e+01
5.059000000000000000e+03 4.125156444163326341e+01
5.060000000000000000e+03 4.124575576816327072e+01
5.061000000000000000e+03 4.124436788121091979e+01
5.062000000000000000e+03 4.124314733021127211e+01
5.063000000000000000e+03 4.124207716972072291e+01
5.064000000000000000e+03 4.123572565405265067e+01
5.065000000000000000e+03 4.122704394872448574e+01
5.066000000000000000e+03 4.122560122750840605e+01
5.067000000000000000e+03 4.122033003177356392e+01
5.068000000000000000e+03 4.121888931857668581e+01
5.069000000000000000e+03 4.121759402877253819e+01
5.070000000000000000e+03 4.121643237429044149e+01
5.071000000000000000e+03 4.120993560750950735e+01
5.072000000000000000e+03 4.119535263358426391e+01
5.073000000000000000e+03 4.119361213292368973e+01
5.074000000000000000e+03 4.119206714312608852e+01
5.075000000000000000e+03 4.119069865481846193e+01
5.076000000000000000e+03 4.118948593034014038e+01
5.077000000000000000e+03 4.118840706509257643e+01
5.078000000000000000e+03 4.118744657891733141e+01
5.079000000000000000e+03 4.118659432181155466e+01
5.080000000000000000e+03 4.117340899671012266e+01
5.081000000000000000e+03 4.116739013534623837e+01
5.082000000000000000e+03 4.116579160783062719e+01
5.083000000000000000e+03 4.116438337201554987e+01
5.084000000000000000e+03 4.115824673770367781e+01
5.085000000000000000e+03 4.115157269132748752e+01
5.086000000000000000e+03 4.115028586520398335e+01
5.087000000000000000e+03 4.114117634101307885e+01
5.088000000000000000e+03 4.113963499719101691e+01
5.089000000000000000e+03 4.113827154287688614e+01
5.090000000000000000e+03 4.113705607420686761e+01
5.091000000000000000e+03 4.113596301908947339e+01
5.092000000000000000e+03 4.113498291976992505e+01
5.093000000000000000e+03 4.113023357997175822e+01
5.094000000000000000e+03 4.111572590926614623e+01
5.095000000000000000e+03 4.111397701103028623e+01
5.096000000000000000e+03 4.111242456851801563e+01
5.097000000000000000e+03 4.111104591364050975e+01
5.098000000000000000e+03 4.109984613130590958e+01
5.099000000000000000e+03 4.109838504503497347e+01
6.000000000000000000e+03 3.807288941708591068e+01
6.001000000000000000e+03 3.807175107986294194e+01
6.002000000000000000e+03 3.807074307941157087e+01
6.003000000000000000e+03 3.805804172105366945e+01
6.004000000000000000e+03 3.805625205075549644e+01
6.005000000000000000e+03 3.805466478541729458e+01
6.006000000000000000e+03 3.805325642717944845e+01
6.007000000000000000e+03 3.805200617664999641e+01
6.008000000000000000e+03 3.805089855423982215e+01
6.009000000000000000e+03 3.804991959388573264e+01
6.010000000000000000e+03 3.803735479448312873e+01
6.011000000000000000e+03 3.803558704346512798e+01
6.012000000000000000e+03 3.803401481605175150e+01
6.013000000000000000e+03 3.803261054281053077e+01
6.014000000000000000e+03 3.803135028575020726e+01
6.015000000000000000e+03 3.803022145606774984e+01
6.016000000000000000e+03 3.802921252859561463e+01
6.017000000000000000e+03 3.801644352705064023e+01
6.018000000000000000e+03 3.801462853243534568e+01
6.019000000000000000e+03 3.801301475968934085e+01
6.020000000000000000e+03 3.801157982598630269e+01
6.021000000000000000e+03 3.801030382568936261e+01
6.022000000000000000e+03 3.800917138669985462e+01
6.023000000000000000e+03 3.800816861914546507e+01
6.024000000000000000e+03 3.799553249937992661e+01
6.025000000000000000e+03 3.799375194323407356e+01
6.026000000000000000e+03 3.799217274627288532e+01
6.027000000000000000e+03 3.799077154334166551e+01
6.028000000000000000e+03 3.798952765139105026e+01
6.029000000000000000e+03 3.798842566756785288e+01
6.030000000000000000e+03 3.798745169517997056e+01
6.031000000000000000e+03 3.797495098766155763e+01
6.032000000000000000e+03 3.797319216813749421e+01
6.033000000000000000e+03 3.797162788567149505e+01
6.034000000000000000e+03 3.797023073838070673e+01
6.035000000000000000e+03 3.796897693129963614e+01
6.036000000000000000e+03 3.796785392712205010e+01
6.037000000000000000e+03 3.796685024880881087e+01
6.038000000000000000e+03 3.795414709402201936e+01
6.039000000000000000e+03 3.795234143351249401e+01
6.040000000000000000e+03 3.795073595820018397e+01
6.041000000000000000e+03 3.794930840840578412e+01
6.042000000000000000e+03 3.794803898722034319e+01
6.043000000000000000e+03 3.794691239850969566e+01
6.044000000000000000e+03 3.794591482125444770e+01
6.045000000000000000e+03 3.793334338959979846e+01
6.046000000000000000e+03 3.793157187140800346e+01
6.047000000000000000e+03 3.793000067550453025e+01
6.048000000000000000e+03 3.792860656821161314e+01
6.049000000000000000e+03 3.792736898175566296e+01
6.050000000000000000e+03 3.792627258939734247e+01
6.051000000000000000e+03 3.792530356325196550e+01
6.052000000000000000e+03 3.791382813288004172e+01
6.053000000000000000e+03 3.791197554108200052e+01
6.054000000000000000e+03 3.791032746378671447e+01
6.055000000000000000e+03 3.790885549507170538e+01
6.056000000000000000e+03 3.790753493664429641e+01
6.057000000000000000e+03 3.790635236903409577e+01
6.058000000000000000e+03 3.790529552937243807e+01
6.059000000000000000e+03 3.789244699850394227e+01
6.060000000000000000e+03 3.789062093859374158e+01
6.061000000000000000e+03 3.788899719994816451e+01
6.062000000000000000e+03 3.788755330722409553e+01
6.063000000000000000e+03 3.788626926962272989e+01
6.064000000000000000e+03 3.788512959692293691e+01
6.065000000000000000e+03 3.788412029572771189e+01
6.066000000000000000e+03 3.787155210064616995e+01
6.067000000000000000e+03 3.786978096944243077e+01
6.068000000000000000e+03 3.786821004684145464e+01
6.069000000000000000e+03 3.786681613188366669e+01
6.070000000000000000e+03 3.786557868388111814e+01
6.071000000000000000e+03 3.786448237375463322e+01
6.072000000000000000e+03 3.786351337233668346e+01
6.073000000000000000e+03 3.785208135366904969e+01
6.074000000000000000e+03 3.785023529600959336e+01
6.075000000000000000e+03 3.784859301982298518e+01
6.076000000000000000e+03 3.784712625844041156e+01
6.077000000000000000e+03 3.784581043145763601e+01
6.078000000000000000e+03 3.784463215025068905e+01
6.079000000000000000e+03 3.784357918155879474e+01
6.080000000000000000e+03 3.783079070240198405e+01
6.081000000000000000e+03 3.782897315714131992e+01
6.082000000000000000e+03 3.782735698377689459e+01
6.083000000000000000e+03 3.782591982053666868e+01
6.084000000000000000e+03 3.782464177682309270e+01
6.085000000000000000e+03 3.782350743126492887e+01
6.086000000000000000e+03 3.782250285293520164e+01
6.087000000000000000e+03 3.780999687350795568e+01
6.088000000000000000e+03 3.780823443373974868e+01
6.089000000000000000e+03 3.780667120384185864e+01
6.090000000000000000e+03 3.780528410974039133e+01
6.091000000000000000e+03 3.780405272197761946e+01
6.092000000000000000e+03 3.780296178461831857e+01
6.093000000000000000e+03 3.780199753463119805e+01
6.094000000000000000e+03 3.779062293398364858e+01
6.095000000000000000e+03 3.778878604545722908e+01
6.096000000000000000e+03 3.778715192477257290e+01
6.097000000000000000e+03 3.778569247368571382e+01
6.098000000000000000e+03 3.778438325582295931e+01
6.099000000000000000e+03 3.778321093765493544e+01
7.000000000000000000e+03 3.540775021462970784e+01
7.001000000000000000e+03 3.540662649465658518e+01
7.002000000000000000e+03 3.540561914970905377e+01
7.003000000000000000e+03 3.540471784319363735e+01
7.004000000000000000e+03 3.539673870067710482e+01
7.005000000000000000e+03 3.539497509801713448e+01
7.006000000000000000e+03 3.539340252410779897e+01
7.007000000000000000e+03 3.539199883229110810e+01
7.008000000000000000e+03 3.539074442134560172e+01
7.009000000000000000e+03 3.538962514325919528e+01
7.010000000000000000e+03 3.538862818080054495e+01
7.011000000000000000e+03 3.538046057102194197e+01
7.012000000000000000e+03 3.537864981386035623e+01
7.013000000000000000e+03 3.537703907398103809e+01
7.014000000000000000e+03 3.537560645049801167e+01
7.015000000000000000e+03 3.537433243268849026e+01
7.016000000000000000e+03 3.537320123505747915e+01
7.017000000000000000e+03 3.536426046291433067e+01
7.018000000000000000e+03 3.535970297110724658e+01
7.019000000000000000e+03 3.535835857307823460e+01
7.020000000000000000e+03 3.535715740029070275e+01
7.021000000000000000e+03 3.535608312720715674e+01
7.022000000000000000e+03 3.535512127720458864e+01
7.023000000000000000e+03 3.535212350046474938e+01
7.024000000000000000e+03 3.534901275023096900e+01
7.025000000000000000e+03 3.534424850722253098e+01
7.026000000000000000e+03 3.534275530033049506e+01
7.027000000000000000e+03 3.534142341456849579e+01
7.028000000000000000e+03 3.534023715905611596e+01
7.029000000000000000e+03 3.533918236434725912e+01
7.030000000000000000e+03 3.533611077759178443e+01
7.031000000000000000e+03 3.533505895740181302e+01
7.032000000000000000e+03 3.533160542685978811e+01
7.033000000000000000e+03 3.533016548405911550e+01
7.034000000000000000e+03 3.532748216111664163e+01
7.035000000000000000e+03 3.532604398387832134e+01
7.036000000000000000e+03 3.532476239126850714e+01
7.037000000000000000e+03 3.532362207880090921e+01
7.038000000000000000e+03 3.531608472830512113e+01
7.039000000000000000e+03 3.531306241547602554e+01
7.040000000000000000e+03 3.531140422436158133e+01
7.041000000000000000e+03 3.530993020295253615e+01
7.042000000000000000e+03 3.530861852300030534e+01
7.043000000000000000e+03 3.530744990894555713e+01
7.044000000000000000e+03 3.530429309102896696e+01
7.045000000000000000e+03 3.530002460592979219e+01
7.046000000000000000e+03 3.529636926140565834e+01
7.047000000000000000e+03 3.529473957480364987e+01
7.048000000000000000e+03 3.529328477301262978e+01
7.049000000000000000e+03 3.529198503930702913e+01
7.050000000000000000e+03 3.529082278956739316e+01
7.051000000000000000e+03 3.528978242238365226e+01
7.052000000000000000e+03 3.528885285393631221e+01
7.053000000000000000e+03 3.528497709018337503e+01
7.054000000000000000e+03 3.528062734703087244e+01
7.055000000000000000e+03 3.527149018983675433e+01
7.056000000000000000e+03 3.526984999324365333e+01
7.057000000000000000e+03 3.526839175656616021e+01
7.058000000000000000e+03 3.526709354163624255e+01
7.059000000000000000e+03 3.526383289268645171e+01
7.060000000000000000e+03 3.526056837751726647e+01
7.061000000000000000e+03 3.525923588137674614e+01
7.062000000000000000e+03 3.525804644842752822e+01
7.063000000000000000e+03 3.525698486310008661e+01
7.064000000000000000e+03 3.525603752507704769e+01
7.065000000000000000e+03 3.525307395750110118e+01
7.066000000000000000e+03 3.525210311678104347e+01
7.067000000000000000e+03 3.524732160167569361e+01
7.068000000000000000e+03 3.524564770835196015e+01
7.069000000000000000e+03 3.524415863844449603e+01
7.070000000000000000e+03 3.524283300381302553e+01
7.071000000000000000e+03 3.524165460898787927e+01
7.072000000000000000e+03 3.524060886247922042e+01
7.073000000000000000e+03 3.523548232539668845e+01
7.074000000000000000e+03 3.523123840754726643e+01
7.075000000000000000e+03 3.522955855842700146e+01
7.076000000000000000e+03 3.522805941308360644e+01
7.077000000000000000e+03 3.522671660872596533e+01
7.078000000000000000e+03 3.522551553971315741e+01
7.079000000000000000e+03 3.522444294947965204e+01
7.080000000000000000e+03 3.521768112785188265e+01
7.081000000000000000e+03 3.521459290260244757e+01
7.082000000000000000e+03 3.521291755067790064e+01
7.083000000000000000e+03 3.521142221430740449e+01
7.084000000000000000e+03 3.521008769606498134e+01
7.085000000000000000e+03 3.520889840167581042e+01
7.086000000000000000e+03 3.520784024464327189e+01
7.087000000000000000e+03 3.520321487272359207e+01
7.088000000000000000e+03 3.520188903113900381e+01
7.089000000000000000e+03 3.519822654585368582e+01
7.090000000000000000e+03 3.518915642521380960e+01
7.091000000000000000e+03 3.518758430274471039e+01
7.092000000000000000e+03 3.518618472309070455e+01
7.093000000000000000e+03 3.518284177264608559e+01
7.094000000000000000e+03 3.518150842201082895e+01
7.095000000000000000e+03 3.518031450136257376e+01
7.096000000000000000e+03 3.517773685384317162e+01
7.097000000000000000e+03 3.517284426692538801e+01
7.098000000000000000e+03 3.517169139323438998e+01
7.099000000000000000e+03 3.517066266905376892e+01
8.000000000000000000e+03 3.324403270939886568e+01
8.001000000000000000e+03 3.324285019452408108e+01
8.002000000000000000e+03 3.324179643916828297e+01
8.003000000000000000e+03 3.324085626430790796e+01
8.004000000000000000e+03 3.324001625830471340e+01
8.005000000000000000e+03 3.323853743733878474e+01
8.006000000000000000e+03 3.323164796760423201e+01
8.007000000000000000e+03 3.323033212393593772e+01
8.008000000000000000e+03 3.322916212690067539e+01
8.009000000000000000e+03 3.322812326700254459e+01
8.010000000000000000e+03 3.322719656617098849e+01
8.011000000000000000e+03 3.322636558681276142e+01
8.012000000000000000e+03 3.322489305572774754e+01
8.013000000000000000e+03 3.321800648687963786e+01
8.014000000000000000e+03 3.321668465157561911e+01
8.015000000000000000e+03 3.321550529986537015e+01
8.016000000000000000e+03 3.321445449450948217e+01
8.017000000000000000e+03 3.321351707443110257e+01
8.018000000000000000e+03 3.321267964442755272e+01
8.019000000000000000e+03 3.321120510265695458e+01
8.020000000000000000e+03 3.320433553014875372e+01
8.021000000000000000e+03 3.320302664259973824e+01
8.022000000000000000e+03 3.320186431038692376e+01
8.023000000000000000e+03 3.320083188230886151e+01
8.024000000000000000e+03 3.319991057368095255e+01
8.025000000000000000e+03 3.319908411339570620e+01
8.026000000000000000e+03 3.319761721837216584e+01
8.027000000000000000e+03 3.319075196970009500e+01
8.028000000000000000e+03 3.318943353237999361e+01
8.029000000000000000e+03 3.318825707495683730e+01
8.030000000000000000e+03 3.318720872395093835e+01
8.031000000000000000e+03 3.318627338542500382e+01
8.032000000000000000e+03 3.318543772210907150e+01
8.033000000000000000e+03 3.318396654096157761e+01
8.034000000000000000e+03 3.317711237475043617e+01
8.035000000000000000e+03 3.317580322950220761e+01
8.036000000000000000e+03 3.317463918179620919e+01
8.037000000000000000e+03 3.317360559813584331e+01
8.038000000000000000e+03 3.317268361826234013e+01
8.039000000000000000e+03 3.317185690488305738e+01
8.040000000000000000e+03 3.317039196069916329e+01
8.041000000000000000e+03 3.316354067487154822e+01
8.042000000000000000e+03 3.316222559045483820e+01
8.043000000000000000e+03 3.316105226903488301e+01
8.044000000000000000e+03 3.316000684266661125e+01
8.045000000000000000e+03 3.315907423517626285e+01
8.046000000000000000e+03 3.315824112556597925e+01
8.047000000000000000e+03 3.315677418659584674e+01
8.048000000000000000e+03 3.314993974703676827e+01
8.049000000000000000e+03 3.314863749833039464e+01
8.050000000000000000e+03 3.314748104983107169e+01
8.051000000000000000e+03 3.314645384304257192e+01
8.052000000000000000e+03 3.314553720931991165e+01
8.053000000000000000e+03 3.314471497633965669e+01
8.054000000000000000e+03 3.314325561983616097e+01
8.055000000000000000e+03 3.313642547209783373e+01
8.056000000000000000e+03 3.313511375675012971e+01
8.057000000000000000e+03 3.313394330496556961e+01
8.058000000000000000e+03 3.313290031202053854e+01
8.059000000000000000e+03 3.313196976827378393e+01
8.060000000000000000e+03 3.313113841013981897e+01
8.061000000000000000e+03 3.312967480280023125e+01
8.062000000000000000e+03 3.312285563759355966e+01
8.063000000000000000e+03 3.312155313368607779e+01
8.064000000000000000e+03 3.312039498465941278e+01
8.065000000000000000e+03 3.311936663235997003e+01
8.066000000000000000e+03 3.311844933315465767e+01
8.067000000000000000e+03 3.311762684905526299e+01
8.068000000000000000e+03 3.311616942628911886e+01
8.069000000000000000e+03 3.310935312067150704e+01
8.070000000000000000e+03 3.310804472938090015e+01
8.071000000000000000e+03 3.310687738658536716e+01
8.072000000000000000e+03 3.310583729305896838e+01
8.073000000000000000e+03 3.310490945674173702e+01
8.074000000000000000e+03 3.310408063015751168e+01
8.075000000000000000e+03 3.310262122830644671e+01
8.076000000000000000e+03 3.309582162078123702e+01
8.077000000000000000e+03 3.309452595448809831e+01
8.078000000000000000e+03 3.309337533978056456e+01
8.079000000000000000e+03 3.309235331000952840e+01
8.080000000000000000e+03 3.309144131140558187e+01
8.081000000000000000e+03 3.309062326945194599e+01
8.082000000000000000e+03 3.308917138652810763e+01
8.083000000000000000e+03 3.308237603905591584e+01
8.084000000000000000e+03 3.308107098823257530e+01
8.085000000000000000e+03 3.307990649068648992e+01
8.086000000000000000e+03 3.307886880988097289e+01
8.087000000000000000e+03 3.307794301968885975e+01
8.088000000000000000e+03 3.307711592953234003e+01
8.089000000000000000e+03 3.307565983065080673e+01
8.090000000000000000e+03 3.306887536704577002e+01
8.091000000000000000e+03 3.306757944800624216e+01
8.092000000000000000e+03 3.306642714754555357e+01
8.093000000000000000e+03 3.306540398220408861e+01
8.094000000000000000e+03 3.306449132380396350e+01
8.095000000000000000e+03 3.306367303267828106e+01
8.096000000000000000e+03 3.306222306659351773e+01
8.097000000000000000e+03 3.305544144197457967e+01
8.098000000000000000e+03 3.305413968670475100e+01
8.099000000000000000e+03 3.305297827145502509e+01
9.000000000000000000e+03 3.145373491884508610e+01
9.001000000000000000e+03 3.145237968090922465e+01
9.002000000000000000e+03 3.145117653442980554e+01
9.003000000000000000e+03 3.144898825946346221e+01
9.004000000000000000e+03 3.144785844041157219e+01
9.005000000000000000e+03 3.144685358326217894e+01
9.006000000000000000e+03 3.144564989077200678e+01
9.007000000000000000e+03 3.144262808377179041e+01
9.008000000000000000e+03 3.144156479826322226e+01
9.009000000000000000e+03 3.144061537088575164e+01
9.010000000000000000e+03 3.143976621451089670e+01
9.011000000000000000e+03 3.143900663029516807e+01
9.012000000000000000e+03 3.143832834560281952e+01
9.013000000000000000e+03 3.143711119749309546e+01
9.014000000000000000e+03 3.143229310003417609e+01
9.015000000000000000e+03 3.142886653174182499e+01
9.016000000000000000e+03 3.142743601388260188e+01
9.017000000000000000e+03 3.142616276952894694e+01
9.018000000000000000e+03 3.142502535189264989e+01
9.019000000000000000e+03 3.142400787257743389e+01
9.020000000000000000e+03 3.142279116401739003e+01
9.021000000000000000e+03 3.141975706106116917e+01
9.022000000000000000e+03 3.141867449882650476e+01
9.023000000000000000e+03 3.141770514385643409e+01
9.024000000000000000e+03 3.141683832627950679e+01
9.025000000000000000e+03 3.141606437278736763e+01
9.026000000000000000e+03 3.141506889499847688e+01
9.027000000000000000e+03 3.141156436902760518e+01
9.028000000000000000e+03 3.140671873110385093e+01
9.029000000000000000e+03 3.140519894453522198e+01
9.030000000000000000e+03 3.140384859947630503e+01
9.031000000000000000e+03 3.140264727225969210e+01
9.032000000000000000e+03 3.140157802854215063e+01
9.033000000000000000e+03 3.140062755156264984e+01
9.034000000000000000e+03 3.139947474133517247e+01
9.035000000000000000e+03 3.139650752740584139e+01
9.036000000000000000e+03 3.139547747736963146e+01
9.037000000000000000e+03 3.139455635410814693e+01
9.038000000000000000e+03 3.139372975209681016e+01
9.039000000000000000e+03 3.139298913636605448e+01
9.040000000000000000e+03 3.139232672680848424e+01
9.041000000000000000e+03 3.139112558127419206e+01
9.042000000000000000e+03 3.138664415620570480e+01
9.043000000000000000e+03 3.138513366908426150e+01
9.044000000000000000e+03 3.138238086335174515e+01
9.045000000000000000e+03 3.138102284253086438e+01
9.046000000000000000e+03 3.137981319975083849e+01
9.047000000000000000e+03 3.137873436237840608e+01
9.048000000000000000e+03 3.137746878691328334e+01
9.049000000000000000e+03 3.137440578167640837e+01
9.050000000000000000e+03 3.137329498328920252e+01
9.051000000000000000e+03 3.137230488994752520e+01
9.052000000000000000e+03 3.137142357747018906e+01
9.053000000000000000e+03 3.137033479363381616e+01
9.054000000000000000e+03 3.136726071051716502e+01
9.055000000000000000e+03 3.136570219303226281e+01
9.056000000000000000e+03 3.136091800432923549e+01
9.057000000000000000e+03 3.135942407690040312e+01
9.058000000000000000e+03 3.135808997035747581e+01
9.059000000000000000e+03 3.135689530288024685e+01
9.060000000000000000e+03 3.135582665233030042e+01
9.061000000000000000e+03 3.135487188286567672e+01
9.062000000000000000e+03 3.135371359236696520e+01
9.063000000000000000e+03 3.135074643021172136e+01
9.064000000000000000e+03 3.134970974937633770e+01
9.065000000000000000e+03 3.134878075507980810e+01
9.066000000000000000e+03 3.134794942776755278e+01
9.067000000000000000e+03 3.134720666818821400e+01
9.068000000000000000e+03 3.134654294458571044e+01
9.069000000000000000e+03 3.134534267733350532e+01
9.070000000000000000e+03 3.134056936758640433e+01
9.071000000000000000e+03 3.133766774289162527e+01
9.072000000000000000e+03 3.133620236369603163e+01
9.073000000000000000e+03 3.133489934141656263e+01
9.074000000000000000e+03 3.133374021404506138e+01
9.075000000000000000e+03 3.133270585866054958e+01
9.076000000000000000e+03 3.133147807040638710e+01
9.077000000000000000e+03 3.132498711900962718e+01
9.078000000000000000e+03 3.132426131390517199e+01
9.079000000000000000e+03 3.132361649242059087e+01
9.080000000000000000e+03 3.132304334733295548e+01
9.081000000000000000e+03 3.132253510357644188e+01
9.082000000000000000e+03 3.132178277071357897e+01
9.083000000000000000e+03 3.131903067631959914e+01
9.084000000000000000e+03 3.131436912915367543e+01
9.085000000000000000e+03 3.131298442654108882e+01
9.086000000000000000e+03 3.131175037627354385e+01
9.087000000000000000e+03 3.131064924467987609e+01
9.088000000000000000e+03 3.130966262849803883e+01
9.089000000000000000e+03 3.130877535957681346e+01
9.090000000000000000e+03 3.130797692039944735e+01
9.091000000000000000e+03 3.130695707649537241e+01
9.092000000000000000e+03 3.130604298189531320e+01
9.093000000000000000e+03 3.130522482835402087e+01
9.094000000000000000e+03 3.130449370536885212e+01
9.095000000000000000e+03 3.130309554377214809e+01
9.096000000000000000e+03 3.129985567823961645e+01
9.097000000000000000e+03 3.129848695588164276e+01
9.098000000000000000e+03 3.129388698207653974e+01
9.099000000000000000e+03 3.129224967949420844e+01
