10000 155.09109483216398
20000 140.87280494749666
30000 80.56891049370743
40000 73.17742805284817
50000 64.87944287452129
60000 61.79842969793335
70000 58.72185655003432
80000 54.94478776023803
90000 60.886702230756775
100000 46.84749344363384
110000 27.10800638460174
120000 23.141922555239496
130000 21.056813045026352
140000 17.603113670707234
150000 16.179461925352353
160000 15.238778201943703
170000 14.156447798785532
180000 13.609941629749668
190000 13.354729451814455
200000 13.092313406295482
210000 12.878301807863838
220000 12.615598660281131
230000 12.38414392033667
240000 12.125666072826569
250000 11.869761473166355
260000 11.626402801034056
270000 11.492644321002171
280000 11.346512889533066
290000 11.138039351634339
300000 10.974196425831583
310000 10.858972582223418
320000 10.7203503011981
330000 10.585292145025125
340000 10.464012335519827
350000 10.353640588058589
360000 10.22024845203429
370000 10.100215877289614
380000 9.983600535793636
390000 9.86993709149189
400000 9.749721630480149
410000 9.61064653025344
420000 9.513667443693368
430000 9.420494175442002
440000 9.32942470420312
450000 9.239599730753792
460000 9.137102583070087
470000 9.036572220083052
480000 8.952965787466026
490000 8.858109343331598
500000 8.782230183267414
510000 8.713740312657883
520000 8.629288435394974
530000 8.550103915569919
540000 8.44876531239992
550000 8.393330334363766
560000 8.3221171063525
570000 8.254425264007063
580000 8.174066985348528
590000 8.107157029359083
600000 8.044466962815415
610000 7.97104262007016
620000 7.915458171882472
630000 7.854219190619237
640000 7.795986253045534
650000 7.735230015466444
660000 7.676621569274074
670000 7.6222031627460245
680000 7.571300486651881
690000 7.513610125447248
700000 7.4615380620475635
710000 7.417066481260353
720000 7.365823950307746
730000 7.32419610056818
740000 7.281781720250962
750000 7.2293067034080165
760000 7.190068262427241
770000 7.14613654161524
780000 7.105839267087553
790000 7.064153528806581
800000 7.020666866636717
810000 6.979374389562728
820000 6.938367676393395
830000 6.898958226953342
840000 6.86156618064112
850000 6.824182626227668
860000 6.788187980768824
870000 6.74799100554324
880000 6.7145618180377244
890000 6.682552223470383
900000 6.649561340171666
910000 6.612557321710077
920000 6.5751423984147666
930000 6.546058092540276
940000 6.510226499545525
950000 6.478641406837099
960000 6.444031305542559
970000 6.408455849747347
980000 6.376321508541851
990000 6.3481226585065
1000000 6.317137693078479
1010000 6.283419387950803
1020000 6.257886180734134
1030000 6.22796570679002
1040000 6.197718853931747
1050000 6.167193929651351
1060000 6.13696161480105
1070000 6.109772172071889
1080000 6.085086182740156
1090000 6.059339427811801
1100000 6.035699243656972
1110000 6.012671282462363
1120000 5.986528398154618
1130000 5.9613603790282435
1140000 5.938669750483167
1150000 5.915686569657157
1160000 5.892433174447547
1170000 5.864625128731162
1180000 5.836922694055081
1190000 5.815466495665153
1200000 5.790386868506784
1210000 5.767913618189176
1220000 5.745478201765026
1230000 5.724831479527533
1240000 5.70133566748671
1250000 5.677917801038922
1260000 5.660990237183152
1270000 5.639085575253546
1280000 5.617671025326375
1290000 5.596035159033999
1300000 5.575533401169204
1310000 5.5565091837102925
1320000 5.53754603729071
1330000 5.515040180969126
1340000 5.493302942464705
1350000 5.473770169697965
1360000 5.456098944110918
1370000 5.439587675654535
1380000 5.421960117065947
1390000 5.402917619493611
1400000 5.385647090554711
1410000 5.366938343294013
1420000 5.349039482225898
1430000 5.333023801637135
1440000 5.317354655622661
1450000 5.2977964357670855
1460000 5.2817893165111665
1470000 5.263587541172236
1480000 5.248049999672755
1490000 5.230623560706206
1500000 5.214722732741408
1510000 5.198653094503659
1520000 5.184777876701957
1530000 5.1696355390277455
1540000 5.155658017400935
1550000 5.140588919867269
1560000 5.123026176261003
1570000 5.1112653997557596
1580000 5.092886516548976
1590000 5.079394128949794
1600000 5.064998076498237
1610000 5.0509054651162915
1620000 5.036039884012399
1630000 5.020185013239718
1640000 5.0065772719592045
1650000 4.991272515358995
1660000 4.977135137777968
1670000 4.963015271815821
1680000 4.9491423953551195
1690000 4.935617068949747
1700000 4.921296148191173
1710000 4.908466097671777
1720000 4.895011975343359
1730000 4.881776458935337
1740000 4.867884409494636
1750000 4.8540051902451165
1760000 4.840964602277003
1770000 4.8272537192923926
1780000 4.815709202614108
1790000 4.802483869028529
1800000 4.789598788681684
1810000 4.7769712635919594
1820000 4.763182657163855
1830000 4.751658768125893
1840000 4.739146543258799
1850000 4.727231767996783
1860000 4.714344589303979
1870000 4.701836182713922
1880000 4.689077675931016
1890000 4.677754225060313
1900000 4.667740922908071
1910000 4.656138298006078
1920000 4.644514085123318
1930000 4.633537195954133
1940000 4.62060948792602
1950000 4.610379999032776
1960000 4.598185989963332
1970000 4.586638354688957
1980000 4.575875924554294
1990000 4.565657289291226
2000000 4.5536775270305725
2010000 4.543632273863853
2020000 4.532761467683493
2030000 4.522670470112202
2040000 4.512574723058707
2050000 4.501881067299449
2060000 4.490994369163159
2070000 4.48111160975614
2080000 4.471558479257343
2090000 4.460697771050513
2100000 4.44970003337059
2110000 4.439447154352497
2120000 4.430701517653024
2130000 4.42114284901277
2140000 4.409380783827217
2150000 4.399632477533901
2160000 4.38706757445033
2170000 4.377398662857318
2180000 4.369581322568636
2190000 4.360367304457794
2200000 4.350525947257278
2210000 4.3412436906477865
2220000 4.330606328539066
2230000 4.322541603374887
2240000 4.311823148501732
2250000 4.302848671604931
2260000 4.293111189611354
2270000 4.283721154475932
2280000 4.274622489296808
2290000 4.265310686643472
2300000 4.256728610730896
2310000 4.248474177662772
2320000 4.238540570694817
2330000 4.229938676838976
2340000 4.22194208668198
2350000 4.213461887445089
2360000 4.205199657414056
2370000 4.196742643592518
2380000 4.188579570123133
2390000 4.181497796805531
2400000 4.1733208203694785
2410000 4.165841087298474
2420000 4.157682180445494
2430000 4.148952713741351
2440000 4.140148407759692
2450000 4.131926094394997
2460000 4.123500797033039
2470000 4.116430267247947
2480000 4.107924089217191
2490000 4.098688152212802
2500000 4.0918654725806825
2510000 4.084085058911394
2520000 4.075615188751413
2530000 4.068272445843899
2540000 4.060624172063765
2550000 4.0539648737930145
2560000 4.047521400326265
2570000 4.040007885417059
2580000 4.033842083074869
2590000 4.026051075743908
2600000 4.018197204811592
2610000 4.0110802045772935
2620000 4.002968022960988
2630000 3.9949147834390666
2640000 3.9871780696799886
2650000 3.9805680677087576
2660000 3.9739977119272516
2670000 3.966444201014092
2680000 3.9594157969798984
2690000 3.952026893398937
2700000 3.9451500815409433
2710000 3.9382064266336614
2720000 3.931421988276503
2730000 3.924247869705676
2740000 3.9183614448259116
2750000 3.9112164382602606
2760000 3.904876781538041
2770000 3.8980735548043204
2780000 3.891473795545976
2790000 3.885202464596392
2800000 3.878079524957256
2810000 3.8713204052748766
2820000 3.864030500474565
2830000 3.857685556738793
2840000 3.850743634692917
2850000 3.844636379361525
2860000 3.83902987746497
2870000 3.832977606200652
2880000 3.8269378336319875
2890000 3.8206822428054226
2900000 3.81372828429559
2910000 3.8081725178979835
2920000 3.802138169610486
2930000 3.796797204024365
2940000 3.7899956838945617
2950000 3.7836295176807426
2960000 3.7767919351168375
2970000 3.770411394657427
2980000 3.7646307125920226
2990000 3.758824253942207
3000000 3.751754696793532
3010000 3.745962677976737
3020000 3.740545492830749
3030000 3.734377539107799
3040000 3.7284020686684
3050000 3.7231049391944926
3060000 3.7175078745255914
3070000 3.7119343032802803
3080000 3.7056152940215044
3090000 3.699755162896517
3100000 3.6940433986668704
3110000 3.6887477489172107
3120000 3.6830361338428643
3130000 3.6769634386735195
3140000 3.6722650480234
3150000 3.666676947973091
3160000 3.660829865693078
3170000 3.654610509118414
3180000 3.6493645518777558
3190000 3.644189220741394
3200000 3.639098377644069
3210000 3.633502712196629
3220000 3.627775539605862
3230000 3.6224329174018184
3240000 3.617622692426935
3250000 3.611394647340125
3260000 3.606522080140261
3270000 3.6014101259767184
3280000 3.595586481465352
3290000 3.590273580180093
3300000 3.5852957847574936
3310000 3.5808502468519827
3320000 3.5756713178211212
3330000 3.5703135583247367
3340000 3.5647587753272436
3350000 3.5598536873680615
3360000 3.5551614183240496
3370000 3.5501004369280453
3380000 3.5437608072531326
3390000 3.539041789515957
3400000 3.53420670118522
3410000 3.5289618055451593
3420000 3.523665273489341
3430000 3.5187943566833693
3440000 3.5136834262717
3450000 3.509363058740029
3460000 3.503674888246668
3470000 3.498864832110743
3480000 3.4943522699813516
3490000 3.4895344765833682
3500000 3.4848938419700266
3510000 3.480253565356024
3520000 3.4756349217791533
3530000 3.471139367612403
3540000 3.465883995143934
3550000 3.4613209648485164
3560000 3.4562640378031277
3570000 3.4521145073974604
3580000 3.4478214517756753
3590000 3.443331855720009
3600000 3.438595131303562
3610000 3.433979750426703
3620000 3.4294045267371995
3630000 3.4249968276189415
3640000 3.420739752370325
3650000 3.416331941396126
3660000 3.4125065818562343
3670000 3.4086768634763978
3680000 3.405163124677228
3690000 3.400538190436433
3700000 3.396052632942339
3710000 3.3916636403325553
3720000 3.3864649681336862
3730000 3.3820157620399196
3740000 3.377246755304434
3750000 3.3731904287280634
3760000 3.368728153388807
3770000 3.3643043611188297
3780000 3.3603523707940415
3790000 3.3561133412351793
3800000 3.3524224453459213
3810000 3.347922831215103
3820000 3.3438645704363363
3830000 3.3398252408446214
3840000 3.335959942706435
3850000 3.3314894233253627
3860000 3.327825396275738
3870000 3.3235609714042162
3880000 3.319814422661301
3890000 3.3161726779257696
3900000 3.3118590077751526
3910000 3.307653744568646
3920000 3.3037422499034137
3930000 3.2996490829445255
3940000 3.295654663352629
3950000 3.2918320203533584
3960000 3.287725936379255
3970000 3.283806931935007
3980000 3.279614085798539
3990000 3.275551863458069
4000000 3.271784411957577
4010000 3.2678636778717447
4020000 3.262973946163344
4030000 3.2588913400839754
4040000 3.2551791579785254
4050000 3.2512966710160667
4060000 3.2477581139814267
4070000 3.2437579404480075
4080000 3.239793617091154
4090000 3.235896265336687
4100000 3.232167325651362
4110000 3.2281611441872493
4120000 3.2240961852908483
4130000 3.2203631688956906
4140000 3.2169509226092847
4150000 3.213378213830994
4160000 3.209895223573922
4170000 3.2059499204911672
4180000 3.202201146907138
4190000 3.198312360723933
4200000 3.1941428731081576
4210000 3.191190936737968
4220000 3.187719669411935
4230000 3.184277404765149
4240000 3.1810933829016417
4250000 3.1770997139498602
4260000 3.173202359016799
4270000 3.169549776738299
4280000 3.166452783032193
4290000 3.1630487025963894
4300000 3.159337420992574
4310000 3.156156875493229
4320000 3.1529466307348777
4330000 3.1491730015182138
4340000 3.145321988146927
4350000 3.1421463688492706
4360000 3.1387386386598073
4370000 3.1349532906249133
4380000 3.1320024189342095
4390000 3.127982658567146
4400000 3.1246580521480585
4410000 3.1214382937243967
4420000 3.118440735297285
4430000 3.1151076821477908
4440000 3.1122184166806366
4450000 3.1086065882582052
4460000 3.1052107281472088
4470000 3.1022664421997264
4480000 3.0988251473951074
4490000 3.094764208403265
4500000 3.091296808003342
4510000 3.0880960514890674
4520000 3.084264774959668
4530000 3.0812630555734044
4540000 3.0774495741217196
4550000 3.074236184060811
4560000 3.0712661102957397
4570000 3.068191588261423
4580000 3.064930797627834
4590000 3.062223581945236
4600000 3.0592912151817204
4610000 3.055732235146686
4620000 3.0525201368129857
4630000 3.0494304774696275
4640000 3.046210243277
4650000 3.0429956467228156
4660000 3.0398349548815955
4670000 3.0368046682502525
4680000 3.033978512825678
4690000 3.030709595865755
4700000 3.0275462184841526
4710000 3.0241200533279233
4720000 3.021550076167783
4730000 3.018623563405368
4740000 3.015481773218959
4750000 3.0119523005363873
4760000 3.008885032494835
4770000 3.005859796208331
4780000 3.003155937499917
4790000 3.0002002689571663
4800000 2.997031850684884
4810000 2.9941558206154104
4820000 2.9913860962754035
4830000 2.9881799069715513
4840000 2.985660258510319
4850000 2.982193534358122
4860000 2.9791871656363944
4870000 2.9759901181935637
4880000 2.9734037299565084
4890000 2.9706723202098804
4900000 2.967721974571052
4910000 2.9647297079384005
4920000 2.9617601367805158
4930000 2.959016380601409
4940000 2.9561976759725774
4950000 2.95329716495687
4960000 2.950431193507344
4970000 2.947603793590446
4980000 2.9448244834793673
4990000 2.9420962400605926
5000000 2.9395194206633506
5010000 2.936803243140203
5020000 2.934253013927476
5030000 2.9318243341856705
5040000 2.9292968021589707
5050000 2.9265933932977695
5060000 2.9239967954414188
5070000 2.9215459311073015
5080000 2.919237412827512
5090000 2.9163389919287264
5100000 2.9135085899394415
5110000 2.9109132695214393
5120000 2.9083395258460096
5130000 2.905280632737991
5140000 2.9025867910783822
5150000 2.9001698167697736
5160000 2.897744129731686
5170000 2.8949749406018275
5180000 2.8920412982208457
5190000 2.889363162769308
5200000 2.886203266860037
5210000 2.8836427700697107
5220000 2.880809106288411
5230000 2.878326310364944
5240000 2.875827390866893
5250000 2.8730821459160634
5260000 2.870372360875185
5270000 2.8679280334496826
5280000 2.86558989271095
5290000 2.8631318438790125
5300000 2.8604165446533796
5310000 2.857879693464988
5320000 2.8550245399388188
5330000 2.8523285748677325
5340000 2.8499305256709886
5350000 2.847421067834821
5360000 2.845024078591875
5370000 2.8425631268911036
5380000 2.839932296514143
5390000 2.8372046404876605
5400000 2.834591748212196
5410000 2.8320671826860355
5420000 2.829381989256539
5430000 2.8268916385776093
5440000 2.824379035893362
5450000 2.8218342874504088
5460000 2.8193374226008707
5470000 2.8169102382294975
5480000 2.8144062480843886
5490000 2.8118750995256336
5500000 2.809445507043175
5510000 2.806805780077829
5520000 2.8041920673242715
5530000 2.8015782265508538
5540000 2.7994390963516147
5550000 2.796997718891958
5560000 2.7946009848811344
5570000 2.7923004443405355
5580000 2.790150975025967
5590000 2.787847174596845
5600000 2.785447343697626
5610000 2.7833003567133603
5620000 2.780965142085942
5630000 2.7784006388213065
5640000 2.7762916463572096
5650000 2.773978022579303
5660000 2.7717034777624727
5670000 2.769781708818867
5680000 2.7678600423354016
5690000 2.76547194380975
5700000 2.7633628197968223
5710000 2.760792234561404
5720000 2.7583778277643347
5730000 2.756253855289766
5740000 2.753950892185777
5750000 2.7521696407202016
5760000 2.7500145865506718
5770000 2.7475227481881492
5780000 2.745246405261998
5790000 2.742975896860335
5800000 2.7408081856855326
5810000 2.73898453909386
5820000 2.7368630009778827
5830000 2.734506278526871
5840000 2.732221746653649
5850000 2.7299244274295367
5860000 2.727648886640492
5870000 2.725427937492193
5880000 2.7234049533125337
5890000 2.720961446331273
5900000 2.719373870490569
5910000 2.7169152162103054
5920000 2.7147531277331924
5930000 2.7126572978997054
5940000 2.710372915716364
5950000 2.7082262246269617
5960000 2.705912702220936
5970000 2.703827192641907
5980000 2.701722558873683
5990000 2.6994855518930727
6000000 2.697372905054785
6010000 2.6954670959280302
6020000 2.6934120641370303
6030000 2.6912070762551745
6040000 2.689359901524886
6050000 2.687180879713216
6060000 2.685189625948784
6070000 2.6831929121308633
6080000 2.681119916212203
6090000 2.679285968163799
6100000 2.677149475422329
6110000 2.6751040969552755
6120000 2.672599964834906
6130000 2.670362625466905
6140000 2.6683184743199484
6150000 2.666177405680845
6160000 2.664184354008938
6170000 2.6622926410902172
6180000 2.6600142042073873
6190000 2.657978859446247
6200000 2.6560285968755446
6210000 2.6539334665357184
6220000 2.6516343323036016
6230000 2.649835440793578
6240000 2.647559306613245
6250000 2.6456580940616004
6260000 2.6435083007734277
6270000 2.641481883403973
6280000 2.6397068220239
6290000 2.6375707509417063
6300000 2.635529569836287
6310000 2.633265356922584
6320000 2.63116301176279
6330000 2.6291719224423598
6340000 2.627104723432162
6350000 2.6252082860755346
6360000 2.623315038942831
6370000 2.621243707151748
6380000 2.6193781018370217
6390000 2.6173768548513863
6400000 2.615572202066887
6410000 2.6132039115746015
6420000 2.611247347981811
6430000 2.6093397108613936
6440000 2.6072907889942427
6450000 2.6052550152937415
6460000 2.6033524447879746
6470000 2.60143858751552
6480000 2.5997605680469946
6490000 2.597830995607167
6500000 2.595919893951961
6510000 2.5941622057823928
6520000 2.5921856027455474
6530000 2.5903044053579842
6540000 2.5883959638382183
6550000 2.5866450932232143
6560000 2.5845152515766205
6570000 2.58269459243094
6580000 2.580945374297001
6590000 2.5790967574599013
6600000 2.5773397826987443
6610000 2.5755414728779598
6620000 2.573755452472021
6630000 2.571865687727237
6640000 2.5701085107259356
6650000 2.568392273666756
6660000 2.5662489324940294
6670000 2.564207675697906
6680000 2.5624835822241425
6690000 2.560563080668409
6700000 2.558773112126625
6710000 2.557172185560649
6720000 2.555367579554954
6730000 2.553561786408104
6740000 2.5518344903035772
6750000 2.550131668607607
6760000 2.548671329957338
6770000 2.5468394620107135
6780000 2.5448159835501856
6790000 2.543155883700974
6800000 2.5412652336038533
6810000 2.539540753226881
6820000 2.5376062749805333
6830000 2.5359479506800766
6840000 2.5341293349869964
6850000 2.53236018090574
6860000 2.5305632688635566
6870000 2.528873637477895
6880000 2.5271094391472313
6890000 2.5253346526762317
6900000 2.5236161993015576
6910000 2.5219732415507754
6920000 2.5201975945106008
6930000 2.518612347312418
6940000 2.516960581054025
6950000 2.515272212741687
6960000 2.5135245001077506
6970000 2.5117874091744974
6980000 2.5100137160166414
6990000 2.508479367151885
7000000 2.506945043609024
7010000 2.5051763131001903
7020000 2.503498644081705
7030000 2.5019621241582466
7040000 2.5000195196192894
7050000 2.4983918022600133
7060000 2.496691424153707
7070000 2.4950724632216303
7080000 2.49355197765707
7090000 2.491724409167791
7100000 2.489970483603403
7110000 2.4880956277532067
7120000 2.486399211704764
7130000 2.4847313824888952
7140000 2.483351173188382
7150000 2.4812782979908237
7160000 2.4795858155993553
7170000 2.478031917879021
7180000 2.476327497144613
7190000 2.4747301057744426
7200000 2.4732555977278388
7210000 2.4717714199947345
7220000 2.470098182177867
7230000 2.4685465765417334
7240000 2.466777032728691
7250000 2.4651176232970675
7260000 2.4634545894519144
7270000 2.461653368500461
7280000 2.4600326296883126
7290000 2.4584192382047076
7300000 2.4566924794601452
7310000 2.4549051113381766
7320000 2.453334081218768
7330000 2.451816513273464
7340000 2.4503514231618424
7350000 2.4486853676855267
7360000 2.4471734535755423
7370000 2.445748888575589
7380000 2.4439517040225636
7390000 2.442411418187946
7400000 2.4409970451357643
7410000 2.439087082349508
7420000 2.43753488469621
7430000 2.435738196023346
7440000 2.4343119661519204
7450000 2.432811333893352
7460000 2.4313660933929193
7470000 2.429920998668608
7480000 2.428623497983517
7490000 2.42719418223749
7500000 2.4255339125194655
7510000 2.4239676114273974
7520000 2.422359955856296
7530000 2.4208014506208895
7540000 2.4193552945672723
7550000 2.41765463042514
7560000 2.4162427680825584
7570000 2.414764758851524
7580000 2.41308971501235
7590000 2.411704551407483
7600000 2.410334809019912
7610000 2.4088911882553634
7620000 2.407460186472881
7630000 2.4059997636602035
7640000 2.404302704658833
7650000 2.4029456917679166
7660000 2.4016298629655273
7670000 2.4000463338266127
7680000 2.398535413200274
7690000 2.397066464020671
7700000 2.39555478809056
7710000 2.3939137883558663
7720000 2.3924454467277942
7730000 2.3910228901841113
7740000 2.389573556704295
7750000 2.3883575138481334
7760000 2.386724388150562
7770000 2.3853284921018445
7780000 2.3837399767345535
7790000 2.382343143247458
7800000 2.380798287945938
7810000 2.379049343207256
7820000 2.377564597919168
7830000 2.376016817225241
7840000 2.374749451189214
7850000 2.37338091524963
7860000 2.3720136909329046
7870000 2.370494984024064
7880000 2.3691846205914424
7890000 2.367428450237153
7900000 2.3659403947537543
7910000 2.364562351214563
7920000 2.3630424728578574
7930000 2.3616442616364615
7940000 2.3603575167409225
7950000 2.3588098045856727
7960000 2.357374155499278
7970000 2.355796928306892
7980000 2.3544151006327985
7990000 2.3530779764895082
8000000 2.351705536549566
8010000 2.3503618991399677
8020000 2.34905524490845
8030000 2.347892038943403
8040000 2.3465177629019673
8050000 2.3448665797160997
8060000 2.3435343422793973
8070000 2.341962881209287
8080000 2.340806995338692
8090000 2.3392987221150783
8100000 2.3378997554013248
8110000 2.336640752567897
8120000 2.335145571960836
8130000 2.3338266618503476
8140000 2.3325840496439216
8150000 2.3313596178294547
8160000 2.330087910213275
8170000 2.328644876036504
8180000 2.3272560970648244
8190000 2.3255216905809775
8200000 2.324305401009407
8210000 2.3229456962053825
8220000 2.3216422661432947
8230000 2.3203075839814145
8240000 2.319017740169898
8250000 2.3178275503816548
8260000 2.3161462541001803
8270000 2.314911655561387
8280000 2.3135936671819293
8290000 2.3123956087755206
8300000 2.3111084882137662
8310000 2.3096137047577696
8320000 2.3082232166057217
8330000 2.3067029269888066
8340000 2.3052820842147823
8350000 2.3039282223335444
8360000 2.302669342122632
8370000 2.301406375246126
8380000 2.300124987836262
8390000 2.2988261347286185
8400000 2.2974958273878103
8410000 2.296106837418013
8420000 2.294577045088198
8430000 2.2932326544954553
8440000 2.2920851147409955
8450000 2.2906647387325627
8460000 2.289567747798637
8470000 2.287897696613662
8480000 2.286622834842651
8490000 2.285369590985007
8500000 2.2839753019096354
8510000 2.2827779057330924
8520000 2.281485266221825
8530000 2.280016707486485
8540000 2.278870013976765
8550000 2.277491912077748
8560000 2.276067692803731
8570000 2.274735190623533
8580000 2.273251186159355
8590000 2.272006560093824
8600000 2.270540671916131
8610000 2.2693893843989446
8620000 2.2681187695615996
8630000 2.266684506507302
8640000 2.2653926810674476
8650000 2.263994423919857
8660000 2.2627775648712194
8670000 2.261570936256514
8680000 2.2602147373507573
8690000 2.2588673674833215
8700000 2.2575878992354377
8710000 2.256330517933151
8720000 2.255109596080791
8730000 2.253600625985214
8740000 2.2524384287329524
8750000 2.2513382116008094
8760000 2.2501736803044534
8770000 2.2490606201649355
8780000 2.24787568450649
8790000 2.2467038046805126
8800000 2.2454861283210614
8810000 2.244347026442672
8820000 2.2431187812579805
8830000 2.2417177622839897
8840000 2.2406034469418494
8850000 2.2392399889856174
8860000 2.237991703803072
8870000 2.2367927003702235
8880000 2.2356183283756548
8890000 2.234293436607586
8900000 2.232907776868189
8910000 2.2318540012648205
8920000 2.2306266260989474
8930000 2.2291868540127076
8940000 2.227973805691232
8950000 2.2265977608654586
8960000 2.225278651685352
8970000 2.2241600767513194
8980000 2.222878152767041
8990000 2.2217508662327687
9000000 2.220506831307389
9010000 2.2193666918155257
9020000 2.2183264130616083
9030000 2.2170129647355186
9040000 2.215665401433305
9050000 2.2143479282892
9060000 2.213031534482264
9070000 2.211986622231878
9080000 2.210712155536181
9090000 2.209602814172375
9100000 2.208401533663129
9110000 2.2071319760601464
9120000 2.2059854601643067
9130000 2.2048915592263127
9140000 2.2038371978991087
9150000 2.202568014062442
9160000 2.2014223559482415
9170000 2.2002417413562534
9180000 2.1990922968152566
9190000 2.197911541727873
9200000 2.19658060621519
9210000 2.19545258015286
9220000 2.1942660641336103
9230000 2.193303307597724
9240000 2.1920355732370123
9250000 2.190915793977633
9260000 2.189700709895154
9270000 2.1885955734081683
9280000 2.187493269719606
9290000 2.1864410558563816
9300000 2.1853105211862127
9310000 2.1841989041920487
9320000 2.183103251295701
9330000 2.181888244046109
9340000 2.1807708501737704
9350000 2.1795763779547053
9360000 2.1783893019673397
9370000 2.1772469126153835
9380000 2.1762623235601053
9390000 2.175059319497973
9400000 2.1740305808164386
9410000 2.172821684976697
9420000 2.1716200790047604
9430000 2.1705323342146374
9440000 2.169525260045432
9450000 2.168397550559595
9460000 2.1672385435387547
9470000 2.166079138491039
9480000 2.1651145017805087
9490000 2.164221317742303
9500000 2.1631543380686273
9510000 2.162150150566521
9520000 2.161079439817991
9530000 2.1601153299550684
9540000 2.159046089455767
9550000 2.15806327639449
9560000 2.1568461986073237
9570000 2.1556994502803697
9580000 2.154626825903554
9590000 2.153386680139241
9600000 2.152252894463761
9610000 2.15133638608439
9620000 2.15013651091402
9630000 2.1491275029748547
9640000 2.1481269324940144
9650000 2.146895376377718
9660000 2.14579778583111
9670000 2.1445397436876985
9680000 2.1434169007133295
9690000 2.1424671212224244
9700000 2.1414999573714315
9710000 2.1403993818474674
9720000 2.139424709730702
9730000 2.1383799395586522
9740000 2.137514233279878
9750000 2.1364898445351113
9760000 2.135413061812913
9770000 2.1344132034332945
9780000 2.133314400084072
9790000 2.132093952262542
9800000 2.1311301393658866
9810000 2.1301696027107204
9820000 2.129276482691587
9830000 2.128299411020835
9840000 2.1271488562732968
9850000 2.126237016522161
9860000 2.125054919684415
9870000 2.1239396817836274
9880000 2.122889029565154
9890000 2.1218022504608762
9900000 2.1207110932729476
9910000 2.119737036041372
9920000 2.1186988600999426
9930000 2.1175959171574714
9940000 2.1163675008658647
9950000 2.1153695472699128
9960000 2.1143593616378302
9970000 2.11345902858097
9980000 2.1124625490594098
9990000 2.11143112737403
10000000 2.1106443054431168
10010000 2.109533459279746
10020000 2.1085608188628613
10030000 2.107391167160285
10040000 2.1063189646929974
10050000 2.1053475518119384
10060000 2.104342998768041
10070000 2.1033383389319384
10080000 2.1023357996482113
10090000 2.1013663209962616
10100000 2.1002997622457684
10110000 2.0992672720917356
10120000 2.0982041645865213
10130000 2.0970415703583343
10140000 2.096059077073578
10150000 2.0950754733476553
10160000 2.094049099210779
10170000 2.093001653512348
10180000 2.09197004422285
10190000 2.0909374629677804
10200000 2.0900359946090683
10210000 2.088963771757972
10220000 2.088105316646165
10230000 2.0870151127542385
10240000 2.0860371713394423
10250000 2.084939960269982
10260000 2.0841216018754998
10270000 2.0830741821996495
10280000 2.08222250206778
10290000 2.081071748903136
10300000 2.080005182635156
10310000 2.0791031980692605
10320000 2.0780308380366126
10330000 2.077029116859273
10340000 2.0762801194952623
10350000 2.0752631960381045
10360000 2.0742774229476733
10370000 2.073338918377456
10380000 2.072420826363091
10390000 2.0715240274541578
10400000 2.070590786164362
10410000 2.0696728824160373
10420000 2.0686463795218004
10430000 2.0676656993207474
10440000 2.0667488275278405
10450000 2.065868039107139
10460000 2.0648815256133757
10470000 2.0639293852618765
10480000 2.0630601713372374
10490000 2.0620958934752185
10500000 2.0611848481042867
10510000 2.060120270630082
10520000 2.0589612659853116
10530000 2.057928169577379
10540000 2.0569256052330456
10550000 2.0560711739601154
10560000 2.0550671408723598
10570000 2.0540487192187746
10580000 2.0531194320771005
10590000 2.0522622184653163
10600000 2.051378371776494
10610000 2.0504286829872793
10620000 2.04951098125845
10630000 2.0488220412605815
10640000 2.047816574951581
10650000 2.0469654271430437
10660000 2.0461156801984886
10670000 2.0452111024254687
10680000 2.0443388574432135
10690000 2.0433660946498144
10700000 2.0423656166822286
10710000 2.0414872511504947
10720000 2.0405408326578556
10730000 2.039618202464207
10740000 2.0386781674641723
10750000 2.0377558592640166
10760000 2.036846136190255
10770000 2.036002184864404
10780000 2.0350792809208826
10790000 2.0342731707294717
10800000 2.0333543426332468
10810000 2.032504626591327
10820000 2.031637479979885
10830000 2.0306520603794773
10840000 2.029619693765147
10850000 2.0286449189831397
10860000 2.027802949471109
10870000 2.026939837852204
10880000 2.0260524851411787
10890000 2.025038066980328
10900000 2.0242304820706147
10910000 2.0233737220765042
10920000 2.0225992202780687
10930000 2.021757500112653
10940000 2.0209309360061987
10950000 2.0200963587792686
10960000 2.0190995162980383
10970000 2.0182698378493504
10980000 2.017251647609607
10990000 2.0162911541245436
11000000 2.015433370424241
11010000 2.0146431952550734
11020000 2.01369638485517
11030000 2.012816984429269
11040000 2.011879733627829
11050000 2.0109636920721954
11060000 2.010113392820952
11070000 2.009449232148772
11080000 2.008546776551583
11090000 2.0075381591988393
11100000 2.0065844763493113
11110000 2.005692225278266
11120000 2.004887444477374
11130000 2.0040286345871543
11140000 2.003193832491816
11150000 2.002328819253378
11160000 2.0014739346255297
11170000 2.0006051687700186
11180000 1.9996350787381207
11190000 1.9987036088394377
11200000 1.9978011409432626
11210000 1.9970401784343033
11220000 1.9961266568988123
11230000 1.995340432970269
11240000 1.9945408739873909
11250000 1.9936879608758298
11260000 1.99281856468777
11270000 1.9920483578752535
11280000 1.9912405799004647
11290000 1.9904217384117209
11300000 1.9894111345043355
11310000 1.988525955803621
11320000 1.9877072890860197
11330000 1.9867423822332355
11340000 1.9858122769708937
11350000 1.98501692717351
11360000 1.9841630550427134
11370000 1.98326767186769
11380000 1.9824753172716185
11390000 1.9817682682582016
11400000 1.9810588401512956
11410000 1.9801664598968005
11420000 1.9792574042520301
11430000 1.9784950217686652
11440000 1.9775672306993977
11450000 1.976712645939236
11460000 1.9759803064139976
11470000 1.9751967689556718
11480000 1.974447352477934
11490000 1.9736439382137707
11500000 1.972951276957722
11510000 1.9721295447010234
11520000 1.9712620087055113
11530000 1.9702864226337988
11540000 1.9695492604590161
11550000 1.9687508263010869
11560000 1.968024038617773
11570000 1.9670621467720806
11580000 1.966334326340845
11590000 1.9655806744954392
11600000 1.9648302794248238
11610000 1.963978101772591
11620000 1.9631724186589272
11630000 1.9623796332961327
11640000 1.9614591172189342
11650000 1.9606400384049265
11660000 1.9597270502649222
11670000 1.9590279807792987
11680000 1.9582561903316238
11690000 1.9573379704748415
11700000 1.9565579720435533
11710000 1.955817978786547
11720000 1.9550185152112458
11730000 1.9542268524417907
11740000 1.9534906320531298
11750000 1.952651513790712
11760000 1.951776703082799
11770000 1.9509529944846435
11780000 1.950191377086472
11790000 1.9493802538484875
11800000 1.948507483190458
11810000 1.9475858216597013
11820000 1.9468875414150448
11830000 1.946088381812869
11840000 1.9453456932561892
11850000 1.9446717404659744
11860000 1.9438350660982635
11870000 1.9430150375865085
11880000 1.9422761542381457
11890000 1.9414524883155444
11900000 1.9406408337247416
11910000 1.9398093608972555
11920000 1.9391532042490645
11930000 1.9384072472895768
11940000 1.9375385008766153
11950000 1.9368265080188647
11960000 1.9361356064055442
11970000 1.9353966207128077
11980000 1.934573042889945
11990000 1.9339050614887536
12000000 1.9331237261505703
12010000 1.932411309514518
12020000 1.9317622988693184
12030000 1.9311142941570025
12040000 1.9303144971842288
12050000 1.9293964466633706
12060000 1.9286216778008451
12070000 1.9277569139174218
12080000 1.9270658174007
12090000 1.9263334016247171
12100000 1.925569353303373
12110000 1.9247637366726549
12120000 1.9241185012075743
12130000 1.923318318285948
12140000 1.9224280213064806
12150000 1.9216612242331583
12160000 1.9209195555493621
12170000 1.9202587403959308
12180000 1.9195085859366159
12190000 1.9187879232207103
12200000 1.917998928702085
12210000 1.9172137946706445
12220000 1.9164310473323583
12230000 1.9156686742928224
12240000 1.9149395688544835
12250000 1.9141381821512706
12260000 1.913431737461457
12270000 1.9126412275086577
12280000 1.9119492816417738
12290000 1.9112319980148649
12300000 1.910502608594777
12310000 1.9097346350229265
12320000 1.9089160917616046
12330000 1.908120159669532
12340000 1.9074122923493
12350000 1.906619168190887
12360000 1.9058339740920633
12370000 1.9050492783580246
12380000 1.9040663000905342
12390000 1.9035486611972203
12400000 1.9028705301358821
