42	915.0600638205336
49	651.8210644463575
56	535.5480437805387
63	466.333276435114
70	419.11962097819935
77	384.2610824014106
84	357.1521786952625
91	335.28215878229855
98	317.1487163987435
1001	88.93532883950081
1008	88.63734952072139
1015	88.34248318228528
1022	88.05068088887208
1029	87.76188970322357
1036	87.47605767104679
1043	87.19313407311591
1050	86.91306940358676
1057	86.63581533375674
1064	86.36132467627996
1071	86.09141571252027
1078	85.82241683767772
1085	85.55593276454582
1092	85.2920270540053
1099	85.030664607696
2002	63.89406266937182
2009	63.788620572707615
2016	63.68351599109219
2023	63.57892208982413
2030	63.4748608834972
2037	63.371331747968966
2044	63.268330708567746
2051	63.16585333441399
2058	63.06389517212068
2065	62.96245181018162
2072	62.861518887941244
2079	62.76109209625911
2086	62.66116717694115
2093	62.561739921997464
3003	52.74790426560972
3010	52.689962718171245
3017	52.632197234656616
3024	52.57462457447873
3031	52.51724769380709
3038	52.46006639815868
3045	52.40495797321101
3052	52.34671644315965
3059	52.29166096879884
3066	52.23372896657974
3073	52.1790262111991
3080	52.12147918513715
3087	52.06714263034075
3094	52.009980831360856
4004	46.059260775864686
4011	46.02134221446995
4018	45.98352127153031
4025	45.94579752490452
4032	45.9100825217523
4039	45.871239940242575
4046	45.83339356473202
4053	45.79782913947874
4060	45.759238147312544
4067	45.72357533083092
4074	45.68507764984365
4081	45.64956498001507
4088	45.61125080836141
4095	45.575914113331635
5005	41.46743192118231
5012	41.44155296981207
5019	41.41290602500766
5026	41.38712547462665
5033	41.35859240513197
5040	41.332916167983235
5047	41.30449924133344
5054	41.27892769945251
5061	41.250626627210536
5068	41.22515924616802
5075	41.196973320045096
5082	41.171609418316784
5089	41.14353786633789
5096	41.118276743543085
6006	38.06022168167763
6013	38.039344985629164
6020	38.018504080017905
6027	37.99769886174785
6034	37.97692922813842
6041	37.95619507692318
6048	37.935496306248076
6055	37.914832814669374
6062	37.894204501151755
6069	37.873611265066074
6076	37.85305300618752
6083	37.83252962469328
6090	37.81204102116058
6097	37.79158709656469
7000	35.415417621299746
7007	35.39875054947837
7014	35.38210798729687
7021	35.36548987418962
7028	35.34889614980124
7035	35.33232675398556
7042	35.31578162680475
7049	35.299260708528294
7056	35.28276393963219
7063	35.266291260797956
7070	35.249842612911735
7077	35.23341793706338
7084	35.21701717454552
7091	35.20064026685276
7098	35.18428715568064
8001	33.259320600648486
8008	33.24562478920354
8015	33.23194656981116
8022	33.218285915408686
8029	33.20464279453367
8036	33.19101717317251
8043	33.17740901585193
8050	33.163818286283245
8057	33.15024494774267
8064	33.136688963295654
8071	33.123150295929186
8078	33.109628908629766
8085	33.09612476442925
8092	33.08263782643173
8099	33.06916805782923
9002	31.46618716269327
9009	31.453474881953404
9016	31.44322225978796
9023	31.43051537032293
9030	31.42027442321056
9037	31.409620023423592
9044	31.39661526852461
9051	31.386240052529363
9058	31.373464053277374
9065	31.363211189387478
9072	31.35257128194703
9079	31.33960436625142
9086	31.329270139954758
9093	31.316552580479566
10003	29.943894225373427
10010	29.93402937551548
10017	29.924174674509004
10024	29.91433010480757
10031	29.90449564890732
10038	29.8946712893469
10045	29.884857008707296
10052	29.8750527896117
10059	29.86525861472539
10066	29.855474466755595
10073	29.84570032845137
10080	29.83593618260344
10087	29.826182012044107
10094	29.816437799647094
11004	28.630837516929997
11011	28.62345991373943
11018	28.615764569112976
11025	28.605707948823582
11032	28.59819572697768
11039	28.588313989770526
11046	28.5808964939949
11053	28.571107846606516
11060	28.56374277468923
11067	28.556071631851992
11074	28.54605649022934
11081	28.538580733045684
11088	28.52875175927087
11095	28.521376515691685
12005	27.48427690343922
12012	27.476728937955333
12019	27.46918744272594
12026	27.461652408644884
12033	27.45412382656603
12040	27.446601687319166
12047	27.43908598172158
12054	27.431576700586465
12061	27.42407383472909
12068	27.41657737497122
12075	27.409087312144365
12082	27.40160363709213
12089	27.3941263406719
12096	27.386655413756074
13006	26.469381672358754
13013	26.461881676500823
13020	26.454601344170552
13027	26.447482578043772
13034	26.44257514111861
13041	26.43509695518348
13048	26.42783823687072
13055	26.42074093436925
13062	26.415848463573173
13069	26.408393260137586
13076	26.401156980426272
13083	26.39408171250352
13090	26.389204478542986
13097	26.381772540302226
14000	25.56823347773488
14007	25.56101914207884
14014	25.556191105644775
14021	25.54898733860977
14028	25.528315611842874
14035	25.526284046352295
14042	25.522314658317043
14049	25.519149311250057
14056	25.51544964681005
14063	25.50955663650927
14070	25.50541060463942
14077	25.49900426423951
14084	25.494597522006956
14091	25.487892338243977
14098	25.483334507260352
15001	24.75187506217354
15008	24.74468160878665
15015	24.739974229335886
15022	24.735131202703382
15029	24.730179006755208
15036	24.722990490703566
15043	24.718288452746926
15050	24.713452567472064
15057	24.708508967536172
15064	24.70133438809165
15071	24.696642278291243
15078	24.69181723666238
15085	24.686885218705214
15092	24.679728007250482
15099	24.67504756656443
16002	24.01136871056781
16009	24.006421935302832
16016	24.001477549037716
16023	23.996535699591696
16030	23.991596506049298
16037	23.986660064220928
16044	23.981726451065953
16051	23.97679572827535
16058	23.9718679451737
16065	23.96694314106978
16072	23.962021347160523
16079	23.957102588073255
16086	23.95218688311488
16093	23.947274247283737
17003	23.321627588203732
17010	23.31948459077635
17017	23.31689116138144
17024	23.313933400149594
17031	23.31222163568175
17038	23.308438469556343
17045	23.30451857259068
17052	23.300488439602063
17059	23.29636953086959
17066	23.292179228697172
17073	23.28793161222955
17080	23.28363808505329
17087	23.279307883553564
17094	23.277013465200717
18004	22.705384558750104
18011	22.70397769519991
18018	22.700783435919867
18025	22.68708220272633
18032	22.685522390941134
18039	22.684443116270643
18046	22.68181083082225
18053	22.67889240198371
18060	22.677234634995813
18067	22.673614470807863
18074	22.669897202028313
18081	22.667899582515332
18088	22.663699609782313
18095	22.65951403407408
19005	22.145910256263424
19012	22.141149458299736
19019	22.136564901480952
19026	22.134227318398125
19033	22.129502527768842
19040	22.12494831672094
19047	22.122624290918765
19054	22.117923860928414
19061	22.1155379123443
19068	22.110732377743616
19075	22.106114723336177
19082	22.10376468088129
19089	22.099021718121925
19096	22.094455918204634
20006	21.61670102211154
20013	21.61431881598773
20020	21.609569798672513
20027	21.60718990285026
20034	21.602445529464553
20041	21.60006797801001
20048	21.595328305611467
20055	21.592953122220784
20062	21.588218190137226
20069	21.58584539094955
20076	21.581115225589244
20083	21.578744821237443
20090	21.57401943959576
20097	21.571651436701337
21000	21.129741853272392
21007	21.12516246637194
21014	21.122879131321575
21021	21.12049322161432
21028	21.115784897953013
21035	21.11344708056646
21042	21.108821608907434
21049	21.106519435600532
21056	21.10411737920203
21063	21.099382978143733
21070	21.097034849964903
21077	21.092393277779948
21084	21.090085045655652
21091	21.087678340752284
21098	21.08293751791613
22001	20.672490145581254
22008	20.667844889055022
22015	20.665555349272935
22022	20.663185714259008
22029	20.658546718971525
22036	20.65626028122094
22043	20.653893870462483
22050	20.64926120961912
22057	20.64697790409143
22064	20.644614743744587
22071	20.639988460143904
22078	20.63770830407093
22085	20.6353484086316
22092	20.630728525139475
22099	20.628451527258786
23002	20.2439236223183
23009	20.241534449843176
23016	20.23689864480549
23023	20.234632815118893
23030	20.232304184860308
23037	20.229919163251406
23044	20.225291438213887
23051	20.2230295696233
23058	20.22070502042817
23065	20.21832418746653
23072	20.213704604092797
23079	20.211446721339613
23086	20.209126273930053
23093	20.20674964672206
24003	19.843033688444468
24010	19.838378099306958
24017	19.836121265210718
24024	19.833818148038866
24031	19.831473492467588
24038	19.82909156862178
24045	19.826676219530274
24052	19.822030119710224
24059	19.819778028519515
24066	19.817479876921062
24073	19.815140386823515
24080	19.812763807861494
24087	19.81035396462309
24094	19.805718600232936
25004	19.46481529558554
25011	19.46242270351969
25018	19.460013128687876
25025	19.45758837465179
25032	19.455150064544263
25039	19.45269965911222
25046	19.448023405414155
25053	19.445774128353797
25060	19.44349416764853
25067	19.441186696512844
25074	19.438854570767507
25081	19.43650036057902
25088	19.4341263790251
25095	19.431734707803624
26005	19.10588307856855
26012	19.10377651598187
26019	19.10163871764604
26026	19.099472902702132
26033	19.09728196831368
26040	19.09506852186447
26047	19.092834909936585
26054	19.09058324439064
26061	19.088315425837976
26068	19.086033164765666
26075	19.083738000548962
26082	19.081431318562583
26089	19.07911436558079
26096	19.076788263637518
27006	18.771278001577983
27013	18.768982354715995
27020	18.766687429451956
27027	18.76439324068838
27034	18.76209980178189
27041	18.759807124697815
27048	18.757515220149426
27055	18.75522409772313
27062	18.75293376599126
27069	18.750644232613496
27076	18.74835550442819
27083	18.746067587534565
27090	18.743780487366653
27097	18.741494208759875
28000	18.45352690296936
28007	18.451357013107824
28014	18.449187097265444
28021	18.447017237674064
28028	18.44484750829325
28035	18.442677975637544
28042	18.440508699521025
28049	18.43833973372739
28056	18.436171126613026
28063	18.434002921649803
28070	18.431835157913554
28077	18.429667870523723
28084	18.427501091039048
28091	18.425334847813666
28098	18.423169166317635
29001	18.150037187117682
29008	18.147968908481776
29015	18.145901351378125
29022	18.143834516676012
29029	18.141768405114327
29036	18.13970301731462
29043	18.137638353792898
29050	18.1355744149702
29057	18.13351120118214
29064	18.131448712687483
29071	18.129386949675848
29078	18.127325912274685
29085	18.12526560055552
29092	18.12320601453957
29099	18.12114715420283
30002	17.86143113065753
30009	17.859471495121007
30016	17.85751173437643
30023	17.855551928101953
30030	17.85359214796925
30037	17.851632458444218
30044	17.849672917507583
30051	17.847713577303445
30058	17.845754484722974
30065	17.843795681929723
30072	17.84183720683244
30079	17.839879093510564
30086	17.837921372597194
30093	17.835964071623746
31003	17.586815589729216
31010	17.584940729060303
31017	17.583066491199524
31024	17.58119287579926
31031	17.579319882512184
31038	17.577447510991227
31045	17.575575760889592
31052	17.573704631860753
31059	17.571834123558453
31066	17.569964235636704
31073	17.568094967749786
31080	17.56622631955226
31087	17.564358290698948
31094	17.56249088084493
32004	17.324872429517068
32011	17.32308322658603
32018	17.321294599393966
32025	17.31950654762959
32032	17.31771907098185
32039	17.315932169139924
32046	17.314145841793234
32053	17.312360088631436
32060	17.310574909344417
32067	17.308790303622303
32074	17.30700627115545
32081	17.305222811634465
32088	17.303439924750165
32095	17.301657610193622
33005	17.07431579698622
33012	17.072646012402245
33019	17.070972747426854
33026	17.069296403171414
33033	17.067617340608393
33040	17.065935884585265
33047	17.064252327437043
33054	17.062566932237523
33061	17.060879935725442
33068	17.05919155093801
33075	17.057501969581068
33082	17.05581136416225
33089	17.054119889910826
33096	17.05242768650556
34006	16.83548463544622
34013	16.833848277126833
34020	16.832212412654336
34027	16.83057704194433
34034	16.828942164895818
34041	16.82730778139289
34048	16.825673891306224
34055	16.824040494494465
34062	16.822407590805422
34069	16.820775180077188
34076	16.81914326213911
34083	16.817511836812706
34090	16.815880903912444
34097	16.814250463246477
35000	16.607796706635543
35007	16.60624511271323
35014	16.604692294326266
35021	16.603138419838235
35028	16.601583640753706
35035	16.60002809340414
35042	16.598471900465263
35049	16.596915172322582
35056	16.595358008300494
35063	16.59380049776837
35070	16.592242721136092
35077	16.59068475075
35084	16.589126651699285
35091	16.587568482541702
35098	16.586010295956733
36001	16.384886430654852
36008	16.383718615526192
36015	16.382517541474172
36022	16.381286577221886
36029	16.380028754599586
36036	16.37874680223395
36043	16.3774431758685
36050	16.376120085651884
36057	16.374779520697395
36064	16.373423271186542
36071	16.37205294826221
36078	16.37067000193255
36085	16.369275737184466
36092	16.367871328485766
36099	16.36645783283705
37002	16.167554225933316
37009	16.167089132525035
37016	16.1665264306598
37023	16.165875921211466
37030	16.16514642494782
37037	16.164345880541198
37044	16.163481432778052
37051	16.16255951194755
37058	16.161585905291304
37065	16.16056582130815
37072	16.159503947628444
37079	16.158404503100893
37086	16.157271284670763
37093	16.156107709570232
38003	15.974687181191147
38010	15.97329763919138
38017	15.971908473642964
38024	15.970519684377322
38031	15.969131271225704
38038	15.96774323401923
38045	15.966355572588885
38052	15.964968286765576
38059	15.963581376380116
38066	15.962194841263276
38073	15.960808681245787
38080	15.959422896158348
38087	15.958037485831646
38094	15.956652450096374
39004	15.779724141655048
39011	15.778386836753583
39018	15.77704987589406
39025	15.775713259820026
39032	15.77437698918511
39039	15.773041064562031
39046	15.771705486450688
39053	15.770370255285467
39060	15.769035371441785
39067	15.76770083524201
39074	15.766366646960773
39081	15.765032806829739
39088	15.763699315041933
39095	15.762366171755597
40005	15.591985300241085
40012	15.590697205109596
40019	15.589409405674864
40026	15.588121905384465
40033	15.586834707326972
40040	15.585547814267848
40047	15.584261228681777
40054	15.582974952781754
40061	15.581688988545254
40068	15.580403337737796
40075	15.579118001934141
40082	15.577832982537396
40089	15.57654828079616
40096	15.575263897820008
41006	15.410976323053793
41013	15.409740214461573
41020	15.408503783694039
41027	15.407267094032585
41034	15.406030202417384
41041	15.404793160081509
41048	15.403556013121673
41055	15.402318803011848
41062	15.401081567065567
41069	15.39984433885196
41076	15.398607148570214
41083	15.397370023386564
41090	15.396132987737609
41097	15.394896063603266
42000	15.237648192172971
42007	15.23645139766511
42014	15.235254633204043
42021	15.234057925066178
42028	15.23286129688823
42035	15.23166476993122
42042	15.23046836331804
42049	15.229272094247273
42056	15.228075978185634
42063	15.226880029041162
42070	15.225684259319088
42077	15.224488680262139
42084	15.223293301976785
42091	15.222098133546863
42098	15.220903183135862
43001	15.067186657377352
43008	15.066217811195889
43015	15.065230268423434
43022	15.06422592634678
43029	15.063206492512936
43036	15.062173503703129
43043	15.061128343009374
43050	15.060072255203412
43057	15.054511449851606
43064	15.053886247704023
43071	15.053208205273258
43078	15.052482634126733
43085	15.051714314664078
43092	15.05090754923393
43099	15.050066209939022
44002	14.906129950527708
44009	14.905013974029902
44016	14.903897854996305
44023	14.902781633783032
44030	14.901665346700339
44037	14.90054902641722
44044	14.899432702325537
44051	14.898316400867737
44058	14.897200145831802
44065	14.896083958616696
44072	14.894967858471283
44079	14.893851862709333
44086	14.892735986903034
44093	14.891620245057169
45003	14.748217677789807
45010	14.74717430507738
45017	14.746127160732415
45024	14.745076646611253
45031	14.744023124375126
45038	14.742966919509666
45045	14.741908324942486
45052	14.740847604298967
45059	14.739784994832505
45066	14.738720710061703
45073	14.737654942143855
45080	14.736587864011094
45087	14.735519631292895
45094	14.734450384046363
46004	14.596141565391969
46011	14.595092501551225
46018	14.594043672474752
46025	14.58913038903842
46032	14.588468498129677
46039	14.587768194830502
46046	14.58703334374189
46053	14.58626742299597
46060	14.5854735629029
46067	14.584654580733055
46074	14.583813012021034
46081	14.582951138739222
46088	14.582071014654023
46095	14.581174488146459
47005	14.448466060906856
47012	14.447449853288184
47019	14.446433852351399
47026	14.445418059606627
47033	14.444402476404825
47040	14.443387103953711
47047	14.442371943332095
47054	14.441356995502769
47061	14.440342261324107
47068	14.439327741560529
47075	14.438313436891878
47082	14.437299347921908
47089	14.43628547518587
47096	14.435271819157384
48006	14.305348885803362
48013	14.304363539223527
48020	14.303378403949804
48027	14.302393479906064
48034	14.301408767016216
48041	14.300424265204212
48048	14.299439974394037
48055	14.298455894509715
48062	14.297472025475312
48069	14.296488367214927
48076	14.295504919652705
48083	14.294521682712821
48090	14.293538656319495
48097	14.292555840396977
49000	14.167369806373783
49007	14.166427750651827
49014	14.165484492808499
49021	14.164540173072046
49028	14.163594917640838
49035	14.162648840086355
49042	14.161702042615879
49049	14.160754617208932
49056	14.159806646640025
49063	14.158858205399191
49070	14.157909360520426
49077	14.156960172327292
49084	14.15601069510397
49091	14.155060977699197
49098	14.15411106406982
50001	14.032796037809398
50008	14.031867973165193
50015	14.030940099598524
50022	14.030012417043338
50029	14.02908492543361
50036	14.028157624703343
50043	14.027230514786574
50050	14.026303595617364
50057	14.0253768671298
50064	14.02445032925801
50071	14.02352398193614
50078	14.022597825098376
50085	14.021671858678927
50092	14.020746082612034
50099	14.019820496831969
51002	13.901991795942102
51009	13.901090399398914
51016	13.900189184799174
51023	13.899288152081184
51030	13.89838730118328
51037	13.897486632043822
51044	13.896586144601203
51051	13.895685838793838
51058	13.894785714560182
51065	13.893885771838715
51072	13.892986010567945
51079	13.892086430686405
51086	13.891187032132667
51093	13.890287814845326
52003	13.774910403572813
52010	13.774034412264907
52017	13.773158594367825
52024	13.772282949823897
52031	13.771407478575478
52038	13.770532180564953
52045	13.76965705573473
52052	13.768782104027242
52059	13.767907325384957
52066	13.767032719750368
52073	13.766158287065991
52080	13.765284027274369
52087	13.764409940318075
52094	13.763536026139704
53004	13.651377100511905
53011	13.650525344889855
53018	13.649673753610024
53025	13.648822326727206
53032	13.647971064285347
53039	13.647119966318616
53046	13.646269032852407
53053	13.645418263904208
53060	13.644567659484393
53067	13.64371721959694
53074	13.642866944240067
53081	13.642016833406819
53088	13.641166887085582
53095	13.640317105260547
54005	13.53122154512116
54012	13.53039363005339
54019	13.5295657998001
54026	13.528738061624825
54033	13.527910422059705
54040	13.52708288697864
54047	13.526255461663107
54054	13.525428150861407
54061	13.524600958841983
54068	13.523773889441408
54075	13.52294694610758
54082	13.522120131938586
54089	13.521293449717684
54096	13.520466901944793
55006	13.414309154062952
55013	13.413502914207623
55020	13.412696793110921
55027	13.411890793944256
55034	13.411084919557167
55041	13.410279172509519
55048	13.409473555100472
55055	13.408668069394544
55062	13.407862717245095
55069	13.407057500315423
55076	13.406252420097795
55083	13.405447477930537
55090	13.404642675013429
55097	13.403838012421573
56000	13.301157825267726
56007	13.30038344026358
56014	13.299608078899958
56021	13.298831853209478
56028	13.298054864017057
56035	13.297277202060684
56042	13.296498949000107
56049	13.295720178324668
56056	13.29494095617034
56063	13.29416134205507
56070	13.293381389540581
56077	13.292601146827998
56084	13.291820657293908
56091	13.29103995997281
56098	13.290259089991343
57001	13.190375401542322
57008	13.189610016095617
57015	13.188844768875306
57022	13.188079659839492
57029	13.187314688946278
57036	13.186549856153794
57043	13.18578516142018
57050	13.18502060470359
57057	13.184256185962198
57064	13.183491905154188
57071	13.182727762237768
57078	13.181963757171157
57085	13.18119988991259
57092	13.180436160420317
57099	13.179672568652615
58002	13.081793880874686
58009	13.08109935438602
58016	13.08039980930867
58023	13.079695760702705
58030	13.07898767211824
58037	13.078275960746462
58044	13.0775610020555
58051	13.076843133962754
58058	13.076122660589956
58065	13.07539985564274
58072	13.074674965452253
58079	13.073948211712613
58086	13.073219793944606
58093	13.072489891713023
59003	12.976951528099423
59010	12.976224032761454
59017	12.975496664347187
59024	12.974769422819573
59031	12.974042308141563
59038	12.973315320276102
59045	12.972588459186145
59052	12.971861724834646
59059	12.971135117184573
59066	12.97040863619889
59073	12.96968228184058
59080	12.968956054072622
59087	12.968229952858014
59094	12.967503978159762
60004	12.874188647902756
60011	12.872265919407326
60018	12.87167784854709
60025	12.871077747113485
60032	12.870466830300986
60039	12.869846191781127
60046	12.869216815854799
60053	12.86857958838931
60060	12.867935306661746
60067	12.867284688218003
60074	12.8666283788459
60081	12.865966959750986
60088	12.86530095401477
60095	12.864630832407133
61005	12.773915070444318
61012	12.77322303229963
61019	12.77253104945942
61026	12.771839128048123
61033	12.771147273574428
61040	12.770455490992855
61047	12.769763784759178
61054	12.769072158880295
61061	12.768380616959119
61068	12.76768916223498
61075	12.766997797619984
61082	12.766306525731734
61089	12.765615348922779
61096	12.764924269307135
62006	12.675696673153837
62013	12.675055016708948
62020	12.674410011157176
62027	12.673762002605208
62034	12.673111302545939
62041	12.672458191319862
62048	12.671802921230302
62055	12.671145719347136
62062	12.670486790030141
62069	12.669826317200002
62076	12.66916446638222
62083	12.668501386546644
62090	12.667837211763025
62097	12.667172062691028
63000	12.581117688387259
63007	12.580457481309722
63014	12.579797339357285
63021	12.579137266782489
63028	12.57847726740967
63035	12.577817344677783
63042	12.57715750167893
63049	12.576497741193062
63056	12.575838065719182
63063	12.575178477503455
63070	12.574518978564477
63077	12.573859570716042
63084	12.573200255587622
63091	12.572541034642809
63098	12.571881909195884
64001	12.487733156481868
64008	12.48708766210748
64015	12.486442271556164
64022	12.485796984799864
64029	12.485151801810542
64036	12.484506722560166
64043	12.483861747020718
64050	12.483216875164189
64057	12.482572106962586
64064	12.48192744238791
64071	12.481282881412195
64078	12.480638424007466
64085	12.479994070145775
64092	12.47934981979917
64099	12.478705672939718
65002	12.396462819702982
65009	12.395832446831049
65016	12.395202118414446
65023	12.394571839972787
65030	12.393941616471082
65037	12.393311452375189
65044	12.392681351701732
65051	12.392051318063036
65058	12.391421354707537
65065	12.390791464556193
65072	12.390161650235221
65079	12.389531914105577
65086	12.388335568054984
65093	12.387762663483235
66003	12.307247650972865
66010	12.306630748794307
66017	12.306013942595282
66024	12.305397232374116
66031	12.304780618126784
66038	12.304164099847164
66045	12.30354767752723
66052	12.302931351157248
66059	12.301760513337793
66066	12.30119983957136
66073	12.300633715643198
66080	12.300062696145694
66087	12.29948728020949
66094	12.29890791704966
67004	12.219550462294311
67011	12.21899155067615
67018	12.218428283183552
67025	12.217861104650268
67032	12.21552407520096
67039	12.215126869615428
67046	12.21470917452312
67053	12.214273048111496
67060	12.213820342746878
67067	12.213352725556582
67074	12.21287169695282
67081	12.212378607304192
67088	12.21187467194007
67095	12.21136098465451
68005	12.13432538880141
68012	12.13376641281846
68019	12.133204385822328
68026	12.132639621828334
68033	12.130688957818384
68040	12.130257883962795
68047	12.129811004523724
68054	12.129349908964471
68061	12.128876027799745
68068	12.128390648490525
68075	12.12789492974943
68082	12.127389914415566
68089	12.126876541041858
68096	12.126355654323694
69006	12.051110588842558
69013	12.050532878130783
69020	12.049955241971515
69027	12.049377681507748
69034	12.04880019776602
69041	12.048222791668064
69048	12.047645464041286
69055	12.047068215628208
69062	12.046491047094944
69069	12.045913959038852
69076	12.045336951995406
69083	12.044760026444381
69090	12.044183182815434
69097	12.043606421493108
70000	11.969913258204748
70007	11.969347458465755
70014	11.968781741932478
70021	11.968216108584363
70028	11.967650558400864
70035	11.96708509136144
70042	11.96651970744556
70049	11.965954406632697
70056	11.965389188902336
70063	11.96482405423396
70070	11.964259002607069
70077	11.963694034001163
70084	11.963129148395756
70091	11.962564345770364
70098	11.96199962610451
71001	11.88981651738218
71008	11.889264658248266
71015	11.888712654699527
71022	11.88816052919162
71029	11.887608301932687
71036	11.887055991108102
71043	11.886503613082766
71050	11.885951182583126
71057	11.885398712861045
71064	11.884846215841254
71071	11.88429370225406
71078	11.883741181754802
71085	11.883188663031333
71092	11.88263615390078
71099	11.882083661396615
72002	11.811408180274329
72009	11.81086536636238
72016	11.810322630056454
72023	11.809779971337921
72030	11.809237390188155
72037	11.808694886588533
72044	11.808152460520443
72051	11.80761011196528
72058	11.807067840904438
72065	11.806525647319319
72072	11.805983531191336
72079	11.8054414925019
72086	11.804899531232437
72093	11.804357647364371
73003	11.734564935416042
73010	11.734033032901092
73017	11.7335012053896
73024	11.732969452863804
73031	11.73243777530594
73038	11.731906172698256
73045	11.731374645023003
73052	11.73084319226244
73059	11.730311814398833
73066	11.729780511414448
73073	11.729249283291566
73080	11.728718130012464
73087	11.72818705155943
73094	11.72765604791476
74004	11.659256005886427
74011	11.658734651271246
74018	11.658213369177878
74025	11.657692159589375
74032	11.657171022488797
74039	11.656649957859212
74046	11.65612896568369
74053	11.655608045945307
74060	11.655087198627147
74067	11.654566423712296
74074	11.654045721183849
74081	11.653525091024903
74088	11.653004533218565
74095	11.652484047747947
75005	11.585430615504903
75012	11.584919462077892
75019	11.584408378804874
75026	11.583897365669676
75033	11.583386422656133
75040	11.582875549748081
75047	11.582364746929361
75054	11.58185401418382
75061	11.581343351495313
75068	11.580832758847695
75075	11.580322236224832
75082	11.579811783610591
75089	11.579301400988848
75096	11.578791088343483
76006	11.513040317678296
76013	11.512539034528583
76020	11.51203781927224
76027	11.511536671893822
76034	11.511035592377887
76041	11.510534580709
76048	11.510033636871729
76055	11.509532760850648
76062	11.509031952630336
76069	11.508531212195376
76076	11.508030539530356
76083	11.507529934619873
76090	11.507029397448523
76097	11.506528928000908
77000	11.44253065415789
77007	11.442038859511172
77014	11.441547130612985
77021	11.441055467448571
77028	11.440563870003162
77035	11.440072338262006
77042	11.43958087221035
77049	11.439089471833451
77056	11.438598137116564
77063	11.438106868044958
77070	11.437615664603893
77077	11.437124526778645
77084	11.436633454554492
77091	11.436142447916716
77098	11.4356515068506
78001	11.372864595808876
78008	11.372382055486444
78015	11.371899578847577
78022	11.371417165878157
78029	11.370934816564066
78036	11.370452530891203
78043	11.369970308845458
78050	11.369488150412733
78057	11.369006055578932
78064	11.368524024329968
78071	11.368042056651747
78078	11.36756015253019
78085	11.36707831195122
78092	11.366596534900761
78099	11.366114821364746
79002	11.304501244773888
79009	11.304027669934454
79016	11.303554156803584
79023	11.303080705367767
79030	11.302607315613509
79037	11.302133987527306
79044	11.301660721095663
79051	11.301187516305097
79058	11.300714373142117
79065	11.300241291593245
79072	11.299768271644998
79079	11.29929531328391
79086	11.298822416496506
79093	11.298349581269328
80003	11.237400193266804
80010	11.236935307576388
80017	11.236470481704513
80024	11.236005715638257
80031	11.235541009364688
80038	11.235076362870894
80045	11.23461177614395
80052	11.234147249170945
80059	11.233682781938972
80066	11.233218374435124
80073	11.2327540266465
80080	11.232289738560203
80087	11.231825510163338
80094	11.231361341443016
81004	11.171488218590921
81011	11.17103521292977
81018	11.170581919737868
81025	11.1701283735568
81032	11.169674605472743
81039	11.169220643462037
81046	11.168766512702144
81053	11.168312235851552
81060	11.16785783330166
81067	11.167403323403502
81074	11.166948722671773
81081	11.166494045968465
81088	11.166039306668141
81095	11.165584516806678
82005	11.106831957691462
82012	11.106383667927751
82019	11.105935434439091
82026	11.105487257213627
82033	11.1050391362395
82040	11.104591071504863
82047	11.104143062997869
82054	11.103695110706669
82061	11.103247214619422
82068	11.102799374724288
82075	11.10235159100943
82082	11.101903863463015
82089	11.101456192073211
82096	11.101008576828193
83006	11.043292278670165
83013	11.042851917431289
83020	11.042411610805777
83027	11.041971358782256
83034	11.041531161349347
83041	11.041091018495687
83048	11.040650930209901
83055	11.040210896480634
83062	11.039770917296522
83069	11.039330992646208
83076	11.03889112251834
83083	11.038451306901564
83090	11.03801154578454
83097	11.03757183915592
84000	10.981302455671262
84007	10.980869737173233
84014	10.980437071705827
84021	10.980004459258131
84028	10.979571899819227
84035	10.979139393378212
84042	10.978706939924171
84049	10.978274539446204
84056	10.977842191933412
84063	10.977409897374894
84070	10.976977655759761
84077	10.976545467077116
84084	10.976113331316075
84091	10.97568124846575
84098	10.975249218515263
85001	10.919956973411754
85008	10.919531728946977
85015	10.919106535983293
85022	10.918681394510227
85029	10.918256304517307
85036	10.91783126599406
85043	10.91740627893002
85050	10.916981343314722
85057	10.916556459137702
85064	10.916131626388506
85071	10.915706845056674
85078	10.915282115131756
85085	10.914857436603302
85092	10.914432809460866
85099	10.914008233694
86002	10.859664955739479
86009	10.85924697097321
86016	10.858829036239765
86023	10.858411151529086
86030	10.857993316831116
86037	10.857575532135805
86044	10.8571577974331
86051	10.85674011271295
86058	10.856322477965314
86065	10.855904893180147
86072	10.855487358347409
86079	10.855069873457065
86086	10.85465243849908
86093	10.854235053463423
87003	10.800396364166083
87010	10.799985433299558
87017	10.799574551055727
87024	10.799163717424925
87031	10.79875293239749
87038	10.798342195963764
87045	10.797931508114093
87052	10.797520868838827
87059	10.797110278128313
87066	10.796699735972904
87073	10.796289242362956
87080	10.795878797288829
87087	10.795468400740878
87094	10.795058052709471
88004	10.742122349778889
88011	10.741718275116359
88018	10.74131424772159
88025	10.740910267585296
88032	10.740506334698193
88039	10.740102449051
88046	10.739698610634434
88053	10.739294819439223
88060	10.738891075456088
88067	10.738487378675762
88074	10.73808372908897
88081	10.737680126686449
88088	10.737276571458935
88095	10.736873063397164
89005	10.684815193236831
89012	10.684417784779157
89019	10.684020422286766
89026	10.68362310575073
89033	10.683225835162123
89040	10.682828610512015
89047	10.682431431791489
89054	10.68203429899162
89061	10.681637212103496
89068	10.6812401711182
89075	10.680843176026817
89082	10.680446226820438
89089	10.679081276267592
89096	10.678781223526757
90006	10.628448247448127
90013	10.628057322609163
90020	10.627666442473057
90027	10.627275607032203
90034	10.626884816278896
90041	10.626494070205341
90048	10.626103368803676
90055	10.625712712065962
90062	10.6253220999842
90069	10.624931532550335
90076	10.62454100975626
90083	10.624150531593834
90090	10.62376009805486
90097	10.623369709131119
91000	10.57338055019542
91007	10.57299588953504
91014	10.572611272390414
91021	10.572226698753273
91028	10.571842168615353
91035	10.57145768196839
91042	10.571073238804118
91049	10.570688839114283
91056	10.570304482890624
91063	10.569920170124885
91070	10.569535900808813
91077	10.569151674934158
91084	10.568767492492674
91091	10.568383353476111
91098	10.567999257876227
92001	10.518811982061916
92008	10.518433461244717
92015	10.518054982782923
92022	10.517676546668575
92029	10.517298152893712
92036	10.516919801450383
92043	10.516541492330632
92050	10.516163225526505
92057	10.51578500103005
92064	10.515406818833325
92071	10.515028678928381
92078	10.514650581307274
92085	10.51427252596206
92092	10.513894512884805
92099	10.513516542067567
93002	10.465109775745688
93009	10.464737231919944
93016	10.464364729332262
93023	10.463992267974971
93030	10.463619847840409
93037	10.463247468920912
93044	10.462875131208818
93051	10.462502834696469
93058	10.462130579376208
93065	10.46175836524038
93072	10.461386192281331
93079	10.461014060491411
93086	10.460641969862973
93093	10.460269920388363
94003	10.412251073174247
94010	10.411884349491928
94017	10.411517665971294
94024	10.41115102260496
94031	10.410784419385537
94038	10.410417856305644
94045	10.410051333357897
94052	10.409684850534916
94059	10.409318407829327
94066	10.40895200523375
94073	10.408585642740816
94080	10.408219320343147
94087	10.407853038033375
94094	10.40748679580413
95004	10.360213854574097
95011	10.359852799908737
95018	10.359491784367746
95025	10.359130807944
95032	10.35876987063038
95039	10.35840897241977
95046	10.358048113305056
95053	10.35768729327912
95060	10.357326512334854
95067	10.356965770465148
95074	10.356605067662894
95081	10.356244403920982
95088	10.355883779232313
95095	10.355523193589782
96005	10.308976899279347
96012	10.308621367959972
96019	10.308265874764892
96026	10.307910419687243
96033	10.30755500272016
96040	10.307199623856782
96047	10.306844283090244
96054	10.30648898041369
96061	10.306133715820259
96068	10.305778489303098
96075	10.305423300855349
96082	10.305068150470165
96089	10.30471303814069
96096	10.304357963860078
97006	10.258519748759317
97013	10.258169600319349
97020	10.257819489039152
97027	10.257469414912102
97034	10.257119377931579
97041	10.25676937809096
97048	10.256419415383629
97055	10.256069489802966
97062	10.25571960134236
97069	10.255369749995193
97076	10.255019935754856
97083	10.254670158614736
97090	10.254320418568227
97097	10.25397071560872
98000	10.209167609013523
98007	10.208822671718124
98014	10.208477770658298
98021	10.208132905827652
98028	10.207788077219792
98035	10.20744328482833
98042	10.207098528646874
98049	10.20675380866904
98056	10.206409124888442
98063	10.206064477298698
98070	10.205719865893421
98077	10.205375290666233
98084	10.205030751610753
98091	10.204686248720606
98098	10.204341781989417
99001	10.160206450903074
99008	10.159866631130265
99015	10.159526846694625
99022	10.159187097589978
99029	10.158847383810162
99036	10.158507705349
99043	10.158168062200332
99050	10.157828454357984
99057	10.1574888818158
99064	10.15714934456761
99071	10.15680984260726
99078	10.156470375928585
99085	10.156130944525428
99092	10.155791548391633
99099	10.155452187521043
