5.760000000000000000e+02,1.328000000000000000e+03,1.248000000000000000e+03,9.690000000000000000e+02,7.190000000000000000e+02,6.550000000000000000e+02
5.630000000000000000e+02,5.630000000000000000e+02,5.620000000000000000e+02,5.620000000000000000e+02,4.980000000000000000e+02,5.620000000000000000e+02
3.800000000000000000e+01,2.340000000000000000e+02,3.700000000000000000e+01,3.700000000000000000e+01,3.700000000000000000e+01,3.700000000000000000e+01
2.600000000000000000e+01,2.600000000000000000e+01,2.040000000000000000e+02,2.600000000000000000e+01,2.600000000000000000e+01,2.500000000000000000e+01
9.000000000000000000e+00,8.000000000000000000e+00,8.000000000000000000e+00,7.500000000000000000e+01,8.000000000000000000e+00,8.000000000000000000e+00
9.000000000000000000e+00,1.000000000000000000e+00,1.000000000000000000e+00,1.000000000000000000e+00,2.120000000000000000e+02,1.000000000000000000e+00
1.000000000000000000e+00,1.000000000000000000e+00,1.000000000000000000e+00,1.000000000000000000e+00,1.000000000000000000e+00,9.600000000000000000e+01

1.088000000000000000e+03,2.529000000000000000e+03,2.384000000000000000e+03,1.938000000000000000e+03,1.417000000000000000e+03,1.529000000000000000e+03
1.065000000000000000e+03,1.065000000000000000e+03,1.065000000000000000e+03,1.065000000000000000e+03,9.330000000000000000e+02,1.064000000000000000e+03
7.000000000000000000e+01,5.070000000000000000e+02,7.000000000000000000e+01,7.000000000000000000e+01,7.000000000000000000e+01,7.000000000000000000e+01
5.300000000000000000e+01,5.200000000000000000e+01,5.100000000000000000e+02,5.200000000000000000e+01,5.200000000000000000e+01,5.200000000000000000e+01
1.700000000000000000e+01,1.700000000000000000e+01,1.700000000000000000e+01,3.090000000000000000e+02,1.700000000000000000e+01,1.700000000000000000e+01
1.200000000000000000e+01,1.000000000000000000e+00,1.000000000000000000e+00,1.000000000000000000e+00,5.020000000000000000e+02,1.000000000000000000e+00
1.000000000000000000e+00,1.000000000000000000e+00,1.000000000000000000e+00,1.000000000000000000e+00,1.000000000000000000e+00,3.130000000000000000e+02

1.554000000000000000e+03,3.622000000000000000e+03,3.420000000000000000e+03,2.832000000000000000e+03,2.201000000000000000e+03,2.537000000000000000e+03
1.531000000000000000e+03,1.531000000000000000e+03,1.530000000000000000e+03,1.530000000000000000e+03,1.331000000000000000e+03,1.530000000000000000e+03
1.010000000000000000e+02,7.840000000000000000e+02,1.010000000000000000e+02,1.010000000000000000e+02,1.010000000000000000e+02,1.010000000000000000e+02
7.100000000000000000e+01,7.000000000000000000e+01,7.800000000000000000e+02,7.000000000000000000e+01,7.000000000000000000e+01,7.000000000000000000e+01
2.400000000000000000e+01,2.300000000000000000e+01,2.300000000000000000e+01,5.500000000000000000e+02,2.300000000000000000e+01,2.300000000000000000e+01
1.600000000000000000e+01,1.000000000000000000e+00,1.000000000000000000e+00,1.000000000000000000e+00,1.127000000000000000e+03,1.000000000000000000e+00
1.000000000000000000e+00,1.000000000000000000e+00,1.000000000000000000e+00,1.000000000000000000e+00,1.000000000000000000e+00,6.130000000000000000e+02

2.007000000000000000e+03,4.722000000000000000e+03,4.451000000000000000e+03,3.822000000000000000e+03,3.018000000000000000e+03,3.456000000000000000e+03
1.995000000000000000e+03,1.994000000000000000e+03,1.994000000000000000e+03,1.994000000000000000e+03,1.726000000000000000e+03,1.994000000000000000e+03
1.350000000000000000e+02,1.081000000000000000e+03,1.350000000000000000e+02,1.350000000000000000e+02,1.350000000000000000e+02,1.340000000000000000e+02
9.000000000000000000e+01,9.000000000000000000e+01,1.080000000000000000e+03,9.000000000000000000e+01,9.000000000000000000e+01,9.000000000000000000e+01
3.300000000000000000e+01,3.300000000000000000e+01,3.300000000000000000e+01,9.280000000000000000e+02,3.300000000000000000e+01,3.300000000000000000e+01
1.800000000000000000e+01,1.000000000000000000e+00,1.000000000000000000e+00,1.000000000000000000e+00,1.622000000000000000e+03,1.000000000000000000e+00
1.000000000000000000e+00,1.000000000000000000e+00,1.000000000000000000e+00,1.000000000000000000e+00,1.000000000000000000e+00,8.000000000000000000e+02

2.441000000000000000e+03,5.744000000000000000e+03,5.405000000000000000e+03,4.679000000000000000e+03,3.801000000000000000e+03,4.751000000000000000e+03
2.438000000000000000e+03,2.437000000000000000e+03,2.437000000000000000e+03,2.437000000000000000e+03,2.103000000000000000e+03,2.437000000000000000e+03
1.620000000000000000e+02,1.348000000000000000e+03,1.620000000000000000e+02,1.620000000000000000e+02,1.620000000000000000e+02,1.620000000000000000e+02
1.070000000000000000e+02,1.070000000000000000e+02,1.357000000000000000e+03,1.070000000000000000e+02,1.060000000000000000e+02,1.060000000000000000e+02
4.200000000000000000e+01,4.100000000000000000e+01,4.100000000000000000e+01,1.310000000000000000e+03,4.100000000000000000e+01,4.100000000000000000e+01
2.000000000000000000e+01,1.000000000000000000e+00,1.000000000000000000e+00,1.000000000000000000e+00,2.171000000000000000e+03,1.000000000000000000e+00
1.000000000000000000e+00,1.000000000000000000e+00,1.000000000000000000e+00,1.000000000000000000e+00,1.000000000000000000e+00,1.126000000000000000e+03

2.888000000000000000e+03,6.768000000000000000e+03,6.372000000000000000e+03,5.558000000000000000e+03,4.704000000000000000e+03,5.866000000000000000e+03
2.896000000000000000e+03,2.896000000000000000e+03,2.896000000000000000e+03,2.896000000000000000e+03,2.487000000000000000e+03,2.896000000000000000e+03
1.880000000000000000e+02,1.622000000000000000e+03,1.870000000000000000e+02,1.870000000000000000e+02,1.870000000000000000e+02,1.870000000000000000e+02
1.240000000000000000e+02,1.230000000000000000e+02,1.663000000000000000e+03,1.230000000000000000e+02,1.230000000000000000e+02,1.230000000000000000e+02
4.600000000000000000e+01,4.600000000000000000e+01,4.600000000000000000e+01,1.616000000000000000e+03,4.600000000000000000e+01,4.600000000000000000e+01
2.200000000000000000e+01,1.000000000000000000e+00,1.000000000000000000e+00,1.000000000000000000e+00,2.825000000000000000e+03,1.000000000000000000e+00
1.000000000000000000e+00,1.000000000000000000e+00,1.000000000000000000e+00,1.000000000000000000e+00,1.000000000000000000e+00,1.338000000000000000e+03

3.319000000000000000e+03,7.782000000000000000e+03,7.301000000000000000e+03,6.403000000000000000e+03,6.273000000000000000e+03,7.054000000000000000e+03
3.338000000000000000e+03,3.338000000000000000e+03,3.338000000000000000e+03,3.337000000000000000e+03,2.860000000000000000e+03,3.337000000000000000e+03
2.160000000000000000e+02,1.906000000000000000e+03,2.160000000000000000e+02,2.160000000000000000e+02,2.160000000000000000e+02,2.160000000000000000e+02
1.390000000000000000e+02,1.390000000000000000e+02,1.940000000000000000e+03,1.380000000000000000e+02,1.380000000000000000e+02,1.380000000000000000e+02
5.100000000000000000e+01,5.100000000000000000e+01,5.100000000000000000e+01,1.946000000000000000e+03,5.100000000000000000e+01,5.100000000000000000e+01
2.200000000000000000e+01,2.100000000000000000e+01,1.600000000000000000e+01,1.000000000000000000e+00,2.856000000000000000e+03,1.000000000000000000e+00
1.000000000000000000e+00,1.000000000000000000e+00,1.000000000000000000e+00,1.000000000000000000e+00,1.000000000000000000e+00,1.579000000000000000e+03

3.752000000000000000e+03,8.839000000000000000e+03,8.216000000000000000e+03,7.263000000000000000e+03,7.000000000000000000e+03,8.793000000000000000e+03
3.782000000000000000e+03,3.782000000000000000e+03,3.782000000000000000e+03,3.781000000000000000e+03,3.226000000000000000e+03,3.781000000000000000e+03
2.480000000000000000e+02,2.206000000000000000e+03,2.480000000000000000e+02,2.480000000000000000e+02,2.470000000000000000e+02,2.470000000000000000e+02
1.520000000000000000e+02,1.520000000000000000e+02,2.224000000000000000e+03,1.520000000000000000e+02,1.520000000000000000e+02,1.510000000000000000e+02
5.600000000000000000e+01,5.600000000000000000e+01,5.600000000000000000e+01,2.281000000000000000e+03,5.500000000000000000e+01,5.500000000000000000e+01
2.200000000000000000e+01,2.100000000000000000e+01,2.000000000000000000e+01,2.000000000000000000e+01,2.856000000000000000e+03,1.000000000000000000e+00
1.000000000000000000e+00,1.000000000000000000e+00,1.000000000000000000e+00,1.000000000000000000e+00,1.000000000000000000e+00,2.072000000000000000e+03

4.206000000000000000e+03,9.891000000000000000e+03,9.238000000000000000e+03,8.244000000000000000e+03,8.081000000000000000e+03,9.752000000000000000e+03
4.256000000000000000e+03,4.256000000000000000e+03,4.256000000000000000e+03,4.255000000000000000e+03,3.614000000000000000e+03,4.255000000000000000e+03
2.730000000000000000e+02,2.498000000000000000e+03,2.730000000000000000e+02,2.730000000000000000e+02,2.730000000000000000e+02,2.730000000000000000e+02
1.700000000000000000e+02,1.690000000000000000e+02,2.574000000000000000e+03,1.690000000000000000e+02,1.690000000000000000e+02,1.690000000000000000e+02
6.200000000000000000e+01,6.200000000000000000e+01,6.200000000000000000e+01,2.826000000000000000e+03,6.200000000000000000e+01,6.200000000000000000e+01
2.200000000000000000e+01,2.100000000000000000e+01,2.100000000000000000e+01,2.100000000000000000e+01,2.975000000000000000e+03,2.100000000000000000e+01
1.000000000000000000e+00,1.000000000000000000e+00,1.000000000000000000e+00,1.000000000000000000e+00,1.000000000000000000e+00,2.191000000000000000e+03

4.585000000000000000e+03,1.080200000000000000e+04,1.006800000000000000e+04,9.059000000000000000e+03,9.111000000000000000e+03,1.109400000000000000e+04
4.651000000000000000e+03,4.651000000000000000e+03,4.651000000000000000e+03,4.650000000000000000e+03,3.938000000000000000e+03,4.650000000000000000e+03
3.010000000000000000e+02,2.774000000000000000e+03,3.010000000000000000e+02,3.010000000000000000e+02,3.000000000000000000e+02,3.000000000000000000e+02
1.840000000000000000e+02,1.840000000000000000e+02,2.869000000000000000e+03,1.840000000000000000e+02,1.840000000000000000e+02,1.840000000000000000e+02
6.800000000000000000e+01,6.800000000000000000e+01,6.800000000000000000e+01,3.251000000000000000e+03,6.800000000000000000e+01,6.700000000000000000e+01
2.300000000000000000e+01,2.300000000000000000e+01,2.300000000000000000e+01,2.300000000000000000e+01,3.787000000000000000e+03,2.300000000000000000e+01
1.000000000000000000e+00,1.000000000000000000e+00,1.000000000000000000e+00,1.000000000000000000e+00,1.000000000000000000e+00,2.527000000000000000e+03

4.968000000000000000e+03,1.170500000000000000e+04,1.091500000000000000e+04,9.862000000000000000e+03,1.008600000000000000e+04,1.270100000000000000e+04
5.055000000000000000e+03,5.054000000000000000e+03,5.054000000000000000e+03,5.054000000000000000e+03,4.269000000000000000e+03,5.054000000000000000e+03
3.260000000000000000e+02,3.044000000000000000e+03,3.250000000000000000e+02,3.250000000000000000e+02,3.250000000000000000e+02,3.250000000000000000e+02
1.970000000000000000e+02,1.970000000000000000e+02,3.162000000000000000e+03,1.970000000000000000e+02,1.960000000000000000e+02,1.960000000000000000e+02
7.200000000000000000e+01,7.100000000000000000e+01,7.100000000000000000e+01,3.651000000000000000e+03,7.100000000000000000e+01,7.100000000000000000e+01
2.400000000000000000e+01,2.400000000000000000e+01,2.400000000000000000e+01,2.400000000000000000e+01,4.284000000000000000e+03,2.400000000000000000e+01
1.000000000000000000e+00,1.000000000000000000e+00,1.000000000000000000e+00,1.000000000000000000e+00,1.000000000000000000e+00,2.992000000000000000e+03

5.333000000000000000e+03,1.255400000000000000e+04,1.171900000000000000e+04,1.067700000000000000e+04,1.107600000000000000e+04,1.436800000000000000e+04
5.436000000000000000e+03,5.436000000000000000e+03,5.436000000000000000e+03,5.435000000000000000e+03,4.581000000000000000e+03,5.435000000000000000e+03
3.510000000000000000e+02,3.301000000000000000e+03,3.500000000000000000e+02,3.500000000000000000e+02,3.500000000000000000e+02,3.500000000000000000e+02
2.080000000000000000e+02,2.080000000000000000e+02,3.409000000000000000e+03,2.080000000000000000e+02,2.080000000000000000e+02,2.080000000000000000e+02
7.600000000000000000e+01,7.600000000000000000e+01,7.600000000000000000e+01,4.024000000000000000e+03,7.600000000000000000e+01,7.500000000000000000e+01
2.500000000000000000e+01,2.500000000000000000e+01,2.500000000000000000e+01,2.500000000000000000e+01,5.100000000000000000e+03,2.500000000000000000e+01
1.000000000000000000e+00,1.000000000000000000e+00,1.000000000000000000e+00,1.000000000000000000e+00,1.000000000000000000e+00,3.380000000000000000e+03

5.698000000000000000e+03,1.344300000000000000e+04,1.250000000000000000e+04,1.145900000000000000e+04,1.214400000000000000e+04,1.583800000000000000e+04
5.832000000000000000e+03,5.832000000000000000e+03,5.831000000000000000e+03,5.831000000000000000e+03,4.908000000000000000e+03,5.831000000000000000e+03
3.750000000000000000e+02,3.566000000000000000e+03,3.750000000000000000e+02,3.750000000000000000e+02,3.740000000000000000e+02,3.740000000000000000e+02
2.220000000000000000e+02,2.220000000000000000e+02,3.727000000000000000e+03,2.210000000000000000e+02,2.210000000000000000e+02,2.210000000000000000e+02
7.900000000000000000e+01,7.900000000000000000e+01,7.900000000000000000e+01,4.461000000000000000e+03,7.900000000000000000e+01,7.900000000000000000e+01
2.600000000000000000e+01,2.600000000000000000e+01,2.600000000000000000e+01,2.600000000000000000e+01,5.893000000000000000e+03,2.600000000000000000e+01
1.000000000000000000e+00,1.000000000000000000e+00,1.000000000000000000e+00,1.000000000000000000e+00,1.000000000000000000e+00,3.696000000000000000e+03

6.070000000000000000e+03,1.430200000000000000e+04,1.332300000000000000e+04,1.225200000000000000e+04,1.316000000000000000e+04,1.741200000000000000e+04
6.226000000000000000e+03,6.226000000000000000e+03,6.225000000000000000e+03,6.225000000000000000e+03,5.228000000000000000e+03,6.225000000000000000e+03
3.980000000000000000e+02,3.828000000000000000e+03,3.980000000000000000e+02,3.980000000000000000e+02,3.970000000000000000e+02,3.970000000000000000e+02
2.360000000000000000e+02,2.360000000000000000e+02,4.039000000000000000e+03,2.360000000000000000e+02,2.350000000000000000e+02,2.350000000000000000e+02
8.400000000000000000e+01,8.400000000000000000e+01,8.400000000000000000e+01,4.942000000000000000e+03,8.400000000000000000e+01,8.400000000000000000e+01
2.700000000000000000e+01,2.700000000000000000e+01,2.700000000000000000e+01,2.700000000000000000e+01,6.490000000000000000e+03,2.700000000000000000e+01
1.000000000000000000e+00,1.000000000000000000e+00,1.000000000000000000e+00,1.000000000000000000e+00,1.000000000000000000e+00,4.101000000000000000e+03

6.423000000000000000e+03,1.513100000000000000e+04,1.415500000000000000e+04,1.306500000000000000e+04,1.432100000000000000e+04,1.873600000000000000e+04
6.607000000000000000e+03,6.606000000000000000e+03,6.606000000000000000e+03,6.606000000000000000e+03,5.538000000000000000e+03,6.606000000000000000e+03
4.210000000000000000e+02,4.087000000000000000e+03,4.210000000000000000e+02,4.200000000000000000e+02,4.200000000000000000e+02,4.200000000000000000e+02
2.510000000000000000e+02,2.510000000000000000e+02,4.360000000000000000e+03,2.510000000000000000e+02,2.510000000000000000e+02,2.510000000000000000e+02
8.800000000000000000e+01,8.800000000000000000e+01,8.800000000000000000e+01,5.450000000000000000e+03,8.800000000000000000e+01,8.800000000000000000e+01
2.800000000000000000e+01,2.800000000000000000e+01,2.800000000000000000e+01,2.800000000000000000e+01,7.406000000000000000e+03,2.800000000000000000e+01
1.000000000000000000e+00,1.000000000000000000e+00,1.000000000000000000e+00,1.000000000000000000e+00,1.000000000000000000e+00,4.355000000000000000e+03

6.775000000000000000e+03,1.599100000000000000e+04,1.494700000000000000e+04,1.381900000000000000e+04,1.540200000000000000e+04,2.021000000000000000e+04
6.985000000000000000e+03,6.985000000000000000e+03,6.985000000000000000e+03,6.984000000000000000e+03,5.843000000000000000e+03,6.984000000000000000e+03
4.460000000000000000e+02,4.357000000000000000e+03,4.450000000000000000e+02,4.450000000000000000e+02,4.450000000000000000e+02,4.450000000000000000e+02
2.650000000000000000e+02,2.650000000000000000e+02,4.679000000000000000e+03,2.640000000000000000e+02,2.640000000000000000e+02,2.640000000000000000e+02
9.100000000000000000e+01,9.100000000000000000e+01,9.100000000000000000e+01,5.879000000000000000e+03,9.100000000000000000e+01,9.100000000000000000e+01
2.900000000000000000e+01,2.900000000000000000e+01,2.800000000000000000e+01,2.800000000000000000e+01,8.351000000000000000e+03,2.800000000000000000e+01
1.000000000000000000e+00,1.000000000000000000e+00,1.000000000000000000e+00,1.000000000000000000e+00,1.000000000000000000e+00,4.674000000000000000e+03

7.130000000000000000e+03,1.684200000000000000e+04,1.573300000000000000e+04,1.465600000000000000e+04,1.634800000000000000e+04,2.193400000000000000e+04
7.367000000000000000e+03,7.367000000000000000e+03,7.367000000000000000e+03,7.367000000000000000e+03,6.152000000000000000e+03,7.367000000000000000e+03
4.700000000000000000e+02,4.620000000000000000e+03,4.700000000000000000e+02,4.690000000000000000e+02,4.690000000000000000e+02,4.690000000000000000e+02
2.770000000000000000e+02,2.770000000000000000e+02,4.994000000000000000e+03,2.770000000000000000e+02,2.770000000000000000e+02,2.770000000000000000e+02
9.600000000000000000e+01,9.600000000000000000e+01,9.500000000000000000e+01,6.477000000000000000e+03,9.500000000000000000e+01,9.500000000000000000e+01
2.900000000000000000e+01,2.900000000000000000e+01,2.900000000000000000e+01,2.900000000000000000e+01,8.794000000000000000e+03,2.900000000000000000e+01
1.000000000000000000e+00,1.000000000000000000e+00,1.000000000000000000e+00,1.000000000000000000e+00,1.000000000000000000e+00,5.126000000000000000e+03

7.474000000000000000e+03,1.767500000000000000e+04,1.652500000000000000e+04,1.546700000000000000e+04,1.739800000000000000e+04,2.354800000000000000e+04
7.742000000000000000e+03,7.742000000000000000e+03,7.742000000000000000e+03,7.741000000000000000e+03,6.456000000000000000e+03,7.741000000000000000e+03
4.930000000000000000e+02,4.881000000000000000e+03,4.930000000000000000e+02,4.920000000000000000e+02,4.920000000000000000e+02,4.920000000000000000e+02
2.890000000000000000e+02,2.890000000000000000e+02,5.282000000000000000e+03,2.890000000000000000e+02,2.890000000000000000e+02,2.880000000000000000e+02
9.900000000000000000e+01,9.900000000000000000e+01,9.900000000000000000e+01,6.951000000000000000e+03,9.800000000000000000e+01,9.800000000000000000e+01
2.900000000000000000e+01,2.900000000000000000e+01,2.900000000000000000e+01,2.900000000000000000e+01,9.596000000000000000e+03,2.900000000000000000e+01
1.000000000000000000e+00,1.000000000000000000e+00,1.000000000000000000e+00,1.000000000000000000e+00,1.000000000000000000e+00,5.490000000000000000e+03

7.800000000000000000e+03,1.842100000000000000e+04,1.722800000000000000e+04,1.627400000000000000e+04,1.857400000000000000e+04,2.530200000000000000e+04
8.094000000000000000e+03,8.093000000000000000e+03,8.093000000000000000e+03,8.093000000000000000e+03,6.738000000000000000e+03,8.093000000000000000e+03
5.130000000000000000e+02,5.120000000000000000e+03,5.120000000000000000e+02,5.120000000000000000e+02,5.120000000000000000e+02,5.120000000000000000e+02
3.000000000000000000e+02,3.000000000000000000e+02,5.572000000000000000e+03,3.000000000000000000e+02,3.000000000000000000e+02,2.990000000000000000e+02
1.030000000000000000e+02,1.030000000000000000e+02,1.030000000000000000e+02,7.548000000000000000e+03,1.030000000000000000e+02,1.030000000000000000e+02
3.000000000000000000e+01,3.000000000000000000e+01,3.000000000000000000e+01,3.000000000000000000e+01,1.032000000000000000e+04,3.000000000000000000e+01
1.000000000000000000e+00,1.000000000000000000e+00,1.000000000000000000e+00,1.000000000000000000e+00,1.000000000000000000e+00,5.907000000000000000e+03

8.085000000000000000e+03,1.908100000000000000e+04,1.788500000000000000e+04,1.687600000000000000e+04,1.939200000000000000e+04,2.811600000000000000e+04
8.397000000000000000e+03,8.397000000000000000e+03,8.397000000000000000e+03,8.397000000000000000e+03,6.977000000000000000e+03,8.397000000000000000e+03
5.290000000000000000e+02,5.322000000000000000e+03,5.290000000000000000e+02,5.290000000000000000e+02,5.290000000000000000e+02,5.280000000000000000e+02
3.120000000000000000e+02,3.120000000000000000e+02,5.860000000000000000e+03,3.120000000000000000e+02,3.120000000000000000e+02,3.120000000000000000e+02
1.050000000000000000e+02,1.040000000000000000e+02,1.040000000000000000e+02,7.890000000000000000e+03,1.040000000000000000e+02,1.040000000000000000e+02
3.000000000000000000e+01,3.000000000000000000e+01,3.000000000000000000e+01,3.000000000000000000e+01,1.083800000000000000e+04,3.000000000000000000e+01
1.000000000000000000e+00,1.000000000000000000e+00,1.000000000000000000e+00,1.000000000000000000e+00,1.000000000000000000e+00,6.813000000000000000e+03

8.387000000000000000e+03,1.981600000000000000e+04,1.856800000000000000e+04,1.760600000000000000e+04,2.038600000000000000e+04,3.062600000000000000e+04
8.714000000000000000e+03,8.714000000000000000e+03,8.714000000000000000e+03,8.714000000000000000e+03,7.231000000000000000e+03,8.714000000000000000e+03
5.520000000000000000e+02,5.555000000000000000e+03,5.520000000000000000e+02,5.520000000000000000e+02,5.520000000000000000e+02,5.520000000000000000e+02
3.260000000000000000e+02,3.250000000000000000e+02,6.140000000000000000e+03,3.250000000000000000e+02,3.250000000000000000e+02,3.250000000000000000e+02
1.080000000000000000e+02,1.080000000000000000e+02,1.080000000000000000e+02,8.346000000000000000e+03,1.080000000000000000e+02,1.080000000000000000e+02
3.100000000000000000e+01,3.100000000000000000e+01,3.100000000000000000e+01,3.100000000000000000e+01,1.143700000000000000e+04,3.100000000000000000e+01
1.000000000000000000e+00,1.000000000000000000e+00,1.000000000000000000e+00,1.000000000000000000e+00,1.000000000000000000e+00,7.246000000000000000e+03

8.679000000000000000e+03,2.048800000000000000e+04,1.921100000000000000e+04,1.825800000000000000e+04,2.138100000000000000e+04,3.323800000000000000e+04
9.029000000000000000e+03,9.029000000000000000e+03,9.029000000000000000e+03,9.029000000000000000e+03,7.481000000000000000e+03,9.028000000000000000e+03
5.700000000000000000e+02,5.772000000000000000e+03,5.700000000000000000e+02,5.700000000000000000e+02,5.690000000000000000e+02,5.690000000000000000e+02
3.380000000000000000e+02,3.370000000000000000e+02,6.423000000000000000e+03,3.370000000000000000e+02,3.370000000000000000e+02,3.370000000000000000e+02
1.110000000000000000e+02,1.110000000000000000e+02,1.100000000000000000e+02,8.763000000000000000e+03,1.100000000000000000e+02,1.100000000000000000e+02
3.100000000000000000e+01,3.100000000000000000e+01,3.100000000000000000e+01,3.100000000000000000e+01,1.207800000000000000e+04,3.100000000000000000e+01
1.000000000000000000e+00,1.000000000000000000e+00,1.000000000000000000e+00,1.000000000000000000e+00,1.000000000000000000e+00,7.838000000000000000e+03

8.973000000000000000e+03,2.118300000000000000e+04,1.987700000000000000e+04,1.890900000000000000e+04,2.248500000000000000e+04,3.557700000000000000e+04
9.344000000000000000e+03,9.343000000000000000e+03,9.343000000000000000e+03,9.343000000000000000e+03,7.729000000000000000e+03,9.343000000000000000e+03
5.920000000000000000e+02,6.009000000000000000e+03,5.910000000000000000e+02,5.910000000000000000e+02,5.910000000000000000e+02,5.910000000000000000e+02
3.500000000000000000e+02,3.490000000000000000e+02,6.713000000000000000e+03,3.490000000000000000e+02,3.490000000000000000e+02,3.490000000000000000e+02
1.130000000000000000e+02,1.130000000000000000e+02,1.130000000000000000e+02,9.229000000000000000e+03,1.130000000000000000e+02,1.130000000000000000e+02
3.200000000000000000e+01,3.200000000000000000e+01,3.200000000000000000e+01,3.200000000000000000e+01,1.274400000000000000e+04,3.200000000000000000e+01
1.000000000000000000e+00,1.000000000000000000e+00,1.000000000000000000e+00,1.000000000000000000e+00,1.000000000000000000e+00,8.424000000000000000e+03

9.313000000000000000e+03,2.199900000000000000e+04,2.060500000000000000e+04,1.967800000000000000e+04,2.364000000000000000e+04,3.713700000000000000e+04
9.713000000000000000e+03,9.713000000000000000e+03,9.712000000000000000e+03,9.712000000000000000e+03,8.017000000000000000e+03,9.712000000000000000e+03
6.160000000000000000e+02,6.280000000000000000e+03,6.150000000000000000e+02,6.150000000000000000e+02,6.150000000000000000e+02,6.150000000000000000e+02
3.590000000000000000e+02,3.590000000000000000e+02,7.010000000000000000e+03,3.590000000000000000e+02,3.580000000000000000e+02,3.580000000000000000e+02
1.160000000000000000e+02,1.160000000000000000e+02,1.160000000000000000e+02,9.780000000000000000e+03,1.160000000000000000e+02,1.160000000000000000e+02
3.200000000000000000e+01,3.200000000000000000e+01,3.200000000000000000e+01,3.200000000000000000e+01,1.361700000000000000e+04,3.200000000000000000e+01
1.000000000000000000e+00,1.000000000000000000e+00,1.000000000000000000e+00,1.000000000000000000e+00,1.000000000000000000e+00,8.748000000000000000e+03

9.593000000000000000e+03,2.267400000000000000e+04,2.124900000000000000e+04,2.033500000000000000e+04,2.484900000000000000e+04,3.935600000000000000e+04
1.002000000000000000e+04,1.002000000000000000e+04,1.002000000000000000e+04,1.002000000000000000e+04,8.262000000000000000e+03,1.002000000000000000e+04
6.340000000000000000e+02,6.495000000000000000e+03,6.340000000000000000e+02,6.340000000000000000e+02,6.340000000000000000e+02,6.340000000000000000e+02
3.710000000000000000e+02,3.700000000000000000e+02,7.303000000000000000e+03,3.700000000000000000e+02,3.700000000000000000e+02,3.700000000000000000e+02
1.180000000000000000e+02,1.180000000000000000e+02,1.180000000000000000e+02,1.020600000000000000e+04,1.180000000000000000e+02,1.170000000000000000e+02
3.200000000000000000e+01,3.200000000000000000e+01,3.200000000000000000e+01,3.200000000000000000e+01,1.458300000000000000e+04,3.200000000000000000e+01
1.000000000000000000e+00,1.000000000000000000e+00,1.000000000000000000e+00,1.000000000000000000e+00,1.000000000000000000e+00,9.220000000000000000e+03

9.906000000000000000e+03,2.342000000000000000e+04,2.192300000000000000e+04,2.105500000000000000e+04,2.600200000000000000e+04,4.139400000000000000e+04
1.036300000000000000e+04,1.036300000000000000e+04,1.036200000000000000e+04,1.036200000000000000e+04,8.531000000000000000e+03,1.036200000000000000e+04
6.550000000000000000e+02,6.746000000000000000e+03,6.540000000000000000e+02,6.540000000000000000e+02,6.540000000000000000e+02,6.540000000000000000e+02
3.820000000000000000e+02,3.810000000000000000e+02,7.613000000000000000e+03,3.810000000000000000e+02,3.810000000000000000e+02,3.810000000000000000e+02
1.200000000000000000e+02,1.200000000000000000e+02,1.200000000000000000e+02,1.076500000000000000e+04,1.200000000000000000e+02,1.200000000000000000e+02
3.300000000000000000e+01,3.300000000000000000e+01,3.300000000000000000e+01,3.300000000000000000e+01,1.523500000000000000e+04,3.300000000000000000e+01
1.000000000000000000e+00,1.000000000000000000e+00,1.000000000000000000e+00,1.000000000000000000e+00,1.000000000000000000e+00,9.651000000000000000e+03

1.015000000000000000e+04,2.400100000000000000e+04,2.248500000000000000e+04,2.167000000000000000e+04,2.732600000000000000e+04,4.360600000000000000e+04
1.063000000000000000e+04,1.063000000000000000e+04,1.062900000000000000e+04,1.062900000000000000e+04,8.741000000000000000e+03,1.062900000000000000e+04
6.730000000000000000e+02,6.942000000000000000e+03,6.730000000000000000e+02,6.730000000000000000e+02,6.720000000000000000e+02,6.720000000000000000e+02
3.930000000000000000e+02,3.930000000000000000e+02,7.890000000000000000e+03,3.930000000000000000e+02,3.930000000000000000e+02,3.930000000000000000e+02
1.230000000000000000e+02,1.230000000000000000e+02,1.230000000000000000e+02,1.123700000000000000e+04,1.230000000000000000e+02,1.220000000000000000e+02
3.300000000000000000e+01,3.300000000000000000e+01,3.300000000000000000e+01,3.300000000000000000e+01,1.660200000000000000e+04,3.300000000000000000e+01
1.000000000000000000e+00,1.000000000000000000e+00,1.000000000000000000e+00,1.000000000000000000e+00,1.000000000000000000e+00,1.009100000000000000e+04

1.046100000000000000e+04,2.474200000000000000e+04,2.319600000000000000e+04,2.240700000000000000e+04,2.836700000000000000e+04,4.596900000000000000e+04
1.097300000000000000e+04,1.097200000000000000e+04,1.097200000000000000e+04,1.097200000000000000e+04,9.009000000000000000e+03,1.097200000000000000e+04
6.950000000000000000e+02,7.196000000000000000e+03,6.950000000000000000e+02,6.950000000000000000e+02,6.950000000000000000e+02,6.950000000000000000e+02
4.040000000000000000e+02,4.040000000000000000e+02,8.194000000000000000e+03,4.030000000000000000e+02,4.030000000000000000e+02,4.030000000000000000e+02
1.250000000000000000e+02,1.250000000000000000e+02,1.250000000000000000e+02,1.177100000000000000e+04,1.240000000000000000e+02,1.240000000000000000e+02
3.300000000000000000e+01,3.300000000000000000e+01,3.300000000000000000e+01,3.300000000000000000e+01,1.706100000000000000e+04,3.300000000000000000e+01
1.000000000000000000e+00,1.000000000000000000e+00,1.000000000000000000e+00,1.000000000000000000e+00,1.000000000000000000e+00,1.048100000000000000e+04

1.077800000000000000e+04,2.548800000000000000e+04,2.389700000000000000e+04,2.317100000000000000e+04,2.957400000000000000e+04,4.772100000000000000e+04
1.131400000000000000e+04,1.131400000000000000e+04,1.131300000000000000e+04,1.131300000000000000e+04,9.269000000000000000e+03,1.131300000000000000e+04
7.160000000000000000e+02,7.451000000000000000e+03,7.150000000000000000e+02,7.150000000000000000e+02,7.150000000000000000e+02,7.150000000000000000e+02
4.180000000000000000e+02,4.170000000000000000e+02,8.555000000000000000e+03,4.170000000000000000e+02,4.170000000000000000e+02,4.170000000000000000e+02
1.270000000000000000e+02,1.270000000000000000e+02,1.270000000000000000e+02,1.237100000000000000e+04,1.270000000000000000e+02,1.270000000000000000e+02
3.400000000000000000e+01,3.400000000000000000e+01,3.400000000000000000e+01,3.400000000000000000e+01,1.781700000000000000e+04,3.400000000000000000e+01
1.000000000000000000e+00,1.000000000000000000e+00,1.000000000000000000e+00,1.000000000000000000e+00,1.000000000000000000e+00,1.086900000000000000e+04

1.104900000000000000e+04,2.610700000000000000e+04,2.449700000000000000e+04,2.389500000000000000e+04,3.056200000000000000e+04,5.024900000000000000e+04
1.160800000000000000e+04,1.160800000000000000e+04,1.160700000000000000e+04,1.160700000000000000e+04,9.496000000000000000e+03,1.160700000000000000e+04
7.310000000000000000e+02,7.649000000000000000e+03,7.310000000000000000e+02,7.310000000000000000e+02,7.310000000000000000e+02,7.310000000000000000e+02
4.290000000000000000e+02,4.280000000000000000e+02,8.847000000000000000e+03,4.280000000000000000e+02,4.280000000000000000e+02,4.280000000000000000e+02
1.300000000000000000e+02,1.300000000000000000e+02,1.300000000000000000e+02,1.299700000000000000e+04,1.300000000000000000e+02,1.300000000000000000e+02
3.400000000000000000e+01,3.400000000000000000e+01,3.400000000000000000e+01,3.400000000000000000e+01,1.862200000000000000e+04,3.400000000000000000e+01
1.000000000000000000e+00,1.000000000000000000e+00,1.000000000000000000e+00,1.000000000000000000e+00,1.000000000000000000e+00,1.137200000000000000e+04

1.133500000000000000e+04,2.679400000000000000e+04,2.513500000000000000e+04,2.460300000000000000e+04,3.182400000000000000e+04,5.224800000000000000e+04
1.191900000000000000e+04,1.191900000000000000e+04,1.191900000000000000e+04,1.191900000000000000e+04,9.735000000000000000e+03,1.191800000000000000e+04
7.540000000000000000e+02,7.900000000000000000e+03,7.530000000000000000e+02,7.530000000000000000e+02,7.530000000000000000e+02,7.530000000000000000e+02
4.410000000000000000e+02,4.400000000000000000e+02,9.167000000000000000e+03,4.400000000000000000e+02,4.400000000000000000e+02,4.400000000000000000e+02
1.320000000000000000e+02,1.320000000000000000e+02,1.320000000000000000e+02,1.349000000000000000e+04,1.320000000000000000e+02,1.320000000000000000e+02
3.400000000000000000e+01,3.400000000000000000e+01,3.400000000000000000e+01,3.400000000000000000e+01,1.958400000000000000e+04,3.400000000000000000e+01
1.000000000000000000e+00,1.000000000000000000e+00,1.000000000000000000e+00,1.000000000000000000e+00,1.000000000000000000e+00,1.178900000000000000e+04

1.164800000000000000e+04,2.752500000000000000e+04,2.582200000000000000e+04,2.534900000000000000e+04,3.283300000000000000e+04,5.453800000000000000e+04
1.226400000000000000e+04,1.226400000000000000e+04,1.226300000000000000e+04,1.226300000000000000e+04,1.000200000000000000e+04,1.226300000000000000e+04
7.740000000000000000e+02,8.145000000000000000e+03,7.740000000000000000e+02,7.740000000000000000e+02,7.740000000000000000e+02,7.740000000000000000e+02
4.520000000000000000e+02,4.510000000000000000e+02,9.492000000000000000e+03,4.510000000000000000e+02,4.510000000000000000e+02,4.510000000000000000e+02
1.340000000000000000e+02,1.340000000000000000e+02,1.340000000000000000e+02,1.406500000000000000e+04,1.340000000000000000e+02,1.330000000000000000e+02
3.400000000000000000e+01,3.400000000000000000e+01,3.400000000000000000e+01,3.400000000000000000e+01,2.005200000000000000e+04,3.400000000000000000e+01
1.000000000000000000e+00,1.000000000000000000e+00,1.000000000000000000e+00,1.000000000000000000e+00,1.000000000000000000e+00,1.224200000000000000e+04

1.188700000000000000e+04,2.807500000000000000e+04,2.638900000000000000e+04,2.597700000000000000e+04,3.392100000000000000e+04,5.739900000000000000e+04
1.252600000000000000e+04,1.252600000000000000e+04,1.252500000000000000e+04,1.252500000000000000e+04,1.020600000000000000e+04,1.252500000000000000e+04
7.900000000000000000e+02,8.338000000000000000e+03,7.890000000000000000e+02,7.890000000000000000e+02,7.890000000000000000e+02,7.890000000000000000e+02
4.600000000000000000e+02,4.600000000000000000e+02,9.731000000000000000e+03,4.600000000000000000e+02,4.600000000000000000e+02,4.600000000000000000e+02
1.360000000000000000e+02,1.360000000000000000e+02,1.360000000000000000e+02,1.465500000000000000e+04,1.360000000000000000e+02,1.360000000000000000e+02
3.500000000000000000e+01,3.500000000000000000e+01,3.500000000000000000e+01,3.500000000000000000e+01,2.074100000000000000e+04,3.500000000000000000e+01
1.000000000000000000e+00,1.000000000000000000e+00,1.000000000000000000e+00,1.000000000000000000e+00,1.000000000000000000e+00,1.294800000000000000e+04

1.208000000000000000e+04,2.854000000000000000e+04,2.677500000000000000e+04,2.648300000000000000e+04,3.553000000000000000e+04,5.985600000000000000e+04
1.273800000000000000e+04,1.273800000000000000e+04,1.273800000000000000e+04,1.273800000000000000e+04,1.037000000000000000e+04,1.273700000000000000e+04
8.000000000000000000e+02,8.480000000000000000e+03,8.000000000000000000e+02,8.000000000000000000e+02,8.000000000000000000e+02,8.000000000000000000e+02
4.660000000000000000e+02,4.660000000000000000e+02,9.940000000000000000e+03,4.660000000000000000e+02,4.660000000000000000e+02,4.660000000000000000e+02
1.380000000000000000e+02,1.380000000000000000e+02,1.380000000000000000e+02,1.504200000000000000e+04,1.380000000000000000e+02,1.380000000000000000e+02
3.500000000000000000e+01,3.500000000000000000e+01,3.500000000000000000e+01,3.500000000000000000e+01,2.254400000000000000e+04,3.500000000000000000e+01
1.000000000000000000e+00,1.000000000000000000e+00,1.000000000000000000e+00,1.000000000000000000e+00,1.000000000000000000e+00,1.347100000000000000e+04

1.233900000000000000e+04,2.914200000000000000e+04,2.738100000000000000e+04,2.716600000000000000e+04,3.665600000000000000e+04,6.228800000000000000e+04
1.303000000000000000e+04,1.303000000000000000e+04,1.303000000000000000e+04,1.302900000000000000e+04,1.059800000000000000e+04,1.302900000000000000e+04
8.170000000000000000e+02,8.699000000000000000e+03,8.160000000000000000e+02,8.160000000000000000e+02,8.160000000000000000e+02,8.160000000000000000e+02
4.750000000000000000e+02,4.750000000000000000e+02,1.020800000000000000e+04,4.750000000000000000e+02,4.750000000000000000e+02,4.740000000000000000e+02
1.400000000000000000e+02,1.400000000000000000e+02,1.400000000000000000e+02,1.563100000000000000e+04,1.400000000000000000e+02,1.400000000000000000e+02
3.500000000000000000e+01,3.500000000000000000e+01,3.500000000000000000e+01,3.500000000000000000e+01,2.339200000000000000e+04,3.500000000000000000e+01
1.000000000000000000e+00,1.000000000000000000e+00,1.000000000000000000e+00,1.000000000000000000e+00,1.000000000000000000e+00,1.401700000000000000e+04

1.261400000000000000e+04,2.979100000000000000e+04,2.798800000000000000e+04,2.789400000000000000e+04,3.802500000000000000e+04,6.423100000000000000e+04
1.333600000000000000e+04,1.333600000000000000e+04,1.333500000000000000e+04,1.333500000000000000e+04,1.083200000000000000e+04,1.333500000000000000e+04
8.330000000000000000e+02,8.918000000000000000e+03,8.330000000000000000e+02,8.330000000000000000e+02,8.330000000000000000e+02,8.330000000000000000e+02
4.870000000000000000e+02,4.870000000000000000e+02,1.054600000000000000e+04,4.870000000000000000e+02,4.870000000000000000e+02,4.860000000000000000e+02
1.420000000000000000e+02,1.420000000000000000e+02,1.420000000000000000e+02,1.632400000000000000e+04,1.420000000000000000e+02,1.420000000000000000e+02
3.600000000000000000e+01,3.600000000000000000e+01,3.600000000000000000e+01,3.600000000000000000e+01,2.439200000000000000e+04,3.600000000000000000e+01
1.000000000000000000e+00,1.000000000000000000e+00,1.000000000000000000e+00,1.000000000000000000e+00,1.000000000000000000e+00,1.427400000000000000e+04

1.280100000000000000e+04,3.024800000000000000e+04,2.839600000000000000e+04,2.842600000000000000e+04,3.867900000000000000e+04,6.836400000000000000e+04
1.354200000000000000e+04,1.354200000000000000e+04,1.354200000000000000e+04,1.354100000000000000e+04,1.099100000000000000e+04,1.354100000000000000e+04
8.450000000000000000e+02,9.064000000000000000e+03,8.450000000000000000e+02,8.450000000000000000e+02,8.450000000000000000e+02,8.440000000000000000e+02
4.940000000000000000e+02,4.940000000000000000e+02,1.076000000000000000e+04,4.940000000000000000e+02,4.940000000000000000e+02,4.940000000000000000e+02
1.440000000000000000e+02,1.440000000000000000e+02,1.440000000000000000e+02,1.684400000000000000e+04,1.440000000000000000e+02,1.440000000000000000e+02
3.600000000000000000e+01,3.600000000000000000e+01,3.600000000000000000e+01,3.600000000000000000e+01,2.471600000000000000e+04,3.600000000000000000e+01
1.000000000000000000e+00,1.000000000000000000e+00,1.000000000000000000e+00,1.000000000000000000e+00,1.000000000000000000e+00,1.540400000000000000e+04

1.296100000000000000e+04,3.064400000000000000e+04,2.874700000000000000e+04,2.884900000000000000e+04,3.927500000000000000e+04,7.308900000000000000e+04
1.371600000000000000e+04,1.371600000000000000e+04,1.371600000000000000e+04,1.371600000000000000e+04,1.113200000000000000e+04,1.371500000000000000e+04
8.550000000000000000e+02,9.186000000000000000e+03,8.550000000000000000e+02,8.540000000000000000e+02,8.540000000000000000e+02,8.540000000000000000e+02
4.990000000000000000e+02,4.990000000000000000e+02,1.089000000000000000e+04,4.990000000000000000e+02,4.980000000000000000e+02,4.980000000000000000e+02
1.470000000000000000e+02,1.460000000000000000e+02,1.460000000000000000e+02,1.723200000000000000e+04,1.460000000000000000e+02,1.460000000000000000e+02
3.600000000000000000e+01,3.600000000000000000e+01,3.600000000000000000e+01,3.600000000000000000e+01,2.510400000000000000e+04,3.600000000000000000e+01
1.000000000000000000e+00,1.000000000000000000e+00,1.000000000000000000e+00,1.000000000000000000e+00,1.000000000000000000e+00,1.663100000000000000e+04

1.320200000000000000e+04,3.120300000000000000e+04,2.928300000000000000e+04,2.964600000000000000e+04,4.066900000000000000e+04,7.531800000000000000e+04
1.398400000000000000e+04,1.398400000000000000e+04,1.398400000000000000e+04,1.398300000000000000e+04,1.133700000000000000e+04,1.398300000000000000e+04
8.700000000000000000e+02,9.381000000000000000e+03,8.690000000000000000e+02,8.690000000000000000e+02,8.690000000000000000e+02,8.690000000000000000e+02
5.060000000000000000e+02,5.060000000000000000e+02,1.112900000000000000e+04,5.060000000000000000e+02,5.050000000000000000e+02,5.050000000000000000e+02
1.490000000000000000e+02,1.490000000000000000e+02,1.490000000000000000e+02,1.785600000000000000e+04,1.490000000000000000e+02,1.480000000000000000e+02
3.600000000000000000e+01,3.600000000000000000e+01,3.600000000000000000e+01,3.600000000000000000e+01,2.624000000000000000e+04,3.600000000000000000e+01
1.000000000000000000e+00,1.000000000000000000e+00,1.000000000000000000e+00,1.000000000000000000e+00,1.000000000000000000e+00,1.701500000000000000e+04

1.344200000000000000e+04,3.177600000000000000e+04,2.980100000000000000e+04,3.028600000000000000e+04,4.197600000000000000e+04,7.803500000000000000e+04
1.425000000000000000e+04,1.425000000000000000e+04,1.425000000000000000e+04,1.425000000000000000e+04,1.154000000000000000e+04,1.425000000000000000e+04
8.870000000000000000e+02,9.586000000000000000e+03,8.860000000000000000e+02,8.860000000000000000e+02,8.860000000000000000e+02,8.860000000000000000e+02
5.150000000000000000e+02,5.150000000000000000e+02,1.143700000000000000e+04,5.150000000000000000e+02,5.150000000000000000e+02,5.150000000000000000e+02
1.500000000000000000e+02,1.500000000000000000e+02,1.500000000000000000e+02,1.828400000000000000e+04,1.500000000000000000e+02,1.500000000000000000e+02
3.700000000000000000e+01,3.700000000000000000e+01,3.700000000000000000e+01,3.700000000000000000e+01,2.706300000000000000e+04,3.600000000000000000e+01
1.000000000000000000e+00,1.000000000000000000e+00,1.000000000000000000e+00,1.000000000000000000e+00,1.000000000000000000e+00,1.757900000000000000e+04

1.368100000000000000e+04,3.234900000000000000e+04,3.033400000000000000e+04,3.093800000000000000e+04,4.322200000000000000e+04,8.067200000000000000e+04
1.451600000000000000e+04,1.451600000000000000e+04,1.451600000000000000e+04,1.451600000000000000e+04,1.174500000000000000e+04,1.451600000000000000e+04
9.010000000000000000e+02,9.779000000000000000e+03,9.010000000000000000e+02,9.010000000000000000e+02,9.010000000000000000e+02,9.010000000000000000e+02
5.230000000000000000e+02,5.230000000000000000e+02,1.168200000000000000e+04,5.230000000000000000e+02,5.230000000000000000e+02,5.230000000000000000e+02
1.510000000000000000e+02,1.510000000000000000e+02,1.510000000000000000e+02,1.887800000000000000e+04,1.510000000000000000e+02,1.510000000000000000e+02
3.700000000000000000e+01,3.700000000000000000e+01,3.700000000000000000e+01,3.700000000000000000e+01,2.793500000000000000e+04,3.700000000000000000e+01
1.000000000000000000e+00,1.000000000000000000e+00,1.000000000000000000e+00,1.000000000000000000e+00,1.000000000000000000e+00,1.814000000000000000e+04

1.386200000000000000e+04,3.277100000000000000e+04,3.076400000000000000e+04,3.143900000000000000e+04,4.462000000000000000e+04,8.358500000000000000e+04
1.472000000000000000e+04,1.472000000000000000e+04,1.472000000000000000e+04,1.472000000000000000e+04,1.190100000000000000e+04,1.471900000000000000e+04
9.150000000000000000e+02,9.938000000000000000e+03,9.150000000000000000e+02,9.150000000000000000e+02,9.150000000000000000e+02,9.150000000000000000e+02
5.320000000000000000e+02,5.320000000000000000e+02,1.192200000000000000e+04,5.320000000000000000e+02,5.310000000000000000e+02,5.310000000000000000e+02
1.530000000000000000e+02,1.530000000000000000e+02,1.520000000000000000e+02,1.929700000000000000e+04,1.520000000000000000e+02,1.520000000000000000e+02
3.700000000000000000e+01,3.700000000000000000e+01,3.700000000000000000e+01,3.700000000000000000e+01,2.931400000000000000e+04,3.700000000000000000e+01
1.000000000000000000e+00,1.000000000000000000e+00,1.000000000000000000e+00,1.000000000000000000e+00,1.000000000000000000e+00,1.880300000000000000e+04

1.403500000000000000e+04,3.318300000000000000e+04,3.114800000000000000e+04,3.185200000000000000e+04,4.556200000000000000e+04,8.744600000000000000e+04
1.491600000000000000e+04,1.491600000000000000e+04,1.491600000000000000e+04,1.491600000000000000e+04,1.205500000000000000e+04,1.491500000000000000e+04
9.240000000000000000e+02,1.007700000000000000e+04,9.240000000000000000e+02,9.240000000000000000e+02,9.240000000000000000e+02,9.240000000000000000e+02
5.370000000000000000e+02,5.370000000000000000e+02,1.211000000000000000e+04,5.370000000000000000e+02,5.370000000000000000e+02,5.370000000000000000e+02
1.530000000000000000e+02,1.530000000000000000e+02,1.530000000000000000e+02,1.965800000000000000e+04,1.530000000000000000e+02,1.530000000000000000e+02
3.700000000000000000e+01,3.700000000000000000e+01,3.700000000000000000e+01,3.700000000000000000e+01,3.012400000000000000e+04,3.700000000000000000e+01
1.000000000000000000e+00,1.000000000000000000e+00,1.000000000000000000e+00,1.000000000000000000e+00,1.000000000000000000e+00,1.991100000000000000e+04

1.428200000000000000e+04,3.379400000000000000e+04,3.171200000000000000e+04,3.254000000000000000e+04,4.683900000000000000e+04,9.016100000000000000e+04
1.519600000000000000e+04,1.519600000000000000e+04,1.519600000000000000e+04,1.519600000000000000e+04,1.227000000000000000e+04,1.519500000000000000e+04
9.430000000000000000e+02,1.028900000000000000e+04,9.430000000000000000e+02,9.430000000000000000e+02,9.430000000000000000e+02,9.430000000000000000e+02
5.440000000000000000e+02,5.440000000000000000e+02,1.237100000000000000e+04,5.440000000000000000e+02,5.440000000000000000e+02,5.430000000000000000e+02
1.550000000000000000e+02,1.550000000000000000e+02,1.550000000000000000e+02,2.016300000000000000e+04,1.550000000000000000e+02,1.550000000000000000e+02
3.700000000000000000e+01,3.700000000000000000e+01,3.700000000000000000e+01,3.700000000000000000e+01,3.083400000000000000e+04,3.700000000000000000e+01
1.000000000000000000e+00,1.000000000000000000e+00,1.000000000000000000e+00,1.000000000000000000e+00,1.000000000000000000e+00,2.036700000000000000e+04

1.451700000000000000e+04,3.435600000000000000e+04,3.224800000000000000e+04,3.312700000000000000e+04,4.800200000000000000e+04,9.313300000000000000e+04
1.546000000000000000e+04,1.546000000000000000e+04,1.546000000000000000e+04,1.545900000000000000e+04,1.247100000000000000e+04,1.545900000000000000e+04
9.610000000000000000e+02,1.050300000000000000e+04,9.600000000000000000e+02,9.600000000000000000e+02,9.600000000000000000e+02,9.600000000000000000e+02
5.530000000000000000e+02,5.530000000000000000e+02,1.265100000000000000e+04,5.530000000000000000e+02,5.520000000000000000e+02,5.520000000000000000e+02
1.560000000000000000e+02,1.560000000000000000e+02,1.550000000000000000e+02,2.065200000000000000e+04,1.550000000000000000e+02,1.550000000000000000e+02
3.700000000000000000e+01,3.700000000000000000e+01,3.700000000000000000e+01,3.700000000000000000e+01,3.170900000000000000e+04,3.700000000000000000e+01
1.000000000000000000e+00,1.000000000000000000e+00,1.000000000000000000e+00,1.000000000000000000e+00,1.000000000000000000e+00,2.080200000000000000e+04

1.465000000000000000e+04,3.467200000000000000e+04,3.256800000000000000e+04,3.349900000000000000e+04,4.882000000000000000e+04,9.790300000000000000e+04
1.560900000000000000e+04,1.560900000000000000e+04,1.560900000000000000e+04,1.560800000000000000e+04,1.258500000000000000e+04,1.560800000000000000e+04
9.700000000000000000e+02,1.061300000000000000e+04,9.690000000000000000e+02,9.690000000000000000e+02,9.690000000000000000e+02,9.690000000000000000e+02
5.600000000000000000e+02,5.600000000000000000e+02,1.283700000000000000e+04,5.600000000000000000e+02,5.590000000000000000e+02,5.590000000000000000e+02
1.570000000000000000e+02,1.570000000000000000e+02,1.560000000000000000e+02,2.097900000000000000e+04,1.560000000000000000e+02,1.560000000000000000e+02
3.800000000000000000e+01,3.800000000000000000e+01,3.800000000000000000e+01,3.800000000000000000e+01,3.222000000000000000e+04,3.800000000000000000e+01
1.000000000000000000e+00,1.000000000000000000e+00,1.000000000000000000e+00,1.000000000000000000e+00,1.000000000000000000e+00,2.199000000000000000e+04

1.481500000000000000e+04,3.506400000000000000e+04,3.293100000000000000e+04,3.389400000000000000e+04,4.948800000000000000e+04,1.026250000000000000e+05
1.578900000000000000e+04,1.578900000000000000e+04,1.578900000000000000e+04,1.578900000000000000e+04,1.272600000000000000e+04,1.578900000000000000e+04
9.800000000000000000e+02,1.074100000000000000e+04,9.800000000000000000e+02,9.800000000000000000e+02,9.800000000000000000e+02,9.790000000000000000e+02
5.650000000000000000e+02,5.650000000000000000e+02,1.299100000000000000e+04,5.650000000000000000e+02,5.650000000000000000e+02,5.650000000000000000e+02
1.570000000000000000e+02,1.570000000000000000e+02,1.570000000000000000e+02,2.119800000000000000e+04,1.570000000000000000e+02,1.570000000000000000e+02
3.800000000000000000e+01,3.800000000000000000e+01,3.800000000000000000e+01,3.800000000000000000e+01,3.260100000000000000e+04,3.800000000000000000e+01
1.000000000000000000e+00,1.000000000000000000e+00,1.000000000000000000e+00,1.000000000000000000e+00,1.000000000000000000e+00,2.327700000000000000e+04

1.506200000000000000e+04,3.563100000000000000e+04,3.346100000000000000e+04,3.460100000000000000e+04,5.109200000000000000e+04,1.045150000000000000e+05
1.606600000000000000e+04,1.606600000000000000e+04,1.606600000000000000e+04,1.606600000000000000e+04,1.293400000000000000e+04,1.606600000000000000e+04
9.950000000000000000e+02,1.094500000000000000e+04,9.950000000000000000e+02,9.950000000000000000e+02,9.950000000000000000e+02,9.940000000000000000e+02
5.730000000000000000e+02,5.720000000000000000e+02,1.328400000000000000e+04,5.720000000000000000e+02,5.720000000000000000e+02,5.720000000000000000e+02
1.590000000000000000e+02,1.590000000000000000e+02,1.590000000000000000e+02,2.192000000000000000e+04,1.590000000000000000e+02,1.590000000000000000e+02
3.800000000000000000e+01,3.800000000000000000e+01,3.800000000000000000e+01,3.800000000000000000e+01,3.388500000000000000e+04,3.800000000000000000e+01
1.000000000000000000e+00,1.000000000000000000e+00,1.000000000000000000e+00,1.000000000000000000e+00,1.000000000000000000e+00,2.351500000000000000e+04

1.529800000000000000e+04,3.618100000000000000e+04,3.397700000000000000e+04,3.539600000000000000e+04,5.241900000000000000e+04,1.067020000000000000e+05
1.632900000000000000e+04,1.632900000000000000e+04,1.632900000000000000e+04,1.632900000000000000e+04,1.313000000000000000e+04,1.632900000000000000e+04
1.012000000000000000e+03,1.115500000000000000e+04,1.012000000000000000e+03,1.012000000000000000e+03,1.011000000000000000e+03,1.011000000000000000e+03
5.820000000000000000e+02,5.820000000000000000e+02,1.358100000000000000e+04,5.820000000000000000e+02,5.810000000000000000e+02,5.810000000000000000e+02
1.620000000000000000e+02,1.620000000000000000e+02,1.620000000000000000e+02,2.280300000000000000e+04,1.620000000000000000e+02,1.620000000000000000e+02
3.800000000000000000e+01,3.800000000000000000e+01,3.800000000000000000e+01,3.800000000000000000e+01,3.490600000000000000e+04,3.800000000000000000e+01
1.000000000000000000e+00,1.000000000000000000e+00,1.000000000000000000e+00,1.000000000000000000e+00,1.000000000000000000e+00,2.383600000000000000e+04

1.554300000000000000e+04,3.677000000000000000e+04,3.451800000000000000e+04,3.603700000000000000e+04,5.384200000000000000e+04,1.090100000000000000e+05
1.660500000000000000e+04,1.660500000000000000e+04,1.660400000000000000e+04,1.660400000000000000e+04,1.333600000000000000e+04,1.660400000000000000e+04
1.031000000000000000e+03,1.137700000000000000e+04,1.030000000000000000e+03,1.030000000000000000e+03,1.030000000000000000e+03,1.030000000000000000e+03
5.920000000000000000e+02,5.920000000000000000e+02,1.390000000000000000e+04,5.910000000000000000e+02,5.910000000000000000e+02,5.910000000000000000e+02
1.630000000000000000e+02,1.630000000000000000e+02,1.630000000000000000e+02,2.344300000000000000e+04,1.630000000000000000e+02,1.630000000000000000e+02
3.800000000000000000e+01,3.800000000000000000e+01,3.800000000000000000e+01,3.800000000000000000e+01,3.594400000000000000e+04,3.800000000000000000e+01
1.000000000000000000e+00,1.000000000000000000e+00,1.000000000000000000e+00,1.000000000000000000e+00,1.000000000000000000e+00,2.414000000000000000e+04

1.577200000000000000e+04,3.733600000000000000e+04,3.502700000000000000e+04,3.671700000000000000e+04,5.485000000000000000e+04,1.121050000000000000e+05
1.686500000000000000e+04,1.686500000000000000e+04,1.686400000000000000e+04,1.686400000000000000e+04,1.353300000000000000e+04,1.686400000000000000e+04
1.048000000000000000e+03,1.158200000000000000e+04,1.048000000000000000e+03,1.048000000000000000e+03,1.047000000000000000e+03,1.047000000000000000e+03
6.000000000000000000e+02,6.000000000000000000e+02,1.418000000000000000e+04,6.000000000000000000e+02,6.000000000000000000e+02,5.990000000000000000e+02
1.650000000000000000e+02,1.650000000000000000e+02,1.650000000000000000e+02,2.413700000000000000e+04,1.650000000000000000e+02,1.650000000000000000e+02
3.800000000000000000e+01,3.800000000000000000e+01,3.800000000000000000e+01,3.800000000000000000e+01,3.640800000000000000e+04,3.800000000000000000e+01
1.000000000000000000e+00,1.000000000000000000e+00,1.000000000000000000e+00,1.000000000000000000e+00,1.000000000000000000e+00,2.477400000000000000e+04

1.602500000000000000e+04,3.792200000000000000e+04,3.557200000000000000e+04,3.746500000000000000e+04,5.621700000000000000e+04,1.143750000000000000e+05
1.715100000000000000e+04,1.715100000000000000e+04,1.715000000000000000e+04,1.715000000000000000e+04,1.374700000000000000e+04,1.715000000000000000e+04
1.063000000000000000e+03,1.179300000000000000e+04,1.063000000000000000e+03,1.063000000000000000e+03,1.062000000000000000e+03,1.062000000000000000e+03
6.090000000000000000e+02,6.090000000000000000e+02,1.449300000000000000e+04,6.090000000000000000e+02,6.080000000000000000e+02,6.080000000000000000e+02
1.670000000000000000e+02,1.670000000000000000e+02,1.670000000000000000e+02,2.494300000000000000e+04,1.660000000000000000e+02,1.660000000000000000e+02
3.800000000000000000e+01,3.800000000000000000e+01,3.800000000000000000e+01,3.800000000000000000e+01,3.724200000000000000e+04,3.800000000000000000e+01
1.000000000000000000e+00,1.000000000000000000e+00,1.000000000000000000e+00,1.000000000000000000e+00,1.000000000000000000e+00,2.507000000000000000e+04

1.618000000000000000e+04,3.828200000000000000e+04,3.591300000000000000e+04,3.790000000000000000e+04,5.727800000000000000e+04,1.184450000000000000e+05
1.732400000000000000e+04,1.732400000000000000e+04,1.732400000000000000e+04,1.732400000000000000e+04,1.387900000000000000e+04,1.732400000000000000e+04
1.075000000000000000e+03,1.193500000000000000e+04,1.074000000000000000e+03,1.074000000000000000e+03,1.074000000000000000e+03,1.074000000000000000e+03
6.150000000000000000e+02,6.140000000000000000e+02,1.469300000000000000e+04,6.140000000000000000e+02,6.140000000000000000e+02,6.140000000000000000e+02
1.670000000000000000e+02,1.670000000000000000e+02,1.670000000000000000e+02,2.532500000000000000e+04,1.670000000000000000e+02,1.670000000000000000e+02
3.800000000000000000e+01,3.800000000000000000e+01,3.800000000000000000e+01,3.800000000000000000e+01,3.806400000000000000e+04,3.800000000000000000e+01
1.000000000000000000e+00,1.000000000000000000e+00,1.000000000000000000e+00,1.000000000000000000e+00,1.000000000000000000e+00,2.601400000000000000e+04

1.628900000000000000e+04,3.855300000000000000e+04,3.615800000000000000e+04,3.826500000000000000e+04,5.793700000000000000e+04,1.236760000000000000e+05
1.744500000000000000e+04,1.744400000000000000e+04,1.744400000000000000e+04,1.744400000000000000e+04,1.397200000000000000e+04,1.744400000000000000e+04
1.084000000000000000e+03,1.203100000000000000e+04,1.084000000000000000e+03,1.084000000000000000e+03,1.083000000000000000e+03,1.083000000000000000e+03
6.200000000000000000e+02,6.190000000000000000e+02,1.482800000000000000e+04,6.190000000000000000e+02,6.190000000000000000e+02,6.190000000000000000e+02
1.690000000000000000e+02,1.690000000000000000e+02,1.690000000000000000e+02,2.563400000000000000e+04,1.680000000000000000e+02,1.680000000000000000e+02
3.900000000000000000e+01,3.900000000000000000e+01,3.900000000000000000e+01,3.900000000000000000e+01,3.844700000000000000e+04,3.900000000000000000e+01
1.000000000000000000e+00,1.000000000000000000e+00,1.000000000000000000e+00,1.000000000000000000e+00,1.000000000000000000e+00,2.743200000000000000e+04

1.648200000000000000e+04,3.901000000000000000e+04,3.659300000000000000e+04,3.888400000000000000e+04,5.891500000000000000e+04,1.271800000000000000e+05
1.766300000000000000e+04,1.766300000000000000e+04,1.766300000000000000e+04,1.766300000000000000e+04,1.413700000000000000e+04,1.766300000000000000e+04
1.096000000000000000e+03,1.219900000000000000e+04,1.095000000000000000e+03,1.095000000000000000e+03,1.095000000000000000e+03,1.095000000000000000e+03
6.260000000000000000e+02,6.260000000000000000e+02,1.506000000000000000e+04,6.260000000000000000e+02,6.260000000000000000e+02,6.260000000000000000e+02
1.700000000000000000e+02,1.700000000000000000e+02,1.700000000000000000e+02,2.638800000000000000e+04,1.700000000000000000e+02,1.700000000000000000e+02
3.900000000000000000e+01,3.900000000000000000e+01,3.900000000000000000e+01,3.900000000000000000e+01,3.906500000000000000e+04,3.900000000000000000e+01
1.000000000000000000e+00,1.000000000000000000e+00,1.000000000000000000e+00,1.000000000000000000e+00,1.000000000000000000e+00,2.811600000000000000e+04

1.664600000000000000e+04,3.939600000000000000e+04,3.695700000000000000e+04,3.931600000000000000e+04,5.957600000000000000e+04,1.318310000000000000e+05
1.784700000000000000e+04,1.784600000000000000e+04,1.784600000000000000e+04,1.784600000000000000e+04,1.427500000000000000e+04,1.784600000000000000e+04
1.108000000000000000e+03,1.234400000000000000e+04,1.107000000000000000e+03,1.107000000000000000e+03,1.107000000000000000e+03,1.107000000000000000e+03
6.320000000000000000e+02,6.320000000000000000e+02,1.525100000000000000e+04,6.320000000000000000e+02,6.320000000000000000e+02,6.310000000000000000e+02
1.720000000000000000e+02,1.710000000000000000e+02,1.710000000000000000e+02,2.682200000000000000e+04,1.710000000000000000e+02,1.710000000000000000e+02
3.900000000000000000e+01,3.900000000000000000e+01,3.900000000000000000e+01,3.900000000000000000e+01,3.943500000000000000e+04,3.900000000000000000e+01
1.000000000000000000e+00,1.000000000000000000e+00,1.000000000000000000e+00,1.000000000000000000e+00,1.000000000000000000e+00,2.916900000000000000e+04

1.674900000000000000e+04,3.964500000000000000e+04,3.718200000000000000e+04,3.957900000000000000e+04,6.024200000000000000e+04,1.373300000000000000e+05
1.796600000000000000e+04,1.796600000000000000e+04,1.796600000000000000e+04,1.796600000000000000e+04,1.436900000000000000e+04,1.796600000000000000e+04
1.116000000000000000e+03,1.243600000000000000e+04,1.116000000000000000e+03,1.116000000000000000e+03,1.116000000000000000e+03,1.116000000000000000e+03
6.360000000000000000e+02,6.350000000000000000e+02,1.538000000000000000e+04,6.350000000000000000e+02,6.350000000000000000e+02,6.350000000000000000e+02
1.720000000000000000e+02,1.720000000000000000e+02,1.720000000000000000e+02,2.690900000000000000e+04,1.720000000000000000e+02,1.720000000000000000e+02
3.900000000000000000e+01,3.900000000000000000e+01,3.900000000000000000e+01,3.900000000000000000e+01,3.991500000000000000e+04,3.900000000000000000e+01
1.000000000000000000e+00,1.000000000000000000e+00,1.000000000000000000e+00,1.000000000000000000e+00,1.000000000000000000e+00,3.061800000000000000e+04

1.688200000000000000e+04,3.996000000000000000e+04,3.747100000000000000e+04,3.990000000000000000e+04,6.133500000000000000e+04,1.416530000000000000e+05
1.811700000000000000e+04,1.811700000000000000e+04,1.811700000000000000e+04,1.811700000000000000e+04,1.448500000000000000e+04,1.811700000000000000e+04
1.124000000000000000e+03,1.255000000000000000e+04,1.124000000000000000e+03,1.124000000000000000e+03,1.124000000000000000e+03,1.124000000000000000e+03
6.410000000000000000e+02,6.400000000000000000e+02,1.555100000000000000e+04,6.400000000000000000e+02,6.400000000000000000e+02,6.400000000000000000e+02
1.720000000000000000e+02,1.720000000000000000e+02,1.720000000000000000e+02,2.724400000000000000e+04,1.720000000000000000e+02,1.720000000000000000e+02
3.900000000000000000e+01,3.900000000000000000e+01,3.900000000000000000e+01,3.900000000000000000e+01,4.095800000000000000e+04,3.900000000000000000e+01
1.000000000000000000e+00,1.000000000000000000e+00,1.000000000000000000e+00,1.000000000000000000e+00,1.000000000000000000e+00,3.154500000000000000e+04

1.705800000000000000e+04,4.036000000000000000e+04,3.788500000000000000e+04,4.032800000000000000e+04,6.243100000000000000e+04,1.454980000000000000e+05
1.831400000000000000e+04,1.831400000000000000e+04,1.831300000000000000e+04,1.831300000000000000e+04,1.463200000000000000e+04,1.831300000000000000e+04
1.135000000000000000e+03,1.269400000000000000e+04,1.135000000000000000e+03,1.135000000000000000e+03,1.135000000000000000e+03,1.134000000000000000e+03
6.490000000000000000e+02,6.490000000000000000e+02,1.579200000000000000e+04,6.490000000000000000e+02,6.480000000000000000e+02,6.480000000000000000e+02
1.720000000000000000e+02,1.720000000000000000e+02,1.720000000000000000e+02,2.744400000000000000e+04,1.720000000000000000e+02,1.720000000000000000e+02
3.900000000000000000e+01,3.900000000000000000e+01,3.900000000000000000e+01,3.900000000000000000e+01,4.192800000000000000e+04,3.900000000000000000e+01
1.000000000000000000e+00,1.000000000000000000e+00,1.000000000000000000e+00,1.000000000000000000e+00,1.000000000000000000e+00,3.240600000000000000e+04

1.718200000000000000e+04,4.064000000000000000e+04,3.814200000000000000e+04,4.072700000000000000e+04,6.317300000000000000e+04,1.506070000000000000e+05
1.845100000000000000e+04,1.845100000000000000e+04,1.845100000000000000e+04,1.845100000000000000e+04,1.473600000000000000e+04,1.845100000000000000e+04
1.143000000000000000e+03,1.279900000000000000e+04,1.143000000000000000e+03,1.143000000000000000e+03,1.143000000000000000e+03,1.142000000000000000e+03
6.520000000000000000e+02,6.520000000000000000e+02,1.591200000000000000e+04,6.510000000000000000e+02,6.510000000000000000e+02,6.510000000000000000e+02
1.730000000000000000e+02,1.730000000000000000e+02,1.730000000000000000e+02,2.769600000000000000e+04,1.730000000000000000e+02,1.730000000000000000e+02
3.900000000000000000e+01,3.900000000000000000e+01,3.900000000000000000e+01,3.900000000000000000e+01,4.242000000000000000e+04,3.900000000000000000e+01
1.000000000000000000e+00,1.000000000000000000e+00,1.000000000000000000e+00,1.000000000000000000e+00,1.000000000000000000e+00,3.367500000000000000e+04

1.726500000000000000e+04,4.084200000000000000e+04,3.831200000000000000e+04,4.095100000000000000e+04,6.360300000000000000e+04,1.567010000000000000e+05
1.854500000000000000e+04,1.854500000000000000e+04,1.854500000000000000e+04,1.854400000000000000e+04,1.480900000000000000e+04,1.854400000000000000e+04
1.147000000000000000e+03,1.286800000000000000e+04,1.147000000000000000e+03,1.147000000000000000e+03,1.147000000000000000e+03,1.147000000000000000e+03
6.550000000000000000e+02,6.540000000000000000e+02,1.602100000000000000e+04,6.540000000000000000e+02,6.540000000000000000e+02,6.540000000000000000e+02
1.740000000000000000e+02,1.740000000000000000e+02,1.730000000000000000e+02,2.799000000000000000e+04,1.730000000000000000e+02,1.730000000000000000e+02
3.900000000000000000e+01,3.900000000000000000e+01,3.900000000000000000e+01,3.900000000000000000e+01,4.263000000000000000e+04,3.900000000000000000e+01
1.000000000000000000e+00,1.000000000000000000e+00,1.000000000000000000e+00,1.000000000000000000e+00,1.000000000000000000e+00,3.521200000000000000e+04

1.745800000000000000e+04,4.129500000000000000e+04,3.879400000000000000e+04,4.159400000000000000e+04,6.503500000000000000e+04,1.595220000000000000e+05
1.876500000000000000e+04,1.876500000000000000e+04,1.876400000000000000e+04,1.876400000000000000e+04,1.497300000000000000e+04,1.876400000000000000e+04
1.159000000000000000e+03,1.302600000000000000e+04,1.158000000000000000e+03,1.158000000000000000e+03,1.158000000000000000e+03,1.158000000000000000e+03
6.630000000000000000e+02,6.620000000000000000e+02,1.628100000000000000e+04,6.620000000000000000e+02,6.620000000000000000e+02,6.620000000000000000e+02
1.750000000000000000e+02,1.750000000000000000e+02,1.750000000000000000e+02,2.866200000000000000e+04,1.750000000000000000e+02,1.750000000000000000e+02
4.000000000000000000e+01,4.000000000000000000e+01,4.000000000000000000e+01,4.000000000000000000e+01,4.365600000000000000e+04,4.000000000000000000e+01
1.000000000000000000e+00,1.000000000000000000e+00,1.000000000000000000e+00,1.000000000000000000e+00,1.000000000000000000e+00,3.570000000000000000e+04

1.760700000000000000e+04,4.165900000000000000e+04,3.914900000000000000e+04,4.203500000000000000e+04,6.609200000000000000e+04,1.635480000000000000e+05
1.893400000000000000e+04,1.893300000000000000e+04,1.893300000000000000e+04,1.893300000000000000e+04,1.510000000000000000e+04,1.893300000000000000e+04
1.170000000000000000e+03,1.316300000000000000e+04,1.170000000000000000e+03,1.169000000000000000e+03,1.169000000000000000e+03,1.169000000000000000e+03
6.680000000000000000e+02,6.680000000000000000e+02,1.646000000000000000e+04,6.680000000000000000e+02,6.680000000000000000e+02,6.680000000000000000e+02
1.760000000000000000e+02,1.760000000000000000e+02,1.760000000000000000e+02,2.910300000000000000e+04,1.760000000000000000e+02,1.760000000000000000e+02
4.000000000000000000e+01,4.000000000000000000e+01,4.000000000000000000e+01,4.000000000000000000e+01,4.450000000000000000e+04,4.000000000000000000e+01
1.000000000000000000e+00,1.000000000000000000e+00,1.000000000000000000e+00,1.000000000000000000e+00,1.000000000000000000e+00,3.664600000000000000e+04

1.772900000000000000e+04,4.195600000000000000e+04,3.943900000000000000e+04,4.243500000000000000e+04,6.760700000000000000e+04,1.668860000000000000e+05
1.907500000000000000e+04,1.907400000000000000e+04,1.907400000000000000e+04,1.907400000000000000e+04,1.520700000000000000e+04,1.907400000000000000e+04
1.181000000000000000e+03,1.328400000000000000e+04,1.180000000000000000e+03,1.180000000000000000e+03,1.180000000000000000e+03,1.180000000000000000e+03
6.740000000000000000e+02,6.740000000000000000e+02,1.664200000000000000e+04,6.730000000000000000e+02,6.730000000000000000e+02,6.730000000000000000e+02
1.770000000000000000e+02,1.770000000000000000e+02,1.770000000000000000e+02,2.957800000000000000e+04,1.770000000000000000e+02,1.770000000000000000e+02
4.000000000000000000e+01,4.000000000000000000e+01,4.000000000000000000e+01,4.000000000000000000e+01,4.606300000000000000e+04,4.000000000000000000e+01
1.000000000000000000e+00,1.000000000000000000e+00,1.000000000000000000e+00,1.000000000000000000e+00,1.000000000000000000e+00,3.744500000000000000e+04

1.781700000000000000e+04,4.216200000000000000e+04,3.961900000000000000e+04,4.267200000000000000e+04,6.792000000000000000e+04,1.731090000000000000e+05
1.917000000000000000e+04,1.917000000000000000e+04,1.916900000000000000e+04,1.916900000000000000e+04,1.527700000000000000e+04,1.916900000000000000e+04
1.185000000000000000e+03,1.334700000000000000e+04,1.185000000000000000e+03,1.184000000000000000e+03,1.184000000000000000e+03,1.184000000000000000e+03
6.770000000000000000e+02,6.770000000000000000e+02,1.675900000000000000e+04,6.770000000000000000e+02,6.770000000000000000e+02,6.770000000000000000e+02
1.780000000000000000e+02,1.780000000000000000e+02,1.780000000000000000e+02,2.977500000000000000e+04,1.780000000000000000e+02,1.770000000000000000e+02
4.000000000000000000e+01,4.000000000000000000e+01,4.000000000000000000e+01,4.000000000000000000e+01,4.618800000000000000e+04,4.000000000000000000e+01
1.000000000000000000e+00,1.000000000000000000e+00,1.000000000000000000e+00,1.000000000000000000e+00,1.000000000000000000e+00,3.910700000000000000e+04

1.799600000000000000e+04,4.259500000000000000e+04,4.004800000000000000e+04,4.329400000000000000e+04,6.937300000000000000e+04,1.759830000000000000e+05
1.937600000000000000e+04,1.937600000000000000e+04,1.937600000000000000e+04,1.937600000000000000e+04,1.543300000000000000e+04,1.937500000000000000e+04
1.196000000000000000e+03,1.350300000000000000e+04,1.196000000000000000e+03,1.196000000000000000e+03,1.195000000000000000e+03,1.195000000000000000e+03
6.830000000000000000e+02,6.830000000000000000e+02,1.697300000000000000e+04,6.830000000000000000e+02,6.820000000000000000e+02,6.820000000000000000e+02
1.790000000000000000e+02,1.790000000000000000e+02,1.790000000000000000e+02,3.055900000000000000e+04,1.790000000000000000e+02,1.790000000000000000e+02
4.000000000000000000e+01,4.000000000000000000e+01,4.000000000000000000e+01,4.000000000000000000e+01,4.738300000000000000e+04,4.000000000000000000e+01
1.000000000000000000e+00,1.000000000000000000e+00,1.000000000000000000e+00,1.000000000000000000e+00,1.000000000000000000e+00,3.949000000000000000e+04

1.818200000000000000e+04,4.302700000000000000e+04,4.043800000000000000e+04,4.386500000000000000e+04,7.033200000000000000e+04,1.798930000000000000e+05
1.958900000000000000e+04,1.958800000000000000e+04,1.958800000000000000e+04,1.958800000000000000e+04,1.559000000000000000e+04,1.958800000000000000e+04
1.209000000000000000e+03,1.367500000000000000e+04,1.208000000000000000e+03,1.208000000000000000e+03,1.208000000000000000e+03,1.208000000000000000e+03
6.870000000000000000e+02,6.870000000000000000e+02,1.718400000000000000e+04,6.860000000000000000e+02,6.860000000000000000e+02,6.860000000000000000e+02
1.800000000000000000e+02,1.800000000000000000e+02,1.800000000000000000e+02,3.114300000000000000e+04,1.800000000000000000e+02,1.800000000000000000e+02
4.000000000000000000e+01,4.000000000000000000e+01,4.000000000000000000e+01,4.000000000000000000e+01,4.798100000000000000e+04,4.000000000000000000e+01
1.000000000000000000e+00,1.000000000000000000e+00,1.000000000000000000e+00,1.000000000000000000e+00,1.000000000000000000e+00,4.017100000000000000e+04

1.832300000000000000e+04,4.336300000000000000e+04,4.081700000000000000e+04,4.426900000000000000e+04,7.121200000000000000e+04,1.843790000000000000e+05
1.974800000000000000e+04,1.974700000000000000e+04,1.974700000000000000e+04,1.974700000000000000e+04,1.570900000000000000e+04,1.974700000000000000e+04
1.218000000000000000e+03,1.379700000000000000e+04,1.217000000000000000e+03,1.217000000000000000e+03,1.217000000000000000e+03,1.217000000000000000e+03
6.940000000000000000e+02,6.940000000000000000e+02,1.740000000000000000e+04,6.940000000000000000e+02,6.940000000000000000e+02,6.930000000000000000e+02
1.810000000000000000e+02,1.810000000000000000e+02,1.810000000000000000e+02,3.152000000000000000e+04,1.810000000000000000e+02,1.810000000000000000e+02
4.000000000000000000e+01,4.000000000000000000e+01,4.000000000000000000e+01,4.000000000000000000e+01,4.866000000000000000e+04,4.000000000000000000e+01
1.000000000000000000e+00,1.000000000000000000e+00,1.000000000000000000e+00,1.000000000000000000e+00,1.000000000000000000e+00,4.115000000000000000e+04

1.847700000000000000e+04,4.370500000000000000e+04,4.114800000000000000e+04,4.478000000000000000e+04,7.279700000000000000e+04,1.874050000000000000e+05
1.992300000000000000e+04,1.992200000000000000e+04,1.992200000000000000e+04,1.992200000000000000e+04,1.583800000000000000e+04,1.992200000000000000e+04
1.225000000000000000e+03,1.392300000000000000e+04,1.225000000000000000e+03,1.225000000000000000e+03,1.225000000000000000e+03,1.225000000000000000e+03
6.990000000000000000e+02,6.990000000000000000e+02,1.759600000000000000e+04,6.990000000000000000e+02,6.990000000000000000e+02,6.990000000000000000e+02
1.820000000000000000e+02,1.820000000000000000e+02,1.820000000000000000e+02,3.214500000000000000e+04,1.820000000000000000e+02,1.820000000000000000e+02
4.000000000000000000e+01,4.000000000000000000e+01,4.000000000000000000e+01,4.000000000000000000e+01,5.000000000000000000e+04,4.000000000000000000e+01
1.000000000000000000e+00,1.000000000000000000e+00,1.000000000000000000e+00,1.000000000000000000e+00,1.000000000000000000e+00,4.184000000000000000e+04

1.865700000000000000e+04,4.415600000000000000e+04,4.155000000000000000e+04,4.540700000000000000e+04,7.416800000000000000e+04,1.902950000000000000e+05
2.013200000000000000e+04,2.013200000000000000e+04,2.013200000000000000e+04,2.013200000000000000e+04,1.599500000000000000e+04,2.013200000000000000e+04
1.237000000000000000e+03,1.408100000000000000e+04,1.236000000000000000e+03,1.236000000000000000e+03,1.236000000000000000e+03,1.236000000000000000e+03
7.070000000000000000e+02,7.070000000000000000e+02,1.788000000000000000e+04,7.070000000000000000e+02,7.070000000000000000e+02,7.070000000000000000e+02
1.840000000000000000e+02,1.840000000000000000e+02,1.840000000000000000e+02,3.289800000000000000e+04,1.840000000000000000e+02,1.840000000000000000e+02
4.000000000000000000e+01,4.000000000000000000e+01,4.000000000000000000e+01,4.000000000000000000e+01,5.100700000000000000e+04,4.000000000000000000e+01
1.000000000000000000e+00,1.000000000000000000e+00,1.000000000000000000e+00,1.000000000000000000e+00,1.000000000000000000e+00,4.240500000000000000e+04

1.878700000000000000e+04,4.447500000000000000e+04,4.183900000000000000e+04,4.581100000000000000e+04,7.534800000000000000e+04,1.944550000000000000e+05
2.027700000000000000e+04,2.027700000000000000e+04,2.027700000000000000e+04,2.027700000000000000e+04,1.610200000000000000e+04,2.027700000000000000e+04
1.247000000000000000e+03,1.420100000000000000e+04,1.247000000000000000e+03,1.247000000000000000e+03,1.247000000000000000e+03,1.247000000000000000e+03
7.130000000000000000e+02,7.120000000000000000e+02,1.806200000000000000e+04,7.120000000000000000e+02,7.120000000000000000e+02,7.120000000000000000e+02
1.850000000000000000e+02,1.850000000000000000e+02,1.850000000000000000e+02,3.348300000000000000e+04,1.850000000000000000e+02,1.850000000000000000e+02
4.100000000000000000e+01,4.100000000000000000e+01,4.100000000000000000e+01,4.100000000000000000e+01,5.192400000000000000e+04,4.100000000000000000e+01
1.000000000000000000e+00,1.000000000000000000e+00,1.000000000000000000e+00,1.000000000000000000e+00,1.000000000000000000e+00,4.319700000000000000e+04

1.889000000000000000e+04,4.471600000000000000e+04,4.207200000000000000e+04,4.617600000000000000e+04,7.584000000000000000e+04,2.000000000000000000e+05
2.039400000000000000e+04,2.039400000000000000e+04,2.039400000000000000e+04,2.039400000000000000e+04,1.619000000000000000e+04,2.039400000000000000e+04
1.255000000000000000e+03,1.429600000000000000e+04,1.254000000000000000e+03,1.254000000000000000e+03,1.254000000000000000e+03,1.254000000000000000e+03
7.170000000000000000e+02,7.170000000000000000e+02,1.819300000000000000e+04,7.170000000000000000e+02,7.160000000000000000e+02,7.160000000000000000e+02
1.860000000000000000e+02,1.860000000000000000e+02,1.860000000000000000e+02,3.404000000000000000e+04,1.860000000000000000e+02,1.860000000000000000e+02
4.100000000000000000e+01,4.100000000000000000e+01,4.100000000000000000e+01,4.100000000000000000e+01,5.212100000000000000e+04,4.100000000000000000e+01
1.000000000000000000e+00,1.000000000000000000e+00,1.000000000000000000e+00,1.000000000000000000e+00,1.000000000000000000e+00,4.450200000000000000e+04

1.898700000000000000e+04,4.495500000000000000e+04,4.227400000000000000e+04,4.645700000000000000e+04,7.678700000000000000e+04,2.050000000000000000e+05
2.050400000000000000e+04,2.050400000000000000e+04,2.050400000000000000e+04,2.050400000000000000e+04,1.627100000000000000e+04,2.050400000000000000e+04
1.261000000000000000e+03,1.437800000000000000e+04,1.260000000000000000e+03,1.260000000000000000e+03,1.260000000000000000e+03,1.260000000000000000e+03
7.210000000000000000e+02,7.200000000000000000e+02,1.833200000000000000e+04,7.200000000000000000e+02,7.200000000000000000e+02,7.200000000000000000e+02
1.860000000000000000e+02,1.860000000000000000e+02,1.860000000000000000e+02,3.423300000000000000e+04,1.860000000000000000e+02,1.860000000000000000e+02
4.100000000000000000e+01,4.100000000000000000e+01,4.100000000000000000e+01,4.100000000000000000e+01,5.297700000000000000e+04,4.100000000000000000e+01
1.000000000000000000e+00,1.000000000000000000e+00,1.000000000000000000e+00,1.000000000000000000e+00,1.000000000000000000e+00,4.578700000000000000e+04

1.912200000000000000e+04,4.530500000000000000e+04,4.258400000000000000e+04,4.690900000000000000e+04,7.797200000000000000e+04,2.094350000000000000e+05
2.066400000000000000e+04,2.066400000000000000e+04,2.066400000000000000e+04,2.066300000000000000e+04,1.639400000000000000e+04,2.066300000000000000e+04
1.272000000000000000e+03,1.451100000000000000e+04,1.271000000000000000e+03,1.271000000000000000e+03,1.271000000000000000e+03,1.271000000000000000e+03
7.260000000000000000e+02,7.250000000000000000e+02,1.852000000000000000e+04,7.250000000000000000e+02,7.250000000000000000e+02,7.250000000000000000e+02
1.870000000000000000e+02,1.870000000000000000e+02,1.870000000000000000e+02,3.456800000000000000e+04,1.870000000000000000e+02,1.870000000000000000e+02
4.100000000000000000e+01,4.100000000000000000e+01,4.100000000000000000e+01,4.100000000000000000e+01,5.379200000000000000e+04,4.100000000000000000e+01
1.000000000000000000e+00,1.000000000000000000e+00,1.000000000000000000e+00,1.000000000000000000e+00,1.000000000000000000e+00,4.644300000000000000e+04

1.922400000000000000e+04,4.553800000000000000e+04,4.282200000000000000e+04,4.716600000000000000e+04,7.864900000000000000e+04,2.150010000000000000e+05
2.077900000000000000e+04,2.077800000000000000e+04,2.077800000000000000e+04,2.077800000000000000e+04,1.647900000000000000e+04,2.077800000000000000e+04
1.277000000000000000e+03,1.459000000000000000e+04,1.277000000000000000e+03,1.277000000000000000e+03,1.276000000000000000e+03,1.276000000000000000e+03
7.300000000000000000e+02,7.290000000000000000e+02,1.865900000000000000e+04,7.290000000000000000e+02,7.290000000000000000e+02,7.290000000000000000e+02
1.870000000000000000e+02,1.870000000000000000e+02,1.870000000000000000e+02,3.478100000000000000e+04,1.870000000000000000e+02,1.870000000000000000e+02
4.100000000000000000e+01,4.100000000000000000e+01,4.100000000000000000e+01,4.100000000000000000e+01,5.428500000000000000e+04,4.100000000000000000e+01
1.000000000000000000e+00,1.000000000000000000e+00,1.000000000000000000e+00,1.000000000000000000e+00,1.000000000000000000e+00,4.774100000000000000e+04

1.936200000000000000e+04,4.588000000000000000e+04,4.310900000000000000e+04,4.763500000000000000e+04,8.018900000000000000e+04,2.184610000000000000e+05
2.093600000000000000e+04,2.093600000000000000e+04,2.093600000000000000e+04,2.093500000000000000e+04,1.659500000000000000e+04,2.093500000000000000e+04
1.286000000000000000e+03,1.471300000000000000e+04,1.286000000000000000e+03,1.285000000000000000e+03,1.285000000000000000e+03,1.285000000000000000e+03
7.320000000000000000e+02,7.320000000000000000e+02,1.881800000000000000e+04,7.320000000000000000e+02,7.320000000000000000e+02,7.320000000000000000e+02
1.880000000000000000e+02,1.880000000000000000e+02,1.880000000000000000e+02,3.531300000000000000e+04,1.880000000000000000e+02,1.880000000000000000e+02
4.100000000000000000e+01,4.100000000000000000e+01,4.100000000000000000e+01,4.100000000000000000e+01,5.557200000000000000e+04,4.100000000000000000e+01
1.000000000000000000e+00,1.000000000000000000e+00,1.000000000000000000e+00,1.000000000000000000e+00,1.000000000000000000e+00,4.843800000000000000e+04

1.957600000000000000e+04,4.634900000000000000e+04,4.358400000000000000e+04,4.831600000000000000e+04,8.195700000000000000e+04,2.205800000000000000e+05
2.117800000000000000e+04,2.117800000000000000e+04,2.117800000000000000e+04,2.117800000000000000e+04,1.677000000000000000e+04,2.117700000000000000e+04
1.297000000000000000e+03,1.489400000000000000e+04,1.296000000000000000e+03,1.296000000000000000e+03,1.296000000000000000e+03,1.296000000000000000e+03
7.390000000000000000e+02,7.390000000000000000e+02,1.908000000000000000e+04,7.390000000000000000e+02,7.380000000000000000e+02,7.380000000000000000e+02
1.890000000000000000e+02,1.890000000000000000e+02,1.890000000000000000e+02,3.618300000000000000e+04,1.890000000000000000e+02,1.890000000000000000e+02
4.100000000000000000e+01,4.100000000000000000e+01,4.100000000000000000e+01,4.100000000000000000e+01,5.688500000000000000e+04,4.100000000000000000e+01
1.000000000000000000e+00,1.000000000000000000e+00,1.000000000000000000e+00,1.000000000000000000e+00,1.000000000000000000e+00,4.860800000000000000e+04

1.975100000000000000e+04,4.679600000000000000e+04,4.393200000000000000e+04,4.892000000000000000e+04,8.309800000000000000e+04,2.240400000000000000e+05
2.137400000000000000e+04,2.137300000000000000e+04,2.137300000000000000e+04,2.137300000000000000e+04,1.691000000000000000e+04,2.137300000000000000e+04
1.314000000000000000e+03,1.507700000000000000e+04,1.313000000000000000e+03,1.313000000000000000e+03,1.313000000000000000e+03,1.313000000000000000e+03
7.450000000000000000e+02,7.440000000000000000e+02,1.932000000000000000e+04,7.440000000000000000e+02,7.440000000000000000e+02,7.440000000000000000e+02
1.900000000000000000e+02,1.900000000000000000e+02,1.900000000000000000e+02,3.684500000000000000e+04,1.900000000000000000e+02,1.900000000000000000e+02
4.100000000000000000e+01,4.100000000000000000e+01,4.100000000000000000e+01,4.100000000000000000e+01,5.774900000000000000e+04,4.100000000000000000e+01
1.000000000000000000e+00,1.000000000000000000e+00,1.000000000000000000e+00,1.000000000000000000e+00,1.000000000000000000e+00,4.924900000000000000e+04

