42	915.0600638205336
68	369.0718036357061
94	249.37231558204124
1004	38.74042255313566
1030	38.20330952597761
1056	37.687731372513795
1082	38.132517970524276
2018	29.3877523406571
2044	29.030917568641357
2070	28.82608289270132
2096	28.629220296988866
3006	24.06000656914074
3032	23.94467497905132
3058	23.95126810814886
3084	23.8010851757317
4020	20.94690432741764
4046	20.870612512276715
4072	20.863720584469526
4098	20.79031527147978
5008	18.781958275744756
5034	18.72870929782726
5060	18.67574068241001
5086	18.623188370664266
6022	17.201279015165643
6048	17.165328436014917
6074	17.126293337970928
7010	16.022515253006944
7036	16.025007873092722
7062	15.973063367458359
7088	15.939691661528185
8024	15.021026526272433
8050	14.994375108969379
8076	14.967861469867412
9012	14.165172155757798
9038	14.142740982215997
9064	14.120448685386606
9090	14.120255050998598
10000	13.478647519287831
10026	13.456572391951736
10052	13.437621229575694
10078	13.417390164918814
11014	12.941726817740374
11040	12.923996752505577
11066	12.924209181152065
11092	12.92579379401858
12002	12.458958996766096
12028	12.444433689785443
12054	12.428746938727242
12080	12.414973207348101
13016	12.038921415406667
13042	12.02548132330966
13068	12.012809083990037
13094	11.99941238796653
14004	11.62144510401436
14030	11.609884195478855
14056	11.598163350694044
14082	11.586380726104682
15018	11.251556024998848
15044	11.240796060856095
15070	11.229883466035396
15096	11.224957845621343
16006	10.911183648155653
16032	10.910160807815629
16058	10.900551996701825
16084	10.889127965246983
17020	10.612794014594845
17046	10.603256970572211
17072	10.59205083096544
17098	10.58257482719291
18008	10.322971436167649
18034	10.314967441132813
18060	10.306861835461412
18086	10.30561978410293
19022	10.058089852415662
19048	10.05042823142536
19074	10.042586370441189
20010	9.833071686930303
20036	9.826327304927963
20062	9.819250894423167
20088	9.818021150933237
21024	9.619234087152075
21050	9.616078199983352
21076	9.612899205653424
22012	9.42585782115641
22038	9.421719842809146
22064	9.4152028720925
22090	9.41066588927619
23000	9.262192909190457
23026	9.256183579715282
23052	9.251874115639746
23078	9.2471871530182
24014	9.05562066769114
24040	9.050172740408852
24066	9.044737613864601
24092	9.042907432154745
25002	8.888077801569521
25028	8.883142291362473
25054	8.879326293790493
25080	8.873194956369666
26016	8.719803152562623
26042	8.718703403473757
26068	8.715980170873719
26094	8.711656920093207
27004	8.575485986878448
27030	8.571693140736572
27056	8.567562197038367
27082	8.563199407583575
28018	8.427699283587812
28044	8.423665882597763
28070	8.41943650233297
28096	8.416137988875056
29006	8.291175239532523
29032	8.29028952101543
29058	8.287702992769374
29084	8.284531913883612
30020	8.150571667283483
30046	8.147707409974629
30072	8.144501300648233
30098	8.142689986897079
31008	8.034161275721976
31034	8.030332954497755
31060	8.028261898524782
31086	8.023910773707325
32022	7.911169777621456
32048	7.908912043465927
32074	7.906505145828156
33010	7.803555831390032
33036	7.801948249263573
33062	7.798354413420307
33088	7.7954406160171
34024	7.6981505756164434
34050	7.696098057164659
34076	7.691862920396786
35012	7.593614138764707
35038	7.591324734939806
35064	7.586739158668181
35090	7.584437182820745
36000	7.490768249660621
36026	7.48889217333058
36052	7.4850173555931
36078	7.48302225660178
37014	7.3912954892055165
37040	7.387468821232865
37066	7.385462482974326
37092	7.383926185831642
38002	7.301521551865701
38028	7.298244462294951
38054	7.296480880241142
38080	7.29455835835904
39016	7.207896560208363
39042	7.206020205520533
39068	7.20401115487143
39094	7.201889120925383
40004	7.123108337143851
40030	7.1207180917838215
40056	7.118291887262815
40082	7.115835866270476
41018	7.037348077510172
41044	7.035466490216499
41070	7.033487564196492
41096	7.030166901854426
42006	6.9585694685067185
42032	6.956658995356848
42058	6.955167476040223
42084	6.952544822191427
43020	6.879318489472179
43046	6.87721756225115
43072	6.875482776776261
43098	6.873629695203645
44008	6.806958680123021
44034	6.805292885931857
44060	6.803523653851032
44086	6.801666863474115
45022	6.741974054245652
45048	6.740305522794456
45074	6.738542099048201
46010	6.679800835061336
46036	6.678103746149668
46062	6.67630762719754
46088	6.674429210725384
47024	6.6013462703247345
47050	6.599258757077676
47076	6.597176131070952
48012	6.535505338819386
48038	6.533794467562105
48064	6.532045617294448
48090	6.530264331668318
49000	6.47412548649226
49026	6.472721336149016
49052	6.471216962827398
49078	6.4700500465110595
50014	6.415797213840526
50040	6.414042777649756
50066	6.412241446135623
50092	6.410402288379142
51002	6.352597951745599
51028	6.351007850129234
51054	6.3493645731032995
51080	6.347677281883173
52016	6.288156965124976
52042	6.286737744877592
52068	6.285267025628888
52094	6.283752326333617
53004	6.242011874458777
53030	6.240584470035635
53056	6.239060051420731
53082	6.23745618572195
54018	6.184327387043615
54044	6.182772349295316
54070	6.181193729923114
54096	6.17984372432018
55006	6.134240427134584
55032	6.132938015249421
55058	6.131862742548639
55084	6.130655750425564
56020	6.085099490088377
56046	6.0838701526884
56072	6.082795349897971
56098	6.081859159673867
57008	6.0366921325780885
57034	6.035643990658954
57060	6.034501096723144
57086	6.033470966557775
58022	5.992457925782972
58048	5.990961518574894
58074	5.989445709888168
59010	5.948491516379299
59036	5.947678731892502
59062	5.946728696640486
59088	5.945663264669534
60024	5.9032922177565865
60050	5.902652615566009
60076	5.901846764149455
61012	5.8551371428808
61038	5.853820128469114
61064	5.852476421613156
61090	5.851111023699014
62000	5.804389527358827
62026	5.803035579205707
62052	5.801681424214921
62078	5.800327306522821
63014	5.759640032385213
63040	5.758395802182131
63066	5.757344261398828
63092	5.7564484291553155
64002	5.721357958801122
64028	5.720426699991117
64054	5.719412495037582
64080	5.718578779763828
65016	5.680465891547552
65042	5.679291422914247
65068	5.678088523538099
65094	5.6768623277282915
66004	5.640494522823453
66030	5.639932296242698
66056	5.639243213894595
66082	5.638577248850794
67018	5.602278276682143
67044	5.601402772473358
67070	5.600478047194977
67096	5.599701739573238
68006	5.570947536583695
68032	5.56981312796017
68058	5.568861486932315
68084	5.5680717324378115
69020	5.533068796094976
69046	5.5319484548919
69072	5.530797526605827
69098	5.529622111372575
70008	5.4901133646953975
70034	5.489044295314244
70060	5.487958351603172
70086	5.486858482282945
71022	5.451610004000288
71048	5.450470907577165
71074	5.449329331996767
72010	5.415568653856582
72036	5.414832202729359
72062	5.41423142538098
72088	5.413674182009887
73024	5.381098266998283
73050	5.38015828277322
73076	5.379178114022881
74012	5.345838693331364
74038	5.34501614780776
74064	5.344149412788808
74090	5.34324541172598
75000	5.3099465765837
75026	5.30902812510087
75052	5.30808327083043
75078	5.307116492382523
76014	5.275546325187413
76040	5.274572008202389
76066	5.27358185774875
76092	5.272706357918246
77002	5.2419229140002255
77028	5.240974018317907
77054	5.240011218812871
77080	5.239037140502639
78016	5.206964734837648
78042	5.20607458890739
78068	5.205167437259544
78094	5.20436530422195
79004	5.1764696184568155
79030	5.17550733641623
79056	5.174541274402931
79082	5.173572488016882
80018	5.148321545579595
80044	5.14778829749894
80070	5.147172176376982
80096	5.1464862560262805
81006	5.121146465520357
81032	5.120336723473519
81058	5.119499234650091
81084	5.1186387480981
82020	5.0880462123386225
82046	5.087196513861835
82072	5.0863345241732105
82098	5.085462386931147
83008	5.059167155839202
83034	5.05830988854078
83060	5.057596411996245
83086	5.056843849296927
84022	5.02631404563266
84048	5.025470552394502
84074	5.024746330240749
85010	4.998265325530917
85036	4.9974696528648
85062	4.996660518063516
85088	4.9959639584403615
86024	4.969622808768621
86050	4.969016229781701
86076	4.9683643469296115
87012	4.945829642965606
87038	4.945061021197263
87064	4.944271452853611
87090	4.943464811957163
88000	4.918802944138681
88026	4.918050408919116
88052	4.917279638704718
88078	4.916493913933724
89014	4.891183333145412
89040	4.8905308213960845
89066	4.889850231325042
89092	4.889237734820895
90002	4.865483962753003
90028	4.864793738751436
90054	4.864083913013275
90080	4.863357659694959
91016	4.839205386853886
91042	4.838538066451404
91068	4.8378565136414515
91094	4.837162673308681
92004	4.81385885643078
92030	4.813118413021576
92056	4.812369933957527
92082	4.8116149992130826
93018	4.787515057577893
93044	4.786826021120454
93070	4.786122498717397
93096	4.785406989621662
94006	4.76151951219115
94032	4.760908604387513
94058	4.7602767550444645
94084	4.759716035401493
95020	4.742079818875141
95046	4.741573547704893
95072	4.741019468600119
95098	4.740425282937422
96008	4.7182460858440365
96034	4.717766037980522
96060	4.717241355635245
96086	4.716678910836247
97022	4.693357309737051
97048	4.692805859901125
97074	4.692222880659219
98010	4.672307998575177
98036	4.671790246399233
98062	4.671345354510971
98088	4.670848462584191
99024	4.648252204479872
99050	4.647639238416759
99076	4.647006556131245
