4.200000000000000000e+01 9.150600638205336281e+02
1.042000000000000000e+03 1.146157125115625064e+02
2.042000000000000000e+03 4.980028745212869268e+01
3.042000000000000000e+03 3.375739063666213724e+01
4.042000000000000000e+03 2.698827475317431634e+01
5.042000000000000000e+03 2.331563119165319264e+01
6.042000000000000000e+03 2.100468343331298016e+01
7.042000000000000000e+03 1.879225838989005126e+01
8.042000000000000000e+03 1.730911422659752930e+01
9.042000000000000000e+03 1.601928830882153321e+01
1.004200000000000000e+04 1.495463254397622421e+01
1.104200000000000000e+04 1.448284915543590579e+01
1.204200000000000000e+04 1.407492010175941921e+01
1.304200000000000000e+04 1.364396122801693423e+01
1.404200000000000000e+04 1.323309306514313732e+01
1.504200000000000000e+04 1.280641018281176713e+01
1.604200000000000000e+04 1.237391420205303483e+01
1.704200000000000000e+04 1.200467984960268808e+01
1.804200000000000000e+04 1.158564269922777257e+01
1.904200000000000000e+04 1.123589181232048340e+01
2.004200000000000000e+04 1.091969544541172965e+01
2.104200000000000000e+04 1.071723184718437949e+01
2.204200000000000000e+04 1.053441577742322544e+01
2.304200000000000000e+04 1.034442126612700363e+01
2.404200000000000000e+04 1.012350704586038574e+01
2.504200000000000000e+04 9.925486660753007229e+00
2.604200000000000000e+04 9.748566615163699822e+00
2.704200000000000000e+04 9.548666984233495469e+00
2.804200000000000000e+04 9.359099272250546164e+00
2.904200000000000000e+04 9.179945239329418527e+00
3.004200000000000000e+04 9.001582195132614928e+00
3.104200000000000000e+04 8.899930381257904699e+00
3.204200000000000000e+04 8.782833408926570939e+00
3.304200000000000000e+04 8.686439218691914377e+00
3.404200000000000000e+04 8.584561482915839647e+00
3.504200000000000000e+04 8.467177165413145801e+00
3.604200000000000000e+04 8.349066004903317406e+00
3.704200000000000000e+04 8.237756943117183539e+00
3.804200000000000000e+04 8.135111169527759145e+00
3.904200000000000000e+04 8.006073456996533722e+00
4.004200000000000000e+04 7.878511605406992580e+00
4.104200000000000000e+04 7.803767695872581456e+00
4.204200000000000000e+04 7.725874043864473073e+00
4.304200000000000000e+04 7.658378547229697908e+00
4.404200000000000000e+04 7.580825694883641219e+00
4.504200000000000000e+04 7.500119080270002847e+00
4.604200000000000000e+04 7.415145376659049603e+00
4.704200000000000000e+04 7.326961501818977318e+00
4.804200000000000000e+04 7.233581017670906554e+00
4.904200000000000000e+04 7.145489329139481427e+00
5.004200000000000000e+04 7.054693973150490294e+00
5.104200000000000000e+04 7.001163131242511994e+00
5.204200000000000000e+04 6.944017197995428603e+00
5.304200000000000000e+04 6.889387644187813464e+00
5.404200000000000000e+04 6.842109676501443971e+00
5.504200000000000000e+04 6.794324884106226037e+00
5.604200000000000000e+04 6.736911114245832444e+00
5.704200000000000000e+04 6.672073843398713677e+00
5.804200000000000000e+04 6.611084675642445063e+00
5.904200000000000000e+04 6.545000305885104730e+00
6.004200000000000000e+04 6.485908919802269246e+00
6.104200000000000000e+04 6.445057576445483605e+00
6.204200000000000000e+04 6.409286485109691789e+00
6.304200000000000000e+04 6.367709062156354349e+00
6.404200000000000000e+04 6.329353770063509188e+00
6.504200000000000000e+04 6.286965733507191345e+00
6.604200000000000000e+04 6.238673879102822895e+00
6.704200000000000000e+04 6.190725721645580215e+00
6.804200000000000000e+04 6.144188127625735518e+00
6.904200000000000000e+04 6.093811000210331841e+00
7.004200000000000000e+04 6.040688893134877446e+00
7.104200000000000000e+04 6.006578230534027618e+00
7.204200000000000000e+04 5.974964971411784731e+00
7.304200000000000000e+04 5.942944815185107643e+00
7.404200000000000000e+04 5.909853562840330810e+00
7.504200000000000000e+04 5.875355986566765054e+00
7.604200000000000000e+04 5.837546445222033142e+00
7.704200000000000000e+04 5.797899872005242372e+00
7.804200000000000000e+04 5.756467319787542891e+00
7.904200000000000000e+04 5.712701608907971185e+00
8.004200000000000000e+04 5.669659684338932415e+00
8.104200000000000000e+04 5.640959656302740655e+00
8.204200000000000000e+04 5.614348695719823645e+00
8.304200000000000000e+04 5.584785034297809148e+00
8.404200000000000000e+04 5.556524662483218080e+00
8.504200000000000000e+04 5.525728413385224691e+00
8.604200000000000000e+04 5.494880851009214418e+00
8.704200000000000000e+04 5.462704417412103552e+00
8.804200000000000000e+04 5.427661774242831250e+00
8.904200000000000000e+04 5.392242128166936155e+00
9.004200000000000000e+04 5.359358148735201333e+00
9.104200000000000000e+04 5.335411370951808507e+00
9.204200000000000000e+04 5.315432437485966943e+00
9.304200000000000000e+04 5.295026545546268615e+00
9.404200000000000000e+04 5.274846094418998099e+00
9.504200000000000000e+04 5.253704458232459906e+00
9.604200000000000000e+04 5.227269259844011806e+00
9.704200000000000000e+04 5.199714248441163811e+00
9.804200000000000000e+04 5.173145581968368489e+00
9.904200000000000000e+04 5.146106612929000512e+00
