10000 57.84390982066131
20000 43.31079884283066
30000 38.29698871369984
40000 34.20213400109333
50000 32.70605434671817
60000 31.369247442211627
70000 29.003063552119446
80000 28.673363357195267
90000 19.577383759651664
100000 17.997091298983904
110000 17.275018514285144
120000 17.033038950650173
130000 16.472808920801324
140000 15.474838030002964
150000 15.316422670919126
160000 15.101105260894862
170000 14.263958951268046
180000 14.32642093658667
190000 14.031085721289498
200000 13.295497952642101
210000 13.536089119813518
220000 12.837920239903065
230000 13.59263557519533
240000 12.268133614606542
250000 12.458483228650705
260000 12.156409987124077
270000 12.0952040526694
280000 11.9104896352712
290000 11.351695952443754
300000 11.185933316240217
310000 11.03759284643139
320000 11.158190790899265
330000 11.151550885837043
340000 11.110044818716514
350000 10.52746968984364
360000 10.409903815503855
370000 10.289307282395892
380000 10.215294695520466
390000 10.511619330014254
400000 10.013849410379516
410000 9.902292721165114
420000 10.580323639108688
430000 9.772249197245907
440000 9.666660131598043
450000 9.983366502609812
460000 9.510969837151697
470000 9.421412726917792
480000 9.775198662442161
490000 9.287944419828248
500000 9.626488870797626
510000 9.554696952636197
520000 9.481895581252473
530000 9.034185093026966
540000 9.38076016624693
550000 9.324976101525467
560000 9.00003752788945
570000 8.81970464856307
580000 8.773741901844776
590000 9.133338711446541
600000 9.19252001600239
610000 8.636960605599878
620000 9.009641268700745
630000 8.967326840167983
640000 9.09376120933866
650000 8.488774367292862
660000 9.2161212729254
670000 9.517077579835625
680000 8.351987761717986
690000 8.734397655954863
700000 8.278764474592496
710000 8.242655759304622
720000 8.728979067939285
730000 8.192046636521333
740000 8.124790818363941
750000 8.119604219558083
760000 8.674195649273027
770000 8.806417176750452
780000 8.428465250638242
