4.200000000000000000e+01 9.150600638205336281e+02
4.900000000000000000e+01 6.518210644463574681e+02
5.600000000000000000e+01 5.355480437805387055e+02
6.300000000000000000e+01 4.663332764351139872e+02
7.000000000000000000e+01 4.191196209781993502e+02
7.700000000000000000e+01 3.842610824014105901e+02
8.400000000000000000e+01 3.571521786952624780e+02
9.100000000000000000e+01 3.352821587822985521e+02
9.800000000000000000e+01 3.171487163987434883e+02
1.001000000000000000e+03 8.893435062547987968e+01
1.008000000000000000e+03 8.863729263783334034e+01
1.015000000000000000e+03 8.834247987456029705e+01
1.022000000000000000e+03 8.805068069652875806e+01
1.029000000000000000e+03 8.776188969203886359e+01
1.036000000000000000e+03 8.747605767039638636e+01
1.043000000000000000e+03 8.719313407307808461e+01
1.050000000000000000e+03 8.691306940358455790e+01
1.057000000000000000e+03 8.663581533375662502e+01
1.064000000000000000e+03 8.636132467627996334e+01
1.071000000000000000e+03 8.609048353158812006e+01
1.078000000000000000e+03 8.582143359383132974e+01
1.085000000000000000e+03 8.555586923635570429e+01
1.092000000000000000e+03 8.529202294939688045e+01
1.099000000000000000e+03 8.503066434249390682e+01
2.002000000000000000e+03 6.389312205445583004e+01
2.009000000000000000e+03 6.378847939145485668e+01
2.016000000000000000e+03 6.368256883780831856e+01
2.023000000000000000e+03 6.357877992719741655e+01
2.030000000000000000e+03 6.347483954564960129e+01
2.037000000000000000e+03 6.336769879086280355e+01
2.044000000000000000e+03 6.326778542119586746e+01
2.051000000000000000e+03 6.316577148970477396e+01
2.058000000000000000e+03 6.306388288766887484e+01
2.065000000000000000e+03 6.296244996635131486e+01
2.072000000000000000e+03 6.286151861119220996e+01
2.079000000000000000e+03 6.276109205472057795e+01
2.086000000000000000e+03 6.266116717070642039e+01
2.093000000000000000e+03 6.256173992106166537e+01
3.003000000000000000e+03 5.274804357948855227e+01
3.010000000000000000e+03 5.269047505042453849e+01
3.017000000000000000e+03 5.263231443984287949e+01
3.024000000000000000e+03 5.257512871773671748e+01
3.031000000000000000e+03 5.251736302561389635e+01
3.038000000000000000e+03 5.246056686514044998e+01
3.045000000000000000e+03 5.240413336720141046e+01
3.052000000000000000e+03 5.234699866307204275e+01
3.059000000000000000e+03 5.229126633840174065e+01
3.066000000000000000e+03 5.223411854336359994e+01
3.073000000000000000e+03 5.217866201508176971e+01
3.080000000000000000e+03 5.212187328154901422e+01
3.087000000000000000e+03 5.206678269311093743e+01
3.094000000000000000e+03 5.201037275456793907e+01
4.004000000000000000e+03 4.605926077586468637e+01
4.011000000000000000e+03 4.602134221446993934e+01
4.018000000000000000e+03 4.598352127153032143e+01
4.025000000000000000e+03 4.594579752490452762e+01
4.032000000000000000e+03 4.590912653838294943e+01
4.039000000000000000e+03 4.587093994253159224e+01
4.046000000000000000e+03 4.583329942227152287e+01
4.053000000000000000e+03 4.579684764372586869e+01
4.060000000000000000e+03 4.575893014354527111e+01
4.067000000000000000e+03 4.572252408949620417e+01
4.074000000000000000e+03 4.568474775917377428e+01
4.081000000000000000e+03 4.564851088931336420e+01
4.088000000000000000e+03 4.560744143475214685e+01
4.095000000000000000e+03 4.557411870516220631e+01
5.005000000000000000e+03 4.146695885292214712e+01
5.012000000000000000e+03 4.143990269629063761e+01
5.019000000000000000e+03 4.141226667523299909e+01
5.026000000000000000e+03 4.138589512757122435e+01
5.033000000000000000e+03 4.135811574347411579e+01
5.040000000000000000e+03 4.133127599354401838e+01
5.047000000000000000e+03 4.130434160156899992e+01
5.054000000000000000e+03 4.127741705548004347e+01
5.061000000000000000e+03 4.125052251329923081e+01
5.068000000000000000e+03 4.122367524376137737e+01
5.075000000000000000e+03 4.119687845250413005e+01
5.082000000000000000e+03 4.117013486406361977e+01
5.089000000000000000e+03 4.114344485839330900e+01
5.096000000000000000e+03 4.111680873595342689e+01
6.006000000000000000e+03 3.805963654540607877e+01
6.013000000000000000e+03 3.803860047398082855e+01
6.020000000000000000e+03 3.801767693106690160e+01
6.027000000000000000e+03 3.799684018197326907e+01
6.034000000000000000e+03 3.797651852426413654e+01
6.041000000000000000e+03 3.795506781460007062e+01
6.048000000000000000e+03 3.793495714017345222e+01
6.055000000000000000e+03 3.791411502909631537e+01
6.062000000000000000e+03 3.789339416488633105e+01
6.069000000000000000e+03 3.787276534311732945e+01
6.076000000000000000e+03 3.785264840434180655e+01
6.083000000000000000e+03 3.783187931885862554e+01
6.090000000000000000e+03 3.781126313017460916e+01
6.097000000000000000e+03 3.779075979344756320e+01
7.000000000000000000e+03 3.541466452899801709e+01
7.007000000000000000e+03 3.539788597312331575e+01
7.014000000000000000e+03 3.538164851597416316e+01
7.021000000000000000e+03 3.536524569229040083e+01
7.028000000000000000e+03 3.534876638152853445e+01
7.035000000000000000e+03 3.533179232491752941e+01
7.042000000000000000e+03 3.531549760928639614e+01
7.049000000000000000e+03 3.529910976997432215e+01
7.056000000000000000e+03 3.528268372469612757e+01
7.063000000000000000e+03 3.526624863129212883e+01
7.070000000000000000e+03 3.524935571327151251e+01
7.077000000000000000e+03 3.522936501179785296e+01
7.084000000000000000e+03 3.521098861510780154e+01
7.091000000000000000e+03 3.519743644319661513e+01
7.098000000000000000e+03 3.518258451243300300e+01
8.001000000000000000e+03 3.325821649238265110e+01
8.008000000000000000e+03 3.324401458559805178e+01
8.015000000000000000e+03 3.323099576068415217e+01
8.022000000000000000e+03 3.321772447212728707e+01
8.029000000000000000e+03 3.320334988228574957e+01
8.036000000000000000e+03 3.319025372141923214e+01
8.043000000000000000e+03 3.317648945326694587e+01
8.050000000000000000e+03 3.316327529377244332e+01
8.057000000000000000e+03 3.314944180713514044e+01
8.064000000000000000e+03 3.313574018310141156e+01
8.071000000000000000e+03 3.312259005071228302e+01
8.078000000000000000e+03 3.310929808943163977e+01
8.085000000000000000e+03 3.309545529547186504e+01
8.092000000000000000e+03 3.308176027828518784e+01
8.099000000000000000e+03 3.306864987442418169e+01
9.002000000000000000e+03 3.146459573484177241e+01
9.009000000000000000e+03 3.145253515972136427e+01
9.016000000000000000e+03 3.144212184360069884e+01
9.023000000000000000e+03 3.143033942817812232e+01
9.030000000000000000e+03 3.141917993850676183e+01
9.037000000000000000e+03 3.140744923874457584e+01
9.044000000000000000e+03 3.139675369276492489e+01
9.051000000000000000e+03 3.138483723572711170e+01
9.058000000000000000e+03 3.137312017380246232e+01
9.065000000000000000e+03 3.136248086454696704e+01
9.072000000000000000e+03 3.135110226010316126e+01
9.079000000000000000e+03 3.133873692354283946e+01
9.086000000000000000e+03 3.132870101079366165e+01
9.093000000000000000e+03 3.131621651540123707e+01
1.000300000000000000e+04 2.994368334433129419e+01
1.001000000000000000e+04 2.993389101646373618e+01
1.001700000000000000e+04 2.992408389713515859e+01
1.002400000000000000e+04 2.991427054577258815e+01
1.003100000000000000e+04 2.990445657222446840e+01
1.003800000000000000e+04 2.989464565113527428e+01
1.004500000000000000e+04 2.988484018747664450e+01
1.005200000000000000e+04 2.987504175320227162e+01
1.005900000000000000e+04 2.986525137373716277e+01
1.006600000000000000e+04 2.985546971594322230e+01
1.007300000000000000e+04 2.984569721144337251e+01
1.008000000000000000e+04 2.983593413753449397e+01
1.008700000000000000e+04 2.982618067027438258e+01
1.009400000000000000e+04 2.981643691931197537e+01
1.100400000000000000e+04 2.863057705102477257e+01
1.101100000000000000e+04 2.862276908945442955e+01
1.101800000000000000e+04 2.861375876222412273e+01
1.102500000000000000e+04 2.860536072054757994e+01
1.103200000000000000e+04 2.859645229895810559e+01
1.103900000000000000e+04 2.858813014372448791e+01
1.104600000000000000e+04 2.857975212803655651e+01
1.105300000000000000e+04 2.857085040690410693e+01
1.106000000000000000e+04 2.856255763694527516e+01
1.106700000000000000e+04 2.855471044891770305e+01
1.107400000000000000e+04 2.854567708974146711e+01
1.108100000000000000e+04 2.853729359181672010e+01
1.108800000000000000e+04 2.852887905545394176e+01
1.109500000000000000e+04 2.851997205891410658e+01
1.200500000000000000e+04 2.748347449086071492e+01
1.201200000000000000e+04 2.747565848898902274e+01
1.201900000000000000e+04 2.746840708542949727e+01
1.202600000000000000e+04 2.746059610257563577e+01
1.203300000000000000e+04 2.745287485298796426e+01
1.204000000000000000e+04 2.744569118558075616e+01
1.204700000000000000e+04 2.743842222595427671e+01
1.205400000000000000e+04 2.743060703727720551e+01
1.206100000000000000e+04 2.742288363407705276e+01
1.206800000000000000e+04 2.741570971869587936e+01
1.207500000000000000e+04 2.740845479071964519e+01
1.208200000000000000e+04 2.740114252897350866e+01
1.208900000000000000e+04 2.739281809627328457e+01
1.209600000000000000e+04 2.738570170358948275e+01
1.300600000000000000e+04 2.646684230485763933e+01
1.301300000000000000e+04 2.646003047759251103e+01
1.302000000000000000e+04 2.645325182016638621e+01
1.302700000000000000e+04 2.644649877504473778e+01
1.303400000000000000e+04 2.644080998589778275e+01
1.304100000000000000e+04 2.643006970173096093e+01
1.304800000000000000e+04 2.642417336910383341e+01
1.305500000000000000e+04 2.641806924576718174e+01
1.306200000000000000e+04 2.641269632200430095e+01
1.306900000000000000e+04 2.640609534893388144e+01
1.307600000000000000e+04 2.639948180315877124e+01
1.308300000000000000e+04 2.639331962668779141e+01
1.309000000000000000e+04 2.638708948659856901e+01
1.309700000000000000e+04 2.638023071117474672e+01
1.400000000000000000e+04 2.556722426425363182e+01
1.400700000000000000e+04 2.556028342545101140e+01
1.401400000000000000e+04 2.555559517517623291e+01
1.402100000000000000e+04 2.554855290529820877e+01
1.402800000000000000e+04 2.553935629291531839e+01
1.403500000000000000e+04 2.553416566858925307e+01
1.404200000000000000e+04 2.552857342256089268e+01
1.404900000000000000e+04 2.552318776088347363e+01
1.405600000000000000e+04 2.551820455600607218e+01
1.406300000000000000e+04 2.551206225736223132e+01
1.407000000000000000e+04 2.550642312258402100e+01
1.407700000000000000e+04 2.550022282931077910e+01
1.408400000000000000e+04 2.549507471194405639e+01
1.409100000000000000e+04 2.548824020970812754e+01
1.409800000000000000e+04 2.548361628314631133e+01
1.500100000000000000e+04 2.474884836345035311e+01
1.500800000000000000e+04 2.474384253740851491e+01
1.501500000000000000e+04 2.473829044455430548e+01
1.502200000000000000e+04 2.473376733703030439e+01
1.502900000000000000e+04 2.472810189183489271e+01
1.503600000000000000e+04 2.472240440445985499e+01
1.504300000000000000e+04 2.471781372288952383e+01
1.505000000000000000e+04 2.471206132059804261e+01
1.505700000000000000e+04 2.470686680685455272e+01
1.506400000000000000e+04 2.470111679683257933e+01
1.507100000000000000e+04 2.469595615073757955e+01
1.507800000000000000e+04 2.469077104771026399e+01
1.508500000000000000e+04 2.468551085286442515e+01
1.509200000000000000e+04 2.467970628079245898e+01
1.509900000000000000e+04 2.467114733349879785e+01
1.600200000000000000e+04 2.401017805277490424e+01
1.600900000000000000e+04 2.400496449902844631e+01
1.601600000000000000e+04 2.400029702565546685e+01
1.602300000000000000e+04 2.399557947565207883e+01
1.603000000000000000e+04 2.399082196465820260e+01
1.603700000000000000e+04 2.398553348726898093e+01
1.604400000000000000e+04 2.398081392373487475e+01
1.605100000000000000e+04 2.397605658113717553e+01
1.605800000000000000e+04 2.397076314452073476e+01
1.606500000000000000e+04 2.396604825254087601e+01
1.607200000000000000e+04 2.396079872105345032e+01
1.607900000000000000e+04 2.395611226092652046e+01
1.608600000000000000e+04 2.395138471812602177e+01
1.609300000000000000e+04 2.394662449364275858e+01
1.700300000000000000e+04 2.333100044647314775e+01
1.701000000000000000e+04 2.332707660597457888e+01
1.701700000000000000e+04 2.332304069369200761e+01
1.702400000000000000e+04 2.331891452132115106e+01
1.703100000000000000e+04 2.331510090281491898e+01
1.703800000000000000e+04 2.331077067593420793e+01
1.704500000000000000e+04 2.330640765975675421e+01
1.705200000000000000e+04 2.330201860020658344e+01
1.705900000000000000e+04 2.329760896095925204e+01
1.706600000000000000e+04 2.329318316706979886e+01
1.707300000000000000e+04 2.328927811723914942e+01
1.708000000000000000e+04 2.328472875411106457e+01
1.708700000000000000e+04 2.328019132549036385e+01
1.709400000000000000e+04 2.327618032078135002e+01
1.800400000000000000e+04 2.271288652444612666e+01
1.801100000000000000e+04 2.270910465451730431e+01
1.801800000000000000e+04 2.270493627296696104e+01
1.802500000000000000e+04 2.269872766147878806e+01
1.803200000000000000e+04 2.269495521253062265e+01
1.803900000000000000e+04 2.269135519135554802e+01
1.804600000000000000e+04 2.268791327989637807e+01
1.805300000000000000e+04 2.268437167991326930e+01
1.806000000000000000e+04 2.268105460802311413e+01
1.806700000000000000e+04 2.267670864895997695e+01
1.807400000000000000e+04 2.267240348633152180e+01
1.808100000000000000e+04 2.266911645579213541e+01
1.808800000000000000e+04 2.266468527713652392e+01
1.809500000000000000e+04 2.266081758289767123e+01
1.900500000000000000e+04 2.214479222724045115e+01
1.901200000000000000e+04 2.214077548260141270e+01
1.901900000000000000e+04 2.213626198116530830e+01
1.902600000000000000e+04 2.213290067425532470e+01
1.903300000000000000e+04 2.212945400706976073e+01
1.904000000000000000e+04 2.212490901495468165e+01
1.904700000000000000e+04 2.212156335442960753e+01
1.905400000000000000e+04 2.211806723922548912e+01
1.906100000000000000e+04 2.211404353347066376e+01
1.906800000000000000e+04 2.211005255868666453e+01
1.907500000000000000e+04 2.210607545092375759e+01
1.908200000000000000e+04 2.210264104733620627e+01
1.908900000000000000e+04 2.209863655309489872e+01
1.909600000000000000e+04 2.209414393453274528e+01
2.000600000000000000e+04 2.161596862026484445e+01
2.001300000000000000e+04 2.161365965432570491e+01
2.002000000000000000e+04 2.160903587772627787e+01
2.002700000000000000e+04 2.160619747239116606e+01
2.003400000000000000e+04 2.160213620588115191e+01
2.004100000000000000e+04 2.159874747616254353e+01
2.004800000000000000e+04 2.159526245436921243e+01
2.005500000000000000e+04 2.159183091257936837e+01
2.006200000000000000e+04 2.158781713110566258e+01
2.006900000000000000e+04 2.158494759997332579e+01
2.007600000000000000e+04 2.158090251288082229e+01
2.008300000000000000e+04 2.157801071307710572e+01
2.009000000000000000e+04 2.157342481198588047e+01
2.009700000000000000e+04 2.157060421117844840e+01
2.100000000000000000e+04 2.112879650841014367e+01
2.100700000000000000e+04 2.112541453838979777e+01
2.101400000000000000e+04 2.112204099336812391e+01
2.102100000000000000e+04 2.111921540173581135e+01
2.102800000000000000e+04 2.111578968244305798e+01
2.103500000000000000e+04 2.111236678677452261e+01
2.104200000000000000e+04 2.110897378720468254e+01
2.104900000000000000e+04 2.110558328365900849e+01
2.105600000000000000e+04 2.110275547430176601e+01
2.106300000000000000e+04 2.109877475971456917e+01
2.107000000000000000e+04 2.109596782118546088e+01
2.107700000000000000e+04 2.109256047354308805e+01
2.108400000000000000e+04 2.108915892619920029e+01
2.109100000000000000e+04 2.108632388385001377e+01
2.109800000000000000e+04 2.108285602215935484e+01
2.200100000000000000e+04 2.067143133333345162e+01
2.200800000000000000e+04 2.066746860443475597e+01
2.201500000000000000e+04 2.066521669311469367e+01
2.202200000000000000e+04 2.066235887977125785e+01
2.202900000000000000e+04 2.065836934224694588e+01
2.203600000000000000e+04 2.065558804769661805e+01
2.204300000000000000e+04 2.065276901060121872e+01
2.205000000000000000e+04 2.064934614043860961e+01
2.205700000000000000e+04 2.064652994339244430e+01
2.206400000000000000e+04 2.064368250821045692e+01
2.207100000000000000e+04 2.063973120619787238e+01
2.207800000000000000e+04 2.063747677551950233e+01
2.208500000000000000e+04 2.063460517461728472e+01
2.209200000000000000e+04 2.063062895346519099e+01
2.209900000000000000e+04 2.062784052922679479e+01
2.300200000000000000e+04 2.024229906048456584e+01
2.300900000000000000e+04 2.023952306641356813e+01
2.301600000000000000e+04 2.023577950871484532e+01
2.302300000000000000e+04 2.023362559263731697e+01
2.303000000000000000e+04 2.022772115371828860e+01
2.303700000000000000e+04 2.022479233524788711e+01
2.304400000000000000e+04 2.022232135322142099e+01
2.305100000000000000e+04 2.022007471446499949e+01
2.305800000000000000e+04 2.021757170108812574e+01
2.306500000000000000e+04 2.021495688052395323e+01
2.307200000000000000e+04 2.021231519562198997e+01
2.307900000000000000e+04 2.020931957740752694e+01
2.308600000000000000e+04 2.020721184439117479e+01
2.309300000000000000e+04 2.020502666013707227e+01
2.400300000000000000e+04 1.983888274362464443e+01
2.401000000000000000e+04 1.983629620826797080e+01
2.401700000000000000e+04 1.983424756327562832e+01
2.402400000000000000e+04 1.983160206910849510e+01
2.403100000000000000e+04 1.982896381985307954e+01
2.403800000000000000e+04 1.982683286326872008e+01
2.404500000000000000e+04 1.982422128145705287e+01
2.405200000000000000e+04 1.982147126353828881e+01
2.405900000000000000e+04 1.981822894752856001e+01
2.406600000000000000e+04 1.981608570402919867e+01
2.407300000000000000e+04 1.981388563122083468e+01
2.408000000000000000e+04 1.981163452781908418e+01
2.408700000000000000e+04 1.980882414714608331e+01
2.409400000000000000e+04 1.980545622042454568e+01
2.500400000000000000e+04 1.946328375333465388e+01
2.501100000000000000e+04 1.946104431549389346e+01
2.501800000000000000e+04 1.945877257946465733e+01
2.502500000000000000e+04 1.945647188035089314e+01
2.503200000000000000e+04 1.945414521967345678e+01
2.503900000000000000e+04 1.945128085700102005e+01
2.504600000000000000e+04 1.944840778416996585e+01
2.505300000000000000e+04 1.944559818841982946e+01
2.506000000000000000e+04 1.944333582170795793e+01
2.506700000000000000e+04 1.944104418516632649e+01
2.507400000000000000e+04 1.943872631055564426e+01
2.508100000000000000e+04 1.943586947916211471e+01
2.508800000000000000e+04 1.943355858574988204e+01
2.509500000000000000e+04 1.943122369385593018e+01
2.600500000000000000e+04 1.910673227235442795e+01
2.601200000000000000e+04 1.910402914408910391e+01
2.601900000000000000e+04 1.910186608294254995e+01
2.602600000000000000e+04 1.909967753146899128e+01
2.603300000000000000e+04 1.909746613420385231e+01
2.604000000000000000e+04 1.909523427116562289e+01
2.604700000000000000e+04 1.909298408430762350e+01
2.605400000000000000e+04 1.909071750132457623e+01
2.606100000000000000e+04 1.908843625707851999e+01
2.606800000000000000e+04 1.908614191288215522e+01
2.607500000000000000e+04 1.908332469011043031e+01
2.608200000000000000e+04 1.908105933916790420e+01
2.608900000000000000e+04 1.907825441265188715e+01
2.609600000000000000e+04 1.907601430600150394e+01
2.700600000000000000e+04 1.877092990303565045e+01
2.701300000000000000e+04 1.876866906602789697e+01
2.702000000000000000e+04 1.876640546963266587e+01
2.702700000000000000e+04 1.876413947685102102e+01
2.703400000000000000e+04 1.876187141432826522e+01
2.704100000000000000e+04 1.875960157598955647e+01
2.704800000000000000e+04 1.875733022631198921e+01
2.705500000000000000e+04 1.875505760326943872e+01
2.706200000000000000e+04 1.875278392098293523e+01
2.706900000000000000e+04 1.875050937210600566e+01
2.707600000000000000e+04 1.874823412997145056e+01
2.708300000000000000e+04 1.874595835052349813e+01
2.709000000000000000e+04 1.874368217405669057e+01
2.709700000000000000e+04 1.874140572678090422e+01
2.800000000000000000e+04 1.845233925417005949e+01
2.800700000000000000e+04 1.845028812918845418e+01
2.801400000000000000e+04 1.844822510173801078e+01
2.802100000000000000e+04 1.844615144169937437e+01
2.802800000000000000e+04 1.844406829191602526e+01
2.803500000000000000e+04 1.844197668089804409e+01
2.804200000000000000e+04 1.843987753425547282e+01
2.804900000000000000e+04 1.843777168498839458e+01
2.805600000000000000e+04 1.843565988274792744e+01
2.806300000000000000e+04 1.843354280217121755e+01
2.807000000000000000e+04 1.843142105038283063e+01
2.807700000000000000e+04 1.842929517374606974e+01
2.808400000000000000e+04 1.842716566393915656e+01
2.809100000000000000e+04 1.842503296342376728e+01
2.809800000000000000e+04 1.841955057148020458e+01
2.900100000000000000e+04 1.814932340299383640e+01
2.900800000000000000e+04 1.814429530603690210e+01
2.901500000000000000e+04 1.814259510917774065e+01
2.902200000000000000e+04 1.814085889869566870e+01
2.902900000000000000e+04 1.813909034893201522e+01
2.903600000000000000e+04 1.813729276675054081e+01
2.904300000000000000e+04 1.813546912828522650e+01
2.905000000000000000e+04 1.813362211201329544e+01
2.905700000000000000e+04 1.813175412852093160e+01
2.906400000000000000e+04 1.812986734729238947e+01
2.907100000000000000e+04 1.812796372082026153e+01
2.907800000000000000e+04 1.812604500630466120e+01
2.908500000000000000e+04 1.812411278518249347e+01
2.909200000000000000e+04 1.812216848070384856e+01
2.909900000000000000e+04 1.812021337375067986e+01
3.000200000000000000e+04 1.786031923599341198e+01
3.000900000000000000e+04 1.785847078992329884e+01
3.001600000000000000e+04 1.785661109969849392e+01
3.002300000000000000e+04 1.785474135689180741e+01
3.003000000000000000e+04 1.785286263388011818e+01
3.003700000000000000e+04 1.785097589576399812e+01
3.004400000000000000e+04 1.784908201109538695e+01
3.005100000000000000e+04 1.784718176153246816e+01
3.005800000000000000e+04 1.784287914725365454e+01
3.006500000000000000e+04 1.784120787820733511e+01
3.007200000000000000e+04 1.783950818348229106e+01
3.007900000000000000e+04 1.783778297249542888e+01
3.008600000000000000e+04 1.783603486368357238e+01
3.009300000000000000e+04 1.783426621360148800e+01
3.100300000000000000e+04 1.758663092424708552e+01
3.101000000000000000e+04 1.758477453012638847e+01
3.101700000000000000e+04 1.758291691215899277e+01
3.102400000000000000e+04 1.757848958569686104e+01
3.103100000000000000e+04 1.757688692142002651e+01
3.103800000000000000e+04 1.757525784600828445e+01
3.104500000000000000e+04 1.757360506240494402e+01
3.105200000000000000e+04 1.757193100322457013e+01
3.105900000000000000e+04 1.757023785778588731e+01
3.106600000000000000e+04 1.756852759644139184e+01
3.107300000000000000e+04 1.756680199247401220e+01
3.108000000000000000e+04 1.756506264180406163e+01
3.108700000000000000e+04 1.756331098072556784e+01
3.109400000000000000e+04 1.756154830186888915e+01
3.200400000000000000e+04 1.732400864503370030e+01
3.201100000000000000e+04 1.732230582055099433e+01
3.201800000000000000e+04 1.732059493396243255e+01
3.202500000000000000e+04 1.731887684874121192e+01
3.203200000000000000e+04 1.731715234198230746e+01
3.203900000000000000e+04 1.731542211304033785e+01
3.204600000000000000e+04 1.731368679130360988e+01
3.205300000000000000e+04 1.731194694319077243e+01
3.206000000000000000e+04 1.730797033459516854e+01
3.206700000000000000e+04 1.730644618634797638e+01
3.207400000000000000e+04 1.730489656560855849e+01
3.208100000000000000e+04 1.730332407664225869e+01
3.208800000000000000e+04 1.730173106325717924e+01
3.209500000000000000e+04 1.729860519577153610e+01
3.300500000000000000e+04 1.707390243216990555e+01
3.301200000000000000e+04 1.707227398406756436e+01
3.301900000000000000e+04 1.707063792192563767e+01
3.302600000000000000e+04 1.706899506022031687e+01
3.303300000000000000e+04 1.706734613195240868e+01
3.304000000000000000e+04 1.706569179679488002e+01
3.304700000000000000e+04 1.706403264842569456e+01
3.305400000000000000e+04 1.706236922112730525e+01
3.306100000000000000e+04 1.706070199572624801e+01
3.306800000000000000e+04 1.705903140493873593e+01
3.307500000000000000e+04 1.705735783818171925e+01
3.308200000000000000e+04 1.705568164590283686e+01
3.308900000000000000e+04 1.705400314347735247e+01
3.309600000000000000e+04 1.705232261471543609e+01
3.400600000000000000e+04 1.683186376844606968e+01
3.401300000000000000e+04 1.683058949682669692e+01
3.402000000000000000e+04 1.682927951038421810e+01
3.402700000000000000e+04 1.682793742990121899e+01
3.403400000000000000e+04 1.682656651405702064e+01
3.404100000000000000e+04 1.682516969563797105e+01
3.404800000000000000e+04 1.682374961412679681e+01
3.405500000000000000e+04 1.682230864503298307e+01
3.406200000000000000e+04 1.682084892629008976e+01
3.406900000000000000e+04 1.681937238201339113e+01
3.407600000000000000e+04 1.681788074388169107e+01
3.408300000000000000e+04 1.681637557038102671e+01
3.409000000000000000e+04 1.681485826412393436e+01
3.409700000000000000e+04 1.681333008743681745e+01
3.500000000000000000e+04 1.660645092003780476e+01
3.500700000000000000e+04 1.660503390477526509e+01
3.501400000000000000e+04 1.660360220718210300e+01
3.502100000000000000e+04 1.660215734140848909e+01
3.502800000000000000e+04 1.660070067016692974e+01
3.503500000000000000e+04 1.659923341987604317e+01
3.504200000000000000e+04 1.659775669428997347e+01
3.504900000000000000e+04 1.659627148676482022e+01
3.505600000000000000e+04 1.659477869129850802e+01
3.506300000000000000e+04 1.659327911246658260e+01
3.507000000000000000e+04 1.659177347436448358e+01
3.507700000000000000e+04 1.659026242865554934e+01
3.508400000000000000e+04 1.658874656181428264e+01
3.509100000000000000e+04 1.658722640164520001e+01
3.509800000000000000e+04 1.658570242314988263e+01
3.600100000000000000e+04 1.638727653573046794e+01
3.600800000000000000e+04 1.638586971009424786e+01
3.601500000000000000e+04 1.638445352658542120e+01
3.602200000000000000e+04 1.638302896382201368e+01
3.602900000000000000e+04 1.638159690253969814e+01
3.603600000000000000e+04 1.638015813538005361e+01
3.604300000000000000e+04 1.637871337569999497e+01
3.605000000000000000e+04 1.637726326550022549e+01
3.605700000000000000e+04 1.637580838256090487e+01
3.606400000000000000e+04 1.637434924686369797e+01
3.607100000000000000e+04 1.637288632637165264e+01
3.607800000000000000e+04 1.637142004223104763e+01
3.608500000000000000e+04 1.636819172368596043e+01
3.609200000000000000e+04 1.636689571633711182e+01
3.609900000000000000e+04 1.636557978190325713e+01
3.700200000000000000e+04 1.617474769903943610e+01
3.700900000000000000e+04 1.617356325832054154e+01
3.701600000000000000e+04 1.617235314387576040e+01
3.702300000000000000e+04 1.617111996310583066e+01
3.703000000000000000e+04 1.616986606265274773e+01
3.703700000000000000e+04 1.616859355447563473e+01
3.704400000000000000e+04 1.616730433931904187e+01
3.705100000000000000e+04 1.616600012783444029e+01
3.705800000000000000e+04 1.616468245958950689e+01
3.706500000000000000e+04 1.616335272017653324e+01
3.707200000000000000e+04 1.616201215660998614e+01
3.707900000000000000e+04 1.616066189118428298e+01
3.708600000000000000e+04 1.615930293394581696e+01
3.709300000000000000e+04 1.615793619391777725e+01
3.800300000000000000e+04 1.597468651227679359e+01
3.801000000000000000e+04 1.597329703716846439e+01
3.801700000000000000e+04 1.597190793182233826e+01
3.802400000000000000e+04 1.597051919673875986e+01
3.803100000000000000e+04 1.596913083235099862e+01
3.803800000000000000e+04 1.596774283903199354e+01
3.804500000000000000e+04 1.596635521710037509e+01
3.805200000000000000e+04 1.596496796682591324e+01
3.805900000000000000e+04 1.596358108843442025e+01
3.806600000000000000e+04 1.596219458211215247e+01
3.807300000000000000e+04 1.596080844800977694e+01
3.808000000000000000e+04 1.595942268624593652e+01
3.808700000000000000e+04 1.595803729691047756e+01
3.809400000000000000e+04 1.595665228006732050e+01
3.900400000000000000e+04 1.577924283864712152e+01
3.901100000000000000e+04 1.577795366404644994e+01
3.901800000000000000e+04 1.577666002045763882e+01
3.902500000000000000e+04 1.577536238992724904e+01
3.903200000000000000e+04 1.577406120628161190e+01
3.903900000000000000e+04 1.577275685994888121e+01
3.904600000000000000e+04 1.577144970229885246e+01
3.905300000000000000e+04 1.577014004954881798e+01
3.906000000000000000e+04 1.576882818627879956e+01
3.906700000000000000e+04 1.576751436859532340e+01
3.907400000000000000e+04 1.576619882697875497e+01
3.908100000000000000e+04 1.576331602780927099e+01
3.908800000000000000e+04 1.576215421392351246e+01
3.909500000000000000e+04 1.576097558074901883e+01
4.000500000000000000e+04 1.559076433205537171e+01
4.001200000000000000e+04 1.558959833374245108e+01
4.001900000000000000e+04 1.558842042144443774e+01
4.002600000000000000e+04 1.558723181957708448e+01
4.003300000000000000e+04 1.558603363010032439e+01
4.004000000000000000e+04 1.558482684476386559e+01
4.004700000000000000e+04 1.558361235612819229e+01
4.005400000000000000e+04 1.558239096748352992e+01
4.006100000000000000e+04 1.558116340177685011e+01
4.006800000000000000e+04 1.557993030964623316e+01
4.007500000000000000e+04 1.557869227665173462e+01
4.008200000000000000e+04 1.557744982978322845e+01
4.008900000000000000e+04 1.557620344331741258e+01
4.009600000000000000e+04 1.557495354408913357e+01
4.100600000000000000e+04 1.541096792073252608e+01
4.101300000000000000e+04 1.540973265237243162e+01
4.102000000000000000e+04 1.540849697781381344e+01
4.102700000000000000e+04 1.540726096874038298e+01
4.103400000000000000e+04 1.540602468965440153e+01
4.104100000000000000e+04 1.540478819859482584e+01
4.104800000000000000e+04 1.540355154778365687e+01
4.105500000000000000e+04 1.540231478420763622e+01
4.106200000000000000e+04 1.540107795014177405e+01
4.106900000000000000e+04 1.539984108362054727e+01
4.107600000000000000e+04 1.539860421886194430e+01
4.108300000000000000e+04 1.539736738664912075e+01
4.109000000000000000e+04 1.539613061467390942e+01
4.109700000000000000e+04 1.539489392784593846e+01
4.200000000000000000e+04 1.523731197463380305e+01
4.200700000000000000e+04 1.523614880187986032e+01
4.201400000000000000e+04 1.523498229699731965e+01
4.202100000000000000e+04 1.523381282248012525e+01
4.202800000000000000e+04 1.523264070456078301e+01
4.203500000000000000e+04 1.523146623683651590e+01
4.204200000000000000e+04 1.523028968353280632e+01
4.204900000000000000e+04 1.522911128244056478e+01
4.205600000000000000e+04 1.522793124755959759e+01
4.206300000000000000e+04 1.522548773484349738e+01
4.207000000000000000e+04 1.522443119454119298e+01
4.207700000000000000e+04 1.522336092196203339e+01
4.208400000000000000e+04 1.522126942617386547e+01
4.209100000000000000e+04 1.522027664532423685e+01
4.209800000000000000e+04 1.521926384373549723e+01
4.300100000000000000e+04 1.506860967719794786e+01
4.300800000000000000e+04 1.506749852903442566e+01
4.301500000000000000e+04 1.506638291447811895e+01
4.302200000000000000e+04 1.506526330779599476e+01
4.302900000000000000e+04 1.506414013581722955e+01
4.303600000000000000e+04 1.506301378267699143e+01
4.304300000000000000e+04 1.506188459408585167e+01
4.305000000000000000e+04 1.506075288117224176e+01
4.305700000000000000e+04 1.505849519626140776e+01
4.306400000000000000e+04 1.505747161947284418e+01
4.307100000000000000e+04 1.505643503986519605e+01
4.307800000000000000e+04 1.505538678525947738e+01
4.308500000000000000e+04 1.505432805068354796e+01
4.309200000000000000e+04 1.505325991165145183e+01
4.309900000000000000e+04 1.505218333611479054e+01
4.400200000000000000e+04 1.490544357438922951e+01
4.400900000000000000e+04 1.490439623550527415e+01
4.401600000000000000e+04 1.490334189032413903e+01
4.402300000000000000e+04 1.490228126557808253e+01
4.403000000000000000e+04 1.490121501531588422e+01
4.403700000000000000e+04 1.490014372817121213e+01
4.404400000000000000e+04 1.489906793390412787e+01
4.405100000000000000e+04 1.489798810928846962e+01
4.405800000000000000e+04 1.489690468341046348e+01
4.406500000000000000e+04 1.489581804243749374e+01
4.407200000000000000e+04 1.489472853390999951e+01
4.407900000000000000e+04 1.489363647060417684e+01
4.408600000000000000e+04 1.489254213400839433e+01
4.409300000000000000e+04 1.489144577745199527e+01
4.500300000000000000e+04 1.474841375835091029e+01
4.501000000000000000e+04 1.474735077758237267e+01
4.501700000000000000e+04 1.474628598598691021e+01
4.502400000000000000e+04 1.474521958934029975e+01
4.503100000000000000e+04 1.474415177283126610e+01
4.503800000000000000e+04 1.474308270312019431e+01
4.504500000000000000e+04 1.474201253019196045e+01
4.505200000000000000e+04 1.474094138902349371e+01
4.505900000000000000e+04 1.473889002469493370e+01
4.506600000000000000e+04 1.473691970106352400e+01
4.507300000000000000e+04 1.473603403404549717e+01
4.508000000000000000e+04 1.473512904672256951e+01
4.508700000000000000e+04 1.473420669573322606e+01
4.509400000000000000e+04 1.473326874204266268e+01
4.600400000000000000e+04 1.459549592329319800e+01
4.601100000000000000e+04 1.459451142366233256e+01
4.601800000000000000e+04 1.459352070237475019e+01
4.602500000000000000e+04 1.459155823272540786e+01
4.603200000000000000e+04 1.459065355744796300e+01
4.603900000000000000e+04 1.458973474821695859e+01
4.604600000000000000e+04 1.458880324178970156e+01
4.605300000000000000e+04 1.458786033123899983e+01
4.606000000000000000e+04 1.458690718032162437e+01
4.606700000000000000e+04 1.458594483640990802e+01
4.607400000000000000e+04 1.458497424213020288e+01
4.608100000000000000e+04 1.458399624583747567e+01
4.608800000000000000e+04 1.458301161104244770e+01
4.609500000000000000e+04 1.458202102489604357e+01
4.700500000000000000e+04 1.444846714189125692e+01
4.701200000000000000e+04 1.444745082617414234e+01
4.701900000000000000e+04 1.444643472794876082e+01
4.702600000000000000e+04 1.444541884764425177e+01
4.703300000000000000e+04 1.444440318563868608e+01
4.704000000000000000e+04 1.444338774226418742e+01
4.704700000000000000e+04 1.444237251781152409e+01
4.705400000000000000e+04 1.444135751253425326e+01
4.706100000000000000e+04 1.444034272665244245e+01
4.706800000000000000e+04 1.443932816035603039e+01
4.707500000000000000e+04 1.443831381380783085e+01
4.708200000000000000e+04 1.443729968714626466e+01
4.708900000000000000e+04 1.443628578048778976e+01
4.709600000000000000e+04 1.443527209392911281e+01
4.800600000000000000e+04 1.430534883770731547e+01
4.801300000000000000e+04 1.430436349593708556e+01
4.802000000000000000e+04 1.430337836499200321e+01
4.802700000000000000e+04 1.430239344484404462e+01
4.803400000000000000e+04 1.430140873546039870e+01
4.804100000000000000e+04 1.430042423680397690e+01
4.804800000000000000e+04 1.429943994883382530e+01
4.805500000000000000e+04 1.429845587150552610e+01
4.806200000000000000e+04 1.429747200477154223e+01
4.806900000000000000e+04 1.429648834858153350e+01
4.807600000000000000e+04 1.429550490288264974e+01
4.808300000000000000e+04 1.429452166761977061e+01
4.809000000000000000e+04 1.429353864273574715e+01
4.809700000000000000e+04 1.429255582817160608e+01
4.900000000000000000e+04 1.416742690993707399e+01
4.900700000000000000e+04 1.416647914385878870e+01
4.901400000000000000e+04 1.416553074669476686e+01
4.902100000000000000e+04 1.416458180156968716e+01
4.902800000000000000e+04 1.416363238328871255e+01
4.903500000000000000e+04 1.416268255916944518e+01
4.904200000000000000e+04 1.416173238979066262e+01
4.904900000000000000e+04 1.416078192966623384e+01
4.905600000000000000e+04 1.415983122785159765e+01
4.906300000000000000e+04 1.415800087972307253e+01
4.907000000000000000e+04 1.415713776741191943e+01
4.907700000000000000e+04 1.415626573852963332e+01
4.908400000000000000e+04 1.415538570468607915e+01
4.909100000000000000e+04 1.415449848632309227e+01
4.909800000000000000e+04 1.415360482183132618e+01
5.000100000000000000e+04 1.403279598699941566e+01
5.000800000000000000e+04 1.403186792743620970e+01
5.001500000000000000e+04 1.403094005844243775e+01
5.002200000000000000e+04 1.403001238000285866e+01
5.002900000000000000e+04 1.402908489209717757e+01
5.003600000000000000e+04 1.402815759470055568e+01
5.004300000000000000e+04 1.402723048778406501e+01
5.005000000000000000e+04 1.402630357131510586e+01
5.005700000000000000e+04 1.402537684525776918e+01
5.006400000000000000e+04 1.402445030957318117e+01
5.007100000000000000e+04 1.402352396421979464e+01
5.007800000000000000e+04 1.402259780915366605e+01
5.008500000000000000e+04 1.402167184432868829e+01
5.009200000000000000e+04 1.402074606969681803e+01
5.009900000000000000e+04 1.401982048520827462e+01
5.100200000000000000e+04 1.390163374012399977e+01
5.100900000000000000e+04 1.390076814916261938e+01
5.101600000000000000e+04 1.389989915958651068e+01
5.102300000000000000e+04 1.389902712938978802e+01
5.103000000000000000e+04 1.389815238076102233e+01
5.103700000000000000e+04 1.389727520366379032e+01
5.104400000000000000e+04 1.389639585905917407e+01
5.105100000000000000e+04 1.389551458180601351e+01
5.105800000000000000e+04 1.389463158327114201e+01
5.106500000000000000e+04 1.389374705367857743e+01
5.107200000000000000e+04 1.389286116422382023e+01
5.107900000000000000e+04 1.389197406897669396e+01
5.108600000000000000e+04 1.389108590659392561e+01
5.109300000000000000e+04 1.389019680186045846e+01
5.200300000000000000e+04 1.377487465015171786e+01
5.201000000000000000e+04 1.377400223418592162e+01
5.201700000000000000e+04 1.377312963409674040e+01
5.202400000000000000e+04 1.377225688557991923e+01
5.203100000000000000e+04 1.377138402075589774e+01
5.203800000000000000e+04 1.377051106852733042e+01
5.204500000000000000e+04 1.376963805490086656e+01
5.205200000000000000e+04 1.376876500327676567e+01
5.205900000000000000e+04 1.376789193470953165e+01
5.206600000000000000e+04 1.376701886814248432e+01
5.207300000000000000e+04 1.376614582061889536e+01
5.208000000000000000e+04 1.376527280747198212e+01
5.208700000000000000e+04 1.376439984249592641e+01
5.209400000000000000e+04 1.376352693809977268e+01
5.300400000000000000e+04 1.365103608919654121e+01
5.301100000000000000e+04 1.365021843470602647e+01
5.301800000000000000e+04 1.364939753444457970e+01
5.302500000000000000e+04 1.364857372947830605e+01
5.303200000000000000e+04 1.364774732676133340e+01
5.303900000000000000e+04 1.364691860254700728e+01
5.304600000000000000e+04 1.364608780545795952e+01
5.305300000000000000e+04 1.364525515924920640e+01
5.306000000000000000e+04 1.364442086529489195e+01
5.306700000000000000e+04 1.364358510482638920e+01
5.307400000000000000e+04 1.364274804094656979e+01
5.308100000000000000e+04 1.364190982044267209e+01
5.308800000000000000e+04 1.364107057541784762e+01
5.309500000000000000e+04 1.364023042475958647e+01
5.400500000000000000e+04 1.353121886444343858e+01
5.401200000000000000e+04 1.353039121744344264e+01
5.401900000000000000e+04 1.352956362845114668e+01
5.402600000000000000e+04 1.352873610741076860e+01
5.403300000000000000e+04 1.352790866326705377e+01
5.404000000000000000e+04 1.352708130406525378e+01
5.404700000000000000e+04 1.352625403704105800e+01
5.405400000000000000e+04 1.352542686870156352e+01
5.406100000000000000e+04 1.352459980489812352e+01
5.406800000000000000e+04 1.352377285089193570e+01
5.407500000000000000e+04 1.352294601141305463e+01
5.408200000000000000e+04 1.352211929071351193e+01
5.408900000000000000e+04 1.352129269261511446e+01
5.409600000000000000e+04 1.352046622055248193e+01
5.500600000000000000e+04 1.341371856874759061e+01
5.501300000000000000e+04 1.341297138742379857e+01
5.502000000000000000e+04 1.341221841900548029e+01
5.502700000000000000e+04 1.341146025724935598e+01
5.503400000000000000e+04 1.341069743653175905e+01
5.504100000000000000e+04 1.340993043778665239e+01
5.504800000000000000e+04 1.340915969384989026e+01
5.505500000000000000e+04 1.340838559426902066e+01
5.506200000000000000e+04 1.340760848963212304e+01
5.506900000000000000e+04 1.340682869546374967e+01
5.507600000000000000e+04 1.340604649573128881e+01
5.508300000000000000e+04 1.340478156479709071e+01
5.509000000000000000e+04 1.340404335319332851e+01
5.509700000000000000e+04 1.340329862278348294e+01
5.600000000000000000e+04 1.330115284186626923e+01
5.600700000000000000e+04 1.330037895520226598e+01
5.601400000000000000e+04 1.329960404234477700e+01
5.602100000000000000e+04 1.329882822030981515e+01
5.602800000000000000e+04 1.329805159440736162e+01
5.603500000000000000e+04 1.329727425941195662e+01
5.604200000000000000e+04 1.329649630061625132e+01
5.604900000000000000e+04 1.329571779477919691e+01
5.605600000000000000e+04 1.329493881097941355e+01
5.606300000000000000e+04 1.329415941138323909e+01
5.607000000000000000e+04 1.329337965193593263e+01
5.607700000000000000e+04 1.329259958298381505e+01
5.608400000000000000e+04 1.329181924983414120e+01
5.609100000000000000e+04 1.329103869325901854e+01
5.609800000000000000e+04 1.329025794994893239e+01
5.700100000000000000e+04 1.319037519791212887e+01
5.700800000000000000e+04 1.318960983282844168e+01
5.701500000000000000e+04 1.318884460393484837e+01
5.702200000000000000e+04 1.318761298615690691e+01
5.702900000000000000e+04 1.318689468263195153e+01
5.703600000000000000e+04 1.318617185047090068e+01
5.704300000000000000e+04 1.318544495630557556e+01
5.705000000000000000e+04 1.318471442010044647e+01
5.705700000000000000e+04 1.318398061981936920e+01
5.706400000000000000e+04 1.318324389562564392e+01
5.707100000000000000e+04 1.318250455366207596e+01
5.707800000000000000e+04 1.318176286945303488e+01
5.708500000000000000e+04 1.318101909096628077e+01
5.709200000000000000e+04 1.318027344136864087e+01
5.709900000000000000e+04 1.317952612150610392e+01
5.800200000000000000e+04 1.308215577831358445e+01
5.800900000000000000e+04 1.308142506208102596e+01
5.801600000000000000e+04 1.308069294623417633e+01
5.802300000000000000e+04 1.307995958393566127e+01
5.803000000000000000e+04 1.307922511302789914e+01
5.803700000000000000e+04 1.307848965756515547e+01
5.804400000000000000e+04 1.307775332919232625e+01
5.805100000000000000e+04 1.307701622838589728e+01
5.805800000000000000e+04 1.307627844557078234e+01
5.806500000000000000e+04 1.307554006212548359e+01
5.807200000000000000e+04 1.307480115128672260e+01
5.807900000000000000e+04 1.307406177896363708e+01
5.808600000000000000e+04 1.307332200447052628e+01
5.809300000000000000e+04 1.307258188118635189e+01
5.900300000000000000e+04 1.297679793256977376e+01
5.901000000000000000e+04 1.297608579678476914e+01
5.901700000000000000e+04 1.297537225196817090e+01
5.902400000000000000e+04 1.297422471042367675e+01
5.903100000000000000e+04 1.297355206698525620e+01
5.903800000000000000e+04 1.297287410323542467e+01
5.904500000000000000e+04 1.297219136384953231e+01
5.905200000000000000e+04 1.297150433903169819e+01
5.905900000000000000e+04 1.297081346996191797e+01
5.906600000000000000e+04 1.297011915369850144e+01
5.907300000000000000e+04 1.296942174759022848e+01
5.908000000000000000e+04 1.296872157324730601e+01
5.908700000000000000e+04 1.296801892011523094e+01
5.909400000000000000e+04 1.296731404869125548e+01
6.000400000000000000e+04 1.287390745426329453e+01
6.001100000000000000e+04 1.287292277107106919e+01
6.001800000000000000e+04 1.287226901504445919e+01
6.002500000000000000e+04 1.287160979696111696e+01
6.003200000000000000e+04 1.287094567516385446e+01
6.003900000000000000e+04 1.287027715215771018e+01
6.004600000000000000e+04 1.286960468019372072e+01
6.005300000000000000e+04 1.286892866629433918e+01
6.006000000000000000e+04 1.286824947677627407e+01
6.006700000000000000e+04 1.286756744132107855e+01
6.007400000000000000e+04 1.286688285663866793e+01
6.008100000000000000e+04 1.286619598976447598e+01
6.008800000000000000e+04 1.286550708102691232e+01
6.009500000000000000e+04 1.286440210762969016e+01
6.100500000000000000e+04 1.277380386948075142e+01
6.101200000000000000e+04 1.277312295143241982e+01
6.101900000000000000e+04 1.277244097667892930e+01
6.102600000000000000e+04 1.277175806254568080e+01
6.103300000000000000e+04 1.277107431462223275e+01
6.104000000000000000e+04 1.277038982793587962e+01
6.104700000000000000e+04 1.276970468800789860e+01
6.105400000000000000e+04 1.276901897180414380e+01
6.106100000000000000e+04 1.276833274859058243e+01
6.106800000000000000e+04 1.276764608070329565e+01
6.107500000000000000e+04 1.276695902424147100e+01
6.108200000000000000e+04 1.276627162969107232e+01
6.108900000000000000e+04 1.276558394248618455e+01
6.109600000000000000e+04 1.276489600351420073e+01
6.200600000000000000e+04 1.267595490523763857e+01
6.201300000000000000e+04 1.267528742558437038e+01
6.202000000000000000e+04 1.267461917914505776e+01
6.202700000000000000e+04 1.267395025379430074e+01
6.203400000000000000e+04 1.267328072861612220e+01
6.204100000000000000e+04 1.267261067478302650e+01
6.204800000000000000e+04 1.267194015634714965e+01
6.205500000000000000e+04 1.267126923095230140e+01
6.206200000000000000e+04 1.267059795047478765e+01
6.206900000000000000e+04 1.266992636160018293e+01
6.207600000000000000e+04 1.266925450634238537e+01
6.208300000000000000e+04 1.266858242251079325e+01
6.209000000000000000e+04 1.266791014413075800e+01
6.209700000000000000e+04 1.266723770182198905e+01
6.300000000000000000e+04 1.258111938109288097e+01
6.300700000000000000e+04 1.258045900474477996e+01
6.301400000000000000e+04 1.257979871044883780e+01
6.302100000000000000e+04 1.257913850076488593e+01
6.302800000000000000e+04 1.257847837799382873e+01
6.303500000000000000e+04 1.257781834420352496e+01
6.304200000000000000e+04 1.257715840125209539e+01
6.304900000000000000e+04 1.257649855080891044e+01
6.305600000000000000e+04 1.257583879437344976e+01
6.306300000000000000e+04 1.257517913329229486e+01
6.307000000000000000e+04 1.257451956877443067e+01
6.307700000000000000e+04 1.257386010190499803e+01
6.308400000000000000e+04 1.257320073365768565e+01
6.309100000000000000e+04 1.257254146490586599e+01
6.309800000000000000e+04 1.257188229643263355e+01
6.400100000000000000e+04 1.248743840449866305e+01
6.400800000000000000e+04 1.248682238532259703e+01
6.401500000000000000e+04 1.248620352244976850e+01
6.402200000000000000e+04 1.248558211060410805e+01
6.402900000000000000e+04 1.248495841503435955e+01
6.403600000000000000e+04 1.248433267446160500e+01
6.404300000000000000e+04 1.248370510373201192e+01
6.405000000000000000e+04 1.248307589620435465e+01
6.405700000000000000e+04 1.248244522589873107e+01
6.406400000000000000e+04 1.248181324943044501e+01
6.407100000000000000e+04 1.248090464344364747e+01
6.407800000000000000e+04 1.248029800983577253e+01
6.408500000000000000e+04 1.247968769739124895e+01
6.409200000000000000e+04 1.247907408432009646e+01
6.409900000000000000e+04 1.247845751100855338e+01
6.500200000000000000e+04 1.239640510959767461e+01
6.500900000000000000e+04 1.239578050773627282e+01
6.501600000000000000e+04 1.239515537322914618e+01
6.502300000000000000e+04 1.239452976930601835e+01
6.503000000000000000e+04 1.239390375287099033e+01
6.503700000000000000e+04 1.239327737513510641e+01
6.504400000000000000e+04 1.239265068218565879e+01
6.505100000000000000e+04 1.239202371549857062e+01
6.505800000000000000e+04 1.239139651239951689e+01
6.506500000000000000e+04 1.239076910647897556e+01
6.507200000000000000e+04 1.239014152796572610e+01
6.507900000000000000e+04 1.238951380406302860e+01
6.508600000000000000e+04 1.238874428669256034e+01
6.509300000000000000e+04 1.238813051025705469e+01
6.600300000000000000e+04 1.230723684589668920e+01
6.601000000000000000e+04 1.230662102422574833e+01
6.601700000000000000e+04 1.230600519048357810e+01
6.602400000000000000e+04 1.230538935547358292e+01
6.603100000000000000e+04 1.230477352891630538e+01
6.603800000000000000e+04 1.230415771955773252e+01
6.604500000000000000e+04 1.230354193526674322e+01
6.605200000000000000e+04 1.230292618312280872e+01
6.605900000000000000e+04 1.230217181764792045e+01
6.606600000000000000e+04 1.230157001345047441e+01
6.607300000000000000e+04 1.230096687213439921e+01
6.608000000000000000e+04 1.230036253698777671e+01
6.608700000000000000e+04 1.229975713696736328e+01
6.609400000000000000e+04 1.229915078813174745e+01
6.700400000000000000e+04 1.221981162923541220e+01
6.701100000000000000e+04 1.221922660092313961e+01
6.701800000000000000e+04 1.221863982840584129e+01
6.702500000000000000e+04 1.221805149535032697e+01
6.703200000000000000e+04 1.221702018199851025e+01
6.703900000000000000e+04 1.221647336573322207e+01
6.704600000000000000e+04 1.221592102102913735e+01
6.705300000000000000e+04 1.221536370996690835e+01
6.706000000000000000e+04 1.221480193841675010e+01
6.706700000000000000e+04 1.221423616165946946e+01
6.707400000000000000e+04 1.221366678944541562e+01
6.708100000000000000e+04 1.221309419054752965e+01
6.708800000000000000e+04 1.221251869685907465e+01
6.709500000000000000e+04 1.221194060708161366e+01
6.800500000000000000e+04 1.213445516155168846e+01
6.801200000000000000e+04 1.213388320829371203e+01
6.801900000000000000e+04 1.213330950175005540e+01
6.802600000000000000e+04 1.213273422616328823e+01
6.803300000000000000e+04 1.213181168594206127e+01
6.804000000000000000e+04 1.213126833927410431e+01
6.804700000000000000e+04 1.213072041430389980e+01
6.805400000000000000e+04 1.213016837776662982e+01
6.806100000000000000e+04 1.212961264972168607e+01
6.806800000000000000e+04 1.212905360822027134e+01
6.807500000000000000e+04 1.212849159350620454e+01
6.808200000000000000e+04 1.212792691179666171e+01
6.808900000000000000e+04 1.212735983868484446e+01
6.809600000000000000e+04 1.212679062220238357e+01
6.900600000000000000e+04 1.205110261220529111e+01
6.901300000000000000e+04 1.205052569915724092e+01
6.902000000000000000e+04 1.204994878089532762e+01
6.902700000000000000e+04 1.204924189421199365e+01
6.903400000000000000e+04 1.204867798919983990e+01
6.904100000000000000e+04 1.204811280395849948e+01
6.904800000000000000e+04 1.204754647510267951e+01
6.905500000000000000e+04 1.204697912558346040e+01
6.906200000000000000e+04 1.204641086605467315e+01
6.906900000000000000e+04 1.204584179610260719e+01
6.907600000000000000e+04 1.204527200535278553e+01
6.908300000000000000e+04 1.204470157446602308e+01
6.909000000000000000e+04 1.204413057603490955e+01
6.909700000000000000e+04 1.204355907539063608e+01
7.000000000000000000e+04 1.196990861905961445e+01
7.000700000000000000e+04 1.196934328323513697e+01
7.001400000000000000e+04 1.196877798422492134e+01
7.002100000000000000e+04 1.196821272664756286e+01
7.002800000000000000e+04 1.196764751465774346e+01
7.003500000000000000e+04 1.196708235199263015e+01
7.004200000000000000e+04 1.196651724201363365e+01
7.004900000000000000e+04 1.196595218774396230e+01
7.005600000000000000e+04 1.196526021761301450e+01
7.006300000000000000e+04 1.196470798007356962e+01
7.007000000000000000e+04 1.196415453586271838e+01
7.007700000000000000e+04 1.196360001393124861e+01
7.008400000000000000e+04 1.196304453033283366e+01
7.009100000000000000e+04 1.196248818951373138e+01
7.009800000000000000e+04 1.196193108547353923e+01
7.100100000000000000e+04 1.188982895133543671e+01
7.100800000000000000e+04 1.188927584880619648e+01
7.101500000000000000e+04 1.188872272620166548e+01
7.102200000000000000e+04 1.188816959354354452e+01
7.102900000000000000e+04 1.188761645984941850e+01
7.103600000000000000e+04 1.188706333323316144e+01
7.104300000000000000e+04 1.188651022099531929e+01
7.105000000000000000e+04 1.188595712970442264e+01
7.105700000000000000e+04 1.188540406527021354e+01
7.106400000000000000e+04 1.188485103300950385e+01
7.107100000000000000e+04 1.188429803770548610e+01
7.107800000000000000e+04 1.188374508366108273e+01
7.108500000000000000e+04 1.188319217474698597e+01
7.109200000000000000e+04 1.188263931444486943e+01
7.109900000000000000e+04 1.188208650588629567e+01
7.200200000000000000e+04 1.181140636440688318e+01
7.200900000000000000e+04 1.181086373208167828e+01
7.201600000000000000e+04 1.181032115920382353e+01
7.202300000000000000e+04 1.180977864757055329e+01
7.203000000000000000e+04 1.180923619879752451e+01
7.203700000000000000e+04 1.180869381433696574e+01
7.204400000000000000e+04 1.180815149549403387e+01
7.205100000000000000e+04 1.180760924344151164e+01
7.205800000000000000e+04 1.180706705923304511e+01
7.206500000000000000e+04 1.180652494381506656e+01
7.207200000000000000e+04 1.180598289803750767e+01
7.207900000000000000e+04 1.180544092266345402e+01
7.208600000000000000e+04 1.180489901837783506e+01
7.209300000000000000e+04 1.180435718579523119e+01
7.300300000000000000e+04 1.173456493459439542e+01
7.301000000000000000e+04 1.173403303216160865e+01
7.301700000000000000e+04 1.173350120472406743e+01
7.302400000000000000e+04 1.173296945226482357e+01
7.303100000000000000e+04 1.173243777476685779e+01
7.303800000000000000e+04 1.173190617221308329e+01
7.304500000000000000e+04 1.173137464458634582e+01
7.305200000000000000e+04 1.173084319186945024e+01
7.305900000000000000e+04 1.173031181404514101e+01
7.306600000000000000e+04 1.172978051109612707e+01
7.307300000000000000e+04 1.172924928300507474e+01
7.308000000000000000e+04 1.172871812975462191e+01
7.308700000000000000e+04 1.172818705132737271e+01
7.309400000000000000e+04 1.172765604770590642e+01
7.400400000000000000e+04 1.165925584312768848e+01
7.401100000000000000e+04 1.165873450478838080e+01
7.401800000000000000e+04 1.165821323734329873e+01
7.402500000000000000e+04 1.165769204093825451e+01
7.403200000000000000e+04 1.165717091570278896e+01
7.403900000000000000e+04 1.165664986175180573e+01
7.404600000000000000e+04 1.165612887918702256e+01
7.405300000000000000e+04 1.165560796809830713e+01
7.406000000000000000e+04 1.165508712856484763e+01
7.406700000000000000e+04 1.165456636065622753e+01
7.407400000000000000e+04 1.165404566443338652e+01
7.408100000000000000e+04 1.165352503994948741e+01
7.408800000000000000e+04 1.165300448725069060e+01
7.409500000000000000e+04 1.165248400637685933e+01
7.500500000000000000e+04 1.158543061550485653e+01
7.501200000000000000e+04 1.158491946207784906e+01
7.501900000000000000e+04 1.158440837880483443e+01
7.502600000000000000e+04 1.158389736566964068e+01
7.503300000000000000e+04 1.158338642265610119e+01
7.504000000000000000e+04 1.158287554974805289e+01
7.504700000000000000e+04 1.158236474692933271e+01
7.505400000000000000e+04 1.158185401418379534e+01
7.506100000000000000e+04 1.158134335149529015e+01
7.506800000000000000e+04 1.158083275884767360e+01
7.507500000000000000e+04 1.158032223622481460e+01
7.508200000000000000e+04 1.157981178361057673e+01
7.508900000000000000e+04 1.157930140098883420e+01
7.509600000000000000e+04 1.157879108834346837e+01
7.600600000000000000e+04 1.151304031767829628e+01
7.601300000000000000e+04 1.151253903452858651e+01
7.602000000000000000e+04 1.151203781927224057e+01
7.602700000000000000e+04 1.151153667189382368e+01
7.603400000000000000e+04 1.151103559237788865e+01
7.604100000000000000e+04 1.151053458070900071e+01
7.604800000000000000e+04 1.151003363687172865e+01
7.605500000000000000e+04 1.150953276085065013e+01
7.606200000000000000e+04 1.150903195263033751e+01
7.606900000000000000e+04 1.150853121219537911e+01
7.607600000000000000e+04 1.150803053953035615e+01
7.608300000000000000e+04 1.150752993461987295e+01
7.609000000000000000e+04 1.150702939744852316e+01
7.609700000000000000e+04 1.150652892800090754e+01
7.700000000000000000e+04 1.144253065415789017e+01
7.700700000000000000e+04 1.144203885951117172e+01
7.701400000000000000e+04 1.144154713061298523e+01
7.702100000000000000e+04 1.144105546744857094e+01
7.702800000000000000e+04 1.144056387000316022e+01
7.703500000000000000e+04 1.144007233826200576e+01
7.704200000000000000e+04 1.143958087221034958e+01
7.704900000000000000e+04 1.143908947183345148e+01
7.705600000000000000e+04 1.143859813711656592e+01
7.706300000000000000e+04 1.143810686804495447e+01
7.707000000000000000e+04 1.143761566460389290e+01
7.707700000000000000e+04 1.143701402076796469e+01
7.708400000000000000e+04 1.143653399914488134e+01
7.709100000000000000e+04 1.143605293804806422e+01
7.709800000000000000e+04 1.143557094796881657e+01
7.800100000000000000e+04 1.137286459570809072e+01
7.800800000000000000e+04 1.137238205539573599e+01
7.801500000000000000e+04 1.137189957876593738e+01
7.802200000000000000e+04 1.137141716580468120e+01
7.802900000000000000e+04 1.137093481649793780e+01
7.803600000000000000e+04 1.137045253083168816e+01
7.804300000000000000e+04 1.136997030879189552e+01
7.805000000000000000e+04 1.136948815036452665e+01
7.805700000000000000e+04 1.136900605553554655e+01
7.806400000000000000e+04 1.136852402429092024e+01
7.807100000000000000e+04 1.136804205661660383e+01
7.807800000000000000e+04 1.136756015249856233e+01
7.808500000000000000e+04 1.136707831192275364e+01
7.809200000000000000e+04 1.136659653487514277e+01
7.809900000000000000e+04 1.136611482134168938e+01
7.900200000000000000e+04 1.130450124477388663e+01
7.900900000000000000e+04 1.130402766993445240e+01
7.901600000000000000e+04 1.130355415680358000e+01
7.902300000000000000e+04 1.130308070536776732e+01
7.903000000000000000e+04 1.130260731561350696e+01
7.903700000000000000e+04 1.130213398752730392e+01
7.904400000000000000e+04 1.130166072109566322e+01
7.905100000000000000e+04 1.130118751630509699e+01
7.905800000000000000e+04 1.130071437314211735e+01
7.906500000000000000e+04 1.130024129159324531e+01
7.907200000000000000e+04 1.129976827164500008e+01
7.907900000000000000e+04 1.129929531328390979e+01
7.908600000000000000e+04 1.129882241649650787e+01
7.909300000000000000e+04 1.129834958126932776e+01
8.000300000000000000e+04 1.123737029057885906e+01
8.001000000000000000e+04 1.123690839515723638e+01
8.001700000000000000e+04 1.123644626052727702e+01
8.002400000000000000e+04 1.123598391657874451e+01
8.003100000000000000e+04 1.123552139021112772e+01
8.003800000000000000e+04 1.123505870563268694e+01
8.004500000000000000e+04 1.123459588462956660e+01
8.005200000000000000e+04 1.123413294680800156e+01
8.005900000000000000e+04 1.123366990981232405e+01
8.006600000000000000e+04 1.123320678952114093e+01
8.007300000000000000e+04 1.123274360022391605e+01
8.008000000000000000e+04 1.123228035477987596e+01
8.008700000000000000e+04 1.123181706476104402e+01
8.009400000000000000e+04 1.123135374058095337e+01
8.100400000000000000e+04 1.117151413405250970e+01
8.101100000000000000e+04 1.117105853684519801e+01
8.101800000000000000e+04 1.117060291126175464e+01
8.102500000000000000e+04 1.117014726592829810e+01
8.103200000000000000e+04 1.116969160860709209e+01
8.103900000000000000e+04 1.116923594628295291e+01
8.104600000000000000e+04 1.116878028524096678e+01
8.105300000000000000e+04 1.116832463113649077e+01
8.106000000000000000e+04 1.116786898905810510e+01
8.106700000000000000e+04 1.116741336358430203e+01
8.107400000000000000e+04 1.116695775883449215e+01
8.108100000000000000e+04 1.116650217851491256e+01
8.108800000000000000e+04 1.116604662595994490e+01
8.109500000000000000e+04 1.116559110416930167e+01
8.200500000000000000e+04 1.110683195769887810e+01
8.201200000000000000e+04 1.110638366793442522e+01
8.201900000000000000e+04 1.110593543444509734e+01
8.202600000000000000e+04 1.110548725721903196e+01
8.203300000000000000e+04 1.110503913624436478e+01
8.204000000000000000e+04 1.110459107150924218e+01
8.204700000000000000e+04 1.110414306300180876e+01
8.205400000000000000e+04 1.110369511071021265e+01
8.206100000000000000e+04 1.110324721462261088e+01
8.206800000000000000e+04 1.110279937472715872e+01
8.207500000000000000e+04 1.110235159101201496e+01
8.208200000000000000e+04 1.110190386346534019e+01
8.208900000000000000e+04 1.110145619207530743e+01
8.209600000000000000e+04 1.110100857683007725e+01
8.300600000000000000e+04 1.104329227867016705e+01
8.301300000000000000e+04 1.104285191743128891e+01
8.302000000000000000e+04 1.104241161080577882e+01
8.302700000000000000e+04 1.104197135878225744e+01
8.303400000000000000e+04 1.104153116134934898e+01
8.304100000000000000e+04 1.104109101849568653e+01
8.304800000000000000e+04 1.104065093020990318e+01
8.305500000000000000e+04 1.104021089648063736e+01
8.306200000000000000e+04 1.103977091729652393e+01
8.306900000000000000e+04 1.103933099264620843e+01
8.307600000000000000e+04 1.103889112251833993e+01
8.308300000000000000e+04 1.103845130690156751e+01
8.309000000000000000e+04 1.103801154578454380e+01
8.309700000000000000e+04 1.103757183915592321e+01
8.400000000000000000e+04 1.098130240850011496e+01
8.400700000000000000e+04 1.098086969471920327e+01
8.401400000000000000e+04 1.098043703349719991e+01
8.402100000000000000e+04 1.097990709050841218e+01
8.402800000000000000e+04 1.097948426794448018e+01
8.403500000000000000e+04 1.097906052469093829e+01
8.404200000000000000e+04 1.097863595810562565e+01
8.404900000000000000e+04 1.097821065580951228e+01
8.405600000000000000e+04 1.097778469666038959e+01
8.406300000000000000e+04 1.097735815162917561e+01
8.407000000000000000e+04 1.097693108458861033e+01
8.407700000000000000e+04 1.097650355302308078e+01
8.408400000000000000e+04 1.097607560866744336e+01
8.409100000000000000e+04 1.097564729808198081e+01
8.409800000000000000e+04 1.097521866316987271e+01
8.500100000000000000e+04 1.091995697337352667e+01
8.500800000000000000e+04 1.091953172891257040e+01
8.501500000000000000e+04 1.091910653595232716e+01
8.502200000000000000e+04 1.091868139448235908e+01
8.502900000000000000e+04 1.091825630449222650e+01
8.503600000000000000e+04 1.091783126597148623e+01
8.504300000000000000e+04 1.091740627890970217e+01
8.505000000000000000e+04 1.091698134329643821e+01
8.505700000000000000e+04 1.091655645912124584e+01
8.506400000000000000e+04 1.091613162637369605e+01
8.507100000000000000e+04 1.091570684504334565e+01
8.507800000000000000e+04 1.091528211511976210e+01
8.508500000000000000e+04 1.091485743659250574e+01
8.509200000000000000e+04 1.091443280945114935e+01
8.509900000000000000e+04 1.091400823368525685e+01
8.600200000000000000e+04 1.085966495573947910e+01
8.600900000000000000e+04 1.085924697097321001e+01
8.601600000000000000e+04 1.085882903623976503e+01
8.602300000000000000e+04 1.085841115152908642e+01
8.603000000000000000e+04 1.085799331683111646e+01
8.603700000000000000e+04 1.085757553213580628e+01
8.604400000000000000e+04 1.085715779743309994e+01
8.605100000000000000e+04 1.085674011271295036e+01
8.605800000000000000e+04 1.085632247796531402e+01
8.606500000000000000e+04 1.085590489318014562e+01
8.607200000000000000e+04 1.085548735834740874e+01
8.607900000000000000e+04 1.085506987345706520e+01
8.608600000000000000e+04 1.085465243849907857e+01
8.609300000000000000e+04 1.085423505346342310e+01
8.700300000000000000e+04 1.080039619505849480e+01
8.701000000000000000e+04 1.079998528110272815e+01
8.701700000000000000e+04 1.079957441407857743e+01
8.702400000000000000e+04 1.079916359414549021e+01
8.703100000000000000e+04 1.079875282144599957e+01
8.703800000000000000e+04 1.079834209610742413e+01
8.704500000000000000e+04 1.079793141824338676e+01
8.705200000000000000e+04 1.079752078795519310e+01
8.705900000000000000e+04 1.079711020533304122e+01
8.706600000000000000e+04 1.079669967045715850e+01
8.707300000000000000e+04 1.079628918339878751e+01
8.708000000000000000e+04 1.079587874422107596e+01
8.708700000000000000e+04 1.079546835297990093e+01
8.709400000000000000e+04 1.079505800972459184e+01
8.800400000000000000e+04 1.074212234977884250e+01
8.801100000000000000e+04 1.074171827511631605e+01
8.801800000000000000e+04 1.074131424772155086e+01
8.802500000000000000e+04 1.074091026758526368e+01
8.803200000000000000e+04 1.074050633469816418e+01
8.803900000000000000e+04 1.074010244905097444e+01
8.804600000000000000e+04 1.073969861063441300e+01
8.805300000000000000e+04 1.073929481943920372e+01
8.806000000000000000e+04 1.073889107545607224e+01
8.806700000000000000e+04 1.073848737867574776e+01
8.807400000000000000e+04 1.073808372908895592e+01
8.808100000000000000e+04 1.073768012668643657e+01
8.808800000000000000e+04 1.073727657145892422e+01
8.809500000000000000e+04 1.073687306339715342e+01
8.900500000000000000e+04 1.068481519323683315e+01
8.901200000000000000e+04 1.068441778477915705e+01
8.901900000000000000e+04 1.068402042228676763e+01
8.902600000000000000e+04 1.068362310575073337e+01
8.903300000000000000e+04 1.068322583516212276e+01
8.904000000000000000e+04 1.068282861051201849e+01
8.904700000000000000e+04 1.068243143179148902e+01
8.905400000000000000e+04 1.068203429899162415e+01
8.906100000000000000e+04 1.068163721210349948e+01
8.906800000000000000e+04 1.068124017111820123e+01
8.907500000000000000e+04 1.068084317602681743e+01
8.908200000000000000e+04 1.068044622682043787e+01
8.908900000000000000e+04 1.067980731168451314e+01
8.909600000000000000e+04 1.067943465540198744e+01
9.000600000000000000e+04 1.062844824818386869e+01
9.001300000000000000e+04 1.062805732327133157e+01
9.002000000000000000e+04 1.062766644306900687e+01
9.002700000000000000e+04 1.062727560756855816e+01
9.003400000000000000e+04 1.062688481676161523e+01
9.004100000000000000e+04 1.062649407063979012e+01
9.004800000000000000e+04 1.062610336919467890e+01
9.005500000000000000e+04 1.062571271241786519e+01
9.006200000000000000e+04 1.062532210030091129e+01
9.006900000000000000e+04 1.062493153283537417e+01
9.007600000000000000e+04 1.062454101001279838e+01
9.008300000000000000e+04 1.062415053182471780e+01
9.009000000000000000e+04 1.062376009826265388e+01
9.009700000000000000e+04 1.062336970931813340e+01
9.100000000000000000e+04 1.057338055019542011e+01
9.100700000000000000e+04 1.057299588953504177e+01
9.101400000000000000e+04 1.057261127239041443e+01
9.102100000000000000e+04 1.057222669875327625e+01
9.102800000000000000e+04 1.057184216861535475e+01
9.103500000000000000e+04 1.057145768196838986e+01
9.104200000000000000e+04 1.057107323880412153e+01
9.104900000000000000e+04 1.057068883911428259e+01
9.105600000000000000e+04 1.057030448289062363e+01
9.106300000000000000e+04 1.056992017012488461e+01
9.107000000000000000e+04 1.056953590080881256e+01
9.107700000000000000e+04 1.056915167493416163e+01
9.108400000000000000e+04 1.056876749249267533e+01
9.109100000000000000e+04 1.056838335347611491e+01
9.109800000000000000e+04 1.056799925787622740e+01
9.200100000000000000e+04 1.051881198206191748e+01
9.200800000000000000e+04 1.051843346124471701e+01
9.201500000000000000e+04 1.051805498278292283e+01
9.202200000000000000e+04 1.051767654666857510e+01
9.202900000000000000e+04 1.051729815289371395e+01
9.203600000000000000e+04 1.051691980145038485e+01
9.204300000000000000e+04 1.051654149233063329e+01
9.205000000000000000e+04 1.051616322552650473e+01
9.205700000000000000e+04 1.051578500103005176e+01
9.206400000000000000e+04 1.051540681883332695e+01
9.207100000000000000e+04 1.051502867892838111e+01
9.207800000000000000e+04 1.051465058130727392e+01
9.208500000000000000e+04 1.051427252596206152e+01
9.209200000000000000e+04 1.051389451288480537e+01
9.209900000000000000e+04 1.051351654206757047e+01
9.300200000000000000e+04 1.046510977574568813e+01
9.300900000000000000e+04 1.046473723191994409e+01
9.301600000000000000e+04 1.046436472933226014e+01
9.302300000000000000e+04 1.046399226797496951e+01
9.303000000000000000e+04 1.046361984784040899e+01
9.303700000000000000e+04 1.046324746892090829e+01
9.304400000000000000e+04 1.046287513120881840e+01
9.305100000000000000e+04 1.046250283469646902e+01
9.305800000000000000e+04 1.046213057937620761e+01
9.306500000000000000e+04 1.046175836524037805e+01
9.307200000000000000e+04 1.046138619228133138e+01
9.307900000000000000e+04 1.046101406049141147e+01
9.308600000000000000e+04 1.046064196986297290e+01
9.309300000000000000e+04 1.046026992038836489e+01
9.400300000000000000e+04 1.041225107317424303e+01
9.401000000000000000e+04 1.041188434949192398e+01
9.401700000000000000e+04 1.041151766597129047e+01
9.402400000000000000e+04 1.041115102260495640e+01
9.403100000000000000e+04 1.041078441938553567e+01
9.403800000000000000e+04 1.041041785630564220e+01
9.404500000000000000e+04 1.041005133335789523e+01
9.405200000000000000e+04 1.040968485053491577e+01
9.405900000000000000e+04 1.040931840782932660e+01
9.406600000000000000e+04 1.040895200523375053e+01
9.407300000000000000e+04 1.040858564274081388e+01
9.408000000000000000e+04 1.040821932034314301e+01
9.408700000000000000e+04 1.040785303803337136e+01
9.409400000000000000e+04 1.040748679580412883e+01
9.500400000000000000e+04 1.036021385457409494e+01
9.501100000000000000e+04 1.035985279990873664e+01
9.501800000000000000e+04 1.035949178436774609e+01
9.502500000000000000e+04 1.035913080794400010e+01
9.503200000000000000e+04 1.035876987063038079e+01
9.503900000000000000e+04 1.035840897241977032e+01
9.504600000000000000e+04 1.035804811330505437e+01
9.505300000000000000e+04 1.035768729327912041e+01
9.506000000000000000e+04 1.035732651233485413e+01
9.506700000000000000e+04 1.035696577046514832e+01
9.507400000000000000e+04 1.035660506766289402e+01
9.508100000000000000e+04 1.035624440392098222e+01
9.508800000000000000e+04 1.035588377923231285e+01
9.509500000000000000e+04 1.035552319358978046e+01
9.600500000000000000e+04 1.030897689927934735e+01
9.601200000000000000e+04 1.030862136795997230e+01
9.601900000000000000e+04 1.030826587476489387e+01
9.602600000000000000e+04 1.030791041968724642e+01
9.603300000000000000e+04 1.030755500272016256e+01
9.604000000000000000e+04 1.030719962385678379e+01
9.604700000000000000e+04 1.030684428309024625e+01
9.605400000000000000e+04 1.030648898041369321e+01
9.606100000000000000e+04 1.030613371582026261e+01
9.606800000000000000e+04 1.030577848930309770e+01
9.607500000000000000e+04 1.030542330085535063e+01
9.608200000000000000e+04 1.030506815047016467e+01
9.608900000000000000e+04 1.030471303814069017e+01
9.609600000000000000e+04 1.030435796386007752e+01
9.700600000000000000e+04 1.025851974875931738e+01
9.701300000000000000e+04 1.025816960031934855e+01
9.702000000000000000e+04 1.025781948903915186e+01
9.702700000000000000e+04 1.025746941491210151e+01
9.703400000000000000e+04 1.025711937793157702e+01
9.704100000000000000e+04 1.025676937809095968e+01
9.704800000000000000e+04 1.025641941538362900e+01
9.705500000000000000e+04 1.025606948980296806e+01
9.706200000000000000e+04 1.025571960134235994e+01
9.706900000000000000e+04 1.025536974999519302e+01
9.707600000000000000e+04 1.025501993575485571e+01
9.708300000000000000e+04 1.025467015861473818e+01
9.709000000000000000e+04 1.025432041856822885e+01
9.709700000000000000e+04 1.025397071560872320e+01
9.800000000000000000e+04 1.020916760901352305e+01
9.800700000000000000e+04 1.020882267171812430e+01
9.801400000000000000e+04 1.020847777065829831e+01
9.802100000000000000e+04 1.020813290582765376e+01
9.802800000000000000e+04 1.020778807721979220e+01
9.803500000000000000e+04 1.020744328482832941e+01
9.804200000000000000e+04 1.020709852864687406e+01
9.804900000000000000e+04 1.020675380866904014e+01
9.805600000000000000e+04 1.020640912488844343e+01
9.806300000000000000e+04 1.020606447729869792e+01
9.807000000000000000e+04 1.020571986589342117e+01
9.807700000000000000e+04 1.020537529066623250e+01
9.808400000000000000e+04 1.020503075161075301e+01
9.809100000000000000e+04 1.020468624872060559e+01
9.809800000000000000e+04 1.020434178198941666e+01
9.900100000000000000e+04 1.016020645090307539e+01
9.900800000000000000e+04 1.015986663113026545e+01
9.901500000000000000e+04 1.015952684669462514e+01
9.902200000000000000e+04 1.015918709758997984e+01
9.902900000000000000e+04 1.015884738381016206e+01
9.903600000000000000e+04 1.015850770534900072e+01
9.904300000000000000e+04 1.015816806220033186e+01
9.905000000000000000e+04 1.015782845435798620e+01
9.905700000000000000e+04 1.015748888181579979e+01
9.906400000000000000e+04 1.015714934456761398e+01
9.907100000000000000e+04 1.015680984260725950e+01
9.907800000000000000e+04 1.015647037592858482e+01
9.908500000000000000e+04 1.015613094452542953e+01
9.909200000000000000e+04 1.015579154839163323e+01
9.909900000000000000e+04 1.015545218752104617e+01
