10000 54.11895376847086
20000 39.17051742233108
30000 32.16549393186313
40000 28.14827759953437
50000 25.41322624892918
60000 23.306172190084638
70000 21.805825116902938
80000 20.541003837005658
90000 19.439729477991907
100000 18.517268257310374
110000 17.69325209050057
120000 16.967496458206035
130000 16.372077873185425
140000 15.849685225307969
150000 15.405207014243766
160000 14.947827955019081
170000 14.552809169240184
180000 14.173548528080877
190000 13.840366207931869
200000 13.532787645366165
210000 13.237413126890639
220000 12.96230086880729
230000 12.702219309704015
240000 12.446408708547166
250000 12.22120638422192
260000 12.00484458331153
270000 11.80203306280763
280000 11.597026071511227
290000 11.415540702334757
300000 11.206047996361693
310000 11.058273233221845
320000 10.91276032424799
330000 10.742312578574655
340000 10.587975119201946
350000 10.450774917599555
360000 10.318156413960354
370000 10.193019820770859
380000 10.076709806811424
390000 9.944480931450302
400000 9.822079453856478
410000 9.703523657035873
420000 9.59160804203847
430000 9.493062509903197
440000 9.386411217148153
450000 9.288708120577812
460000 9.193618163552674
470000 9.10012444413718
480000 9.007898234175094
490000 8.924321960205319
500000 8.841696187635847
510000 8.755280411094931
520000 8.680404171489098
530000 8.600979931701179
540000 8.528490915100667
550000 8.451226769484931
560000 8.379967138790581
570000 8.306823580169363
580000 8.24280743151154
590000 8.175782298723423
600000 8.109825045053162
610000 8.04866232224496
620000 7.988550519248695
630000 7.93263034928172
640000 7.876632464979792
650000 7.819294092925225
660000 7.770132662628802
670000 7.717061061594376
680000 7.66137578607898
690000 7.6097473729396174
700000 7.559312675962261
710000 7.506560735516188
720000 7.461182673399607
730000 7.414190628080045
740000 7.365639881677447
750000 7.320273510878273
760000 7.275506073471193
770000 7.232264754694362
780000 7.186180788906662
790000 7.143888493476247
800000 7.10402457858012
810000 7.0588074784291965
820000 7.02029567190536
830000 6.981887039084148
840000 6.942820615245481
850000 6.903423099971749
860000 6.868198638431051
870000 6.832305698865903
880000 6.796692033120398
890000 6.761399182278018
900000 6.726217865093158
910000 6.689409484190403
920000 6.655211191847421
930000 6.624648856398535
940000 6.5932174940682
950000 6.564474301527615
960000 6.532126722907087
970000 6.502656328611518
980000 6.475657680128392
990000 6.447809103406207
1000000 6.41692523772249
1010000 6.384826411811297
1020000 6.3573566115928415
1030000 6.329510418890322
1040000 6.301931571537506
1050000 6.276533880131108
1060000 6.247508692608605
1070000 6.220162364849137
1080000 6.193871919458887
1090000 6.167904608571647
1100000 6.135690765409533
1110000 6.10693269805665
1120000 6.077399489458741
1130000 6.046460408574532
1140000 6.021638268048266
1150000 5.994286774924755
1160000 5.966195652475004
1170000 5.935501911275694
1180000 5.904226387704888
1190000 5.88049601186171
1200000 5.854033188545967
1210000 5.8285890887192995
1220000 5.805973188794848
1230000 5.779242876167265
1240000 5.754989733831661
1250000 5.728763503613382
1260000 5.701505908893619
1270000 5.678165647592111
1280000 5.6590000310545445
1290000 5.637098660049914
1300000 5.6168795374486535
1310000 5.59300639143213
1320000 5.566376677338759
1330000 5.544912351987719
1340000 5.518206857891144
1350000 5.497369504244265
1360000 5.479846085348671
1370000 5.46095613438964
1380000 5.444041815121038
1390000 5.423953638033929
1400000 5.402028028162372
1410000 5.382878624924244
1420000 5.3634864730634195
1430000 5.34162002242583
1440000 5.324993117451328
1450000 5.299984608567548
1460000 5.282268306384677
1470000 5.262705060583825
1480000 5.244030875572996
1490000 5.225062301626418
1500000 5.20376709474366
1510000 5.183214263082752
1520000 5.1595912317888
1530000 5.143069185008568
1540000 5.123998919601775
1550000 5.107602009246971
1560000 5.0885025263751285
1570000 5.070377165659677
1580000 5.052061015741018
1590000 5.034320624490311
1600000 5.016394551539189
1610000 4.998857191972851
1620000 4.983845203575044
1630000 4.968781795845743
1640000 4.9517231502924455
1650000 4.935194479336703
1660000 4.917121878972061
1670000 4.899681340094441
1680000 4.881636389405725
1690000 4.867833338741096
1700000 4.852356309209734
1710000 4.836079036900851
1720000 4.822280493874163
1730000 4.8074916220630515
1740000 4.793461964337264
1750000 4.779985952547193
1760000 4.763298361597541
1770000 4.745512941660277
1780000 4.728966416565659
1790000 4.714055586800234
1800000 4.696061342097022
1810000 4.684630356573208
1820000 4.669792484027251
1830000 4.658050288112032
1840000 4.643657164718452
1850000 4.62897040357753
1860000 4.6173632725198255
1870000 4.601130841647388
1880000 4.588752958622387
1890000 4.575827467301387
1900000 4.562540357169968
1910000 4.548922596160969
1920000 4.536929118326435
1930000 4.524795903538372
1940000 4.512523219612121
1950000 4.497058557098719
1960000 4.483806892277745
1970000 4.47260029904708
1980000 4.45950768806386
1990000 4.445880855058041
2000000 4.431236762778794
2010000 4.415267907714677
2020000 4.400738837824894
2030000 4.385354966728956
2040000 4.372010677702105
2050000 4.35816231570678
2060000 4.345734455930604
2070000 4.334175418649439
2080000 4.322154960570817
2090000 4.30849906104213
2100000 4.298215142998845
2110000 4.284587926235543
2120000 4.269065244246662
2130000 4.259842559999138
2140000 4.2487105528252735
2150000 4.238217818163274
2160000 4.227843244389554
2170000 4.216063812980253
2180000 4.204721319757677
2190000 4.191486426008331
2200000 4.1808751188455275
2210000 4.171227193117672
2220000 4.1630008151752325
2230000 4.152459569570007
2240000 4.142059219247355
2250000 4.133724879413692
2260000 4.123107392445243
2270000 4.110914354215499
2280000 4.102250180755775
2290000 4.092371317994511
2300000 4.082907150562636
2310000 4.0740359685684915
2320000 4.061796061470693
2330000 4.053205125118049
2340000 4.04456870240644
2350000 4.03256590326371
2360000 4.0225566535324235
2370000 4.008711602189495
2380000 3.998351411784948
2390000 3.987002898940724
2400000 3.978566230785201
2410000 3.9685097599445927
2420000 3.9541077369380617
2430000 3.9439484052922325
2440000 3.9344402339744864
2450000 3.9236524181482664
2460000 3.9140915249863264
2470000 3.906285669031387
2480000 3.898117677779236
2490000 3.890650000620947
2500000 3.8815803530639235
2510000 3.8731653292734953
2520000 3.862334230517366
2530000 3.853949759401424
2540000 3.846202439721364
2550000 3.838215704189852
2560000 3.8279644816021703
2570000 3.820257969332384
2580000 3.813340557189875
2590000 3.805539896548714
2600000 3.7953948125265637
2610000 3.787825708788301
2620000 3.7798073723461885
2630000 3.7710828728224146
2640000 3.761669577904874
2650000 3.7525106250781857
2660000 3.7434785640537624
2670000 3.7344007361925904
2680000 3.7270308003790196
2690000 3.717108388445332
2700000 3.709627274357955
2710000 3.7030329594060167
2720000 3.692669209229769
2730000 3.6812996596646284
2740000 3.672621212727613
2750000 3.6652942015210463
2760000 3.656541668102929
2770000 3.6470942376911806
2780000 3.6360652104899085
2790000 3.6298879079105917
2800000 3.622875161404099
2810000 3.6160711888050945
2820000 3.60912265939195
2830000 3.60096362178809
2840000 3.5908289878898203
2850000 3.5846275797996654
2860000 3.5765687832501607
2870000 3.5688059718073006
2880000 3.563189447402678
2890000 3.55610059772243
2900000 3.5505734389172927
2910000 3.5443097535194816
2920000 3.5385274175979484
2930000 3.5301585873696193
2940000 3.523106892735976
2950000 3.514999864338741
2960000 3.5085405822409252
2970000 3.5027455937017398
2980000 3.495313897572509
2990000 3.4854077268843233
3000000 3.4784953886863996
3010000 3.4704522274924394
3020000 3.464319028526132
3030000 3.456347073656268
3040000 3.4498169702960624
3050000 3.442439668524992
3060000 3.4361089081200005
3070000 3.4304046508246806
3080000 3.4241908392618647
3090000 3.419228524415125
3100000 3.4120203445515416
3110000 3.4058022432672166
3120000 3.3979943417781837
3130000 3.388832233661576
3140000 3.3820608544350153
3150000 3.37700717214223
3160000 3.3713768886744657
3170000 3.3658032289895568
3180000 3.3593766610612965
3190000 3.352384854757363
3200000 3.3475381507579938
3210000 3.3406800090769786
3220000 3.3359693677779636
3230000 3.3303238033320643
3240000 3.3240955520024627
3250000 3.316562949671748
3260000 3.3102447711712637
3270000 3.3042085541509505
3280000 3.296842127568398
3290000 3.289570407265448
3300000 3.2841042985570654
3310000 3.2781178054194884
3320000 3.272892564937665
3330000 3.264090539145344
3340000 3.257536103747747
3350000 3.2518539433405764
3360000 3.2456687589976023
3370000 3.240585713070557
3380000 3.2359877439817986
3390000 3.231021985554267
3400000 3.2255528768911095
3410000 3.2196068553102224
3420000 3.213765171872187
3430000 3.2100072864138185
3440000 3.203334146235237
3450000 3.1982786790157802
3460000 3.193729231923372
3470000 3.1886017215636406
3480000 3.183242804572797
3490000 3.1778669901055108
3500000 3.172339316792184
3510000 3.1668716679268663
3520000 3.161454943999332
3530000 3.156491445970197
3540000 3.1502976288237927
3550000 3.1444649115594907
3560000 3.137950751452919
3570000 3.1318754213693794
3580000 3.127497385039304
3590000 3.122046847185748
3600000 3.1178475739690272
3610000 3.1117394470678517
3620000 3.106633570232962
3630000 3.10242235126907
3640000 3.0968964774515815
3650000 3.09051701285307
3660000 3.083566380742389
3670000 3.0781714499360935
3680000 3.0731121979080127
3690000 3.067503626075153
3700000 3.0629838886546787
3710000 3.057380506459242
3720000 3.05200078157076
3730000 3.0477405470819696
3740000 3.043442798068994
3750000 3.0394355147467755
3760000 3.0348889651268687
3770000 3.030332000845867
3780000 3.0247673511684376
3790000 3.0186713764007713
3800000 3.0137779508162788
3810000 3.0077145762549393
3820000 3.0033975319912884
3830000 2.998879635667009
3840000 2.994030451365477
3850000 2.989926843735806
3860000 2.985157451194112
3870000 2.9817452011678705
3880000 2.977955027786256
3890000 2.972350136464338
3900000 2.9679505687514816
3910000 2.9618904290517434
3920000 2.957593560191363
3930000 2.95341205575199
3940000 2.948919043656042
3950000 2.9453125397715634
3960000 2.9412136218876337
3970000 2.935715529926306
3980000 2.9318939808212034
3990000 2.9275940488489987
4000000 2.923084344198876
4010000 2.918448348319201
4020000 2.913923395411814
4030000 2.9099509370290235
4040000 2.9049383732042062
4050000 2.9009796391896274
4060000 2.8957501240900627
4070000 2.893241699813452
4080000 2.890039418308414
4090000 2.886170295227549
4100000 2.882169193701003
4110000 2.878738563331319
4120000 2.874630976776353
4130000 2.870241873843753
4140000 2.864993817438223
4150000 2.8603341347321094
4160000 2.8560130952887297
4170000 2.8504542386796166
4180000 2.847006020326028
4190000 2.843239273621886
4200000 2.8391398030670025
4210000 2.8340942320932085
4220000 2.830114853363958
4230000 2.8272400360269283
4240000 2.823720180398383
4250000 2.8194803507952346
4260000 2.8156066779940123
4270000 2.8114033245979444
4280000 2.807047071023729
4290000 2.8021679264070998
4300000 2.7979171192450294
4310000 2.794307902366464
4320000 2.7914726868339117
4330000 2.7871993301283475
4340000 2.7836887752553987
4350000 2.779151306188336
4360000 2.7758593190063587
4370000 2.772279190752004
4380000 2.76789763146705
4390000 2.7642059852347973
4400000 2.760104206350767
4410000 2.7558963849534206
4420000 2.7523751426516703
4430000 2.747305260184966
4440000 2.7442404606800888
4450000 2.7406467005247133
4460000 2.7357886545465155
4470000 2.7314745477609947
4480000 2.7270223379492493
4490000 2.7225091104520116
4500000 2.7187487214424775
4510000 2.713935000659978
4520000 2.7098600661616152
4530000 2.7062924672779296
4540000 2.7020428533635608
4550000 2.698234281186961
4560000 2.6945651289301904
4570000 2.689992536433312
4580000 2.6861542447873
4590000 2.6820382594592993
4600000 2.677786415745735
4610000 2.6741992915719246
4620000 2.6699750094897534
4630000 2.6659594063407845
4640000 2.6615490853193977
4650000 2.65816379774984
4660000 2.653904499174517
4670000 2.650333716289814
4680000 2.6468473578133698
4690000 2.643375440894584
4700000 2.639665128301662
4710000 2.636567747462707
4720000 2.6319015706290494
4730000 2.628985222089448
4740000 2.626031891746792
4750000 2.622091789403354
4760000 2.61973017877529
4770000 2.6163740754910996
4780000 2.613053949751948
4790000 2.6103760270480474
4800000 2.6080598553878516
4810000 2.604967449363345
4820000 2.601549233402458
4830000 2.599050768616804
4840000 2.5954632625779963
4850000 2.5931516212454717
4860000 2.590123499548415
4870000 2.5862221684121494
4880000 2.5837277071505738
4890000 2.57972011441134
4900000 2.5766957273573348
4910000 2.57264728244827
4920000 2.5697847702265637
4930000 2.566814526837216
4940000 2.563603041211551
4950000 2.5600219769847614
4960000 2.556012833520944
4970000 2.5533539954069315
4980000 2.5485516736692397
4990000 2.5453940045085877
5000000 2.5427453650766845
5010000 2.539370173850605
5020000 2.5356857526325673
5030000 2.533491363735956
5040000 2.5295425246013012
5050000 2.52502534192562
5060000 2.521599313638826
5070000 2.5179293534642495
5080000 2.5149533057690743
5090000 2.511346682795024
5100000 2.5083400183309683
5110000 2.5060771606818038
5120000 2.5027357337708
5130000 2.499716291767916
5140000 2.496031834204609
5150000 2.4938758477058958
5160000 2.4917896797150765
5170000 2.4886482159020655
5180000 2.4862624037067103
5190000 2.4832067776999036
5200000 2.479929085304583
5210000 2.476723184159406
5220000 2.473932312654052
5230000 2.470392491077458
5240000 2.4658259223569647
5250000 2.4623119376525557
5260000 2.4598877880844046
5270000 2.4572542484428244
5280000 2.45402267298987
5290000 2.449847150508031
5300000 2.4465804143515055
5310000 2.4429311889554794
5320000 2.439878122376558
5330000 2.4372545838842967
5340000 2.435203565149794
5350000 2.4329878070612287
5360000 2.429660425164565
5370000 2.4264330934718736
5380000 2.4238408266763307
5390000 2.4212314338399827
5400000 2.4185572383351785
5410000 2.4158155003435393
5420000 2.4132682811596644
5430000 2.4101278494322265
5440000 2.4073014758179396
5450000 2.403387537917695
5460000 2.400161846202777
5470000 2.3972499999486194
5480000 2.394860520939128
5490000 2.3920838324775335
5500000 2.388030723328752
5510000 2.385186931600237
5520000 2.3827896522541074
5530000 2.3804537862091513
5540000 2.3777475152666927
5550000 2.3746266497623307
5560000 2.3720525530941616
5570000 2.3697825876303114
5580000 2.367143921751685
5590000 2.3649482223972127
5600000 2.362076601409356
5610000 2.359889861597523
5620000 2.3575231249077673
5630000 2.354183000171628
5640000 2.351991529956914
5650000 2.349553482856076
5660000 2.3472496322358753
5670000 2.343860403666485
5680000 2.340879626127264
5690000 2.3381505278507912
5700000 2.335757123334219
5710000 2.332913533750279
5720000 2.330647932894406
5730000 2.328058597401249
5740000 2.3253458545868138
5750000 2.3225470994687125
5760000 2.319795724807674
5770000 2.317289502714731
5780000 2.3140205997793566
5790000 2.3114262171143505
5800000 2.3090052975128703
5810000 2.3068211921945054
5820000 2.3036543102376266
5830000 2.300592208451543
5840000 2.2986132644271144
5850000 2.295522712240249
5860000 2.292698584198786
5870000 2.2902403323002636
5880000 2.2880768535692204
5890000 2.2852990223622975
5900000 2.2827133111280533
5910000 2.2796067919213194
5920000 2.276660699731323
5930000 2.274437241995387
5940000 2.271682102278618
5950000 2.269077599578015
5960000 2.266878955379117
5970000 2.264322753666827
5980000 2.2618149075548506
5990000 2.2596305363358256
6000000 2.256995551229442
6010000 2.254605676065935
6020000 2.252280273447215
6030000 2.249811290687182
6040000 2.247365276242901
6050000 2.2451410174486814
6060000 2.2429924720186136
6070000 2.2398479218950067
6080000 2.236779693469676
6090000 2.234714383024397
6100000 2.231237051086976
6110000 2.229457514479826
6120000 2.2275120667842243
6130000 2.2243369060371485
6140000 2.222240591498592
6150000 2.219394427817648
6160000 2.2171497262647843
6170000 2.2151912440174035
6180000 2.212889019835592
6190000 2.2104979522241504
6200000 2.2071484499500174
6210000 2.204151341183969
6220000 2.2013251923455393
6230000 2.1994475467742105
6240000 2.1975052526736563
6250000 2.1954343967484182
6260000 2.1933377355359327
6270000 2.191741409038031
6280000 2.189389033002517
6290000 2.1859505565339057
6300000 2.1838527082815933
6310000 2.181710381729982
6320000 2.1797926836425936
6330000 2.1784763509584364
6340000 2.1763711101119063
6350000 2.1745317470158687
6360000 2.1716887170169654
6370000 2.1696150647773074
6380000 2.167646016054957
6390000 2.165282232533148
6400000 2.1634934710190814
6410000 2.1614804105482905
6420000 2.1589902212371963
6430000 2.1576387363571423
6440000 2.1548722534725915
