210000 18.913412037776332
420000 13.66367456045187
630000 11.288995153203668
840000 9.866257391084021
1050000 8.875793362051693
1260000 8.14310142600792
1470000 7.5678148715136455
1680000 7.103428690148656
1890000 6.719311819781621
2100000 6.391406638362751
2310000 6.108009262713009
2520000 5.858640299055178
2730000 5.640187553982513
2940000 5.446337429808713
3150000 5.268716705180603
3360000 5.1098327910408425
3570000 4.964979467410616
3780000 4.830763004566607
3990000 4.708956488966397
4200000 4.595561778698556
4410000 4.490170012362433
4620000 4.39058924121128
4830000 4.298247929997638
5040000 4.213743698921007
5250000 4.132850704163497
5460000 4.056244475367295
5670000 3.984410955104359
5880000 3.9158062235968867
6090000 3.850350667864634
6300000 3.788460856963526
6510000 3.7305572710170267
6720000 3.673284412289946
6930000 3.6193449771514667
7140000 3.567100254252251
7350000 3.5174769459748543
7560000 3.470915543005148
7770000 3.425758002283853
7980000 3.3823209011794275
8190000 3.3408923939644666
8400000 3.300137983989007
