42	915.0600638205336
49	651.8210644463575
56	535.5480437805387
63	466.333276435114
70	419.1196209781994
77	384.2610824014106
84	357.1521786952624
91	335.2821587822985
98	317.1487163987434
1001	88.93337241145895
1008	88.6372357549453
1015	88.34247656683532
1022	88.05068050418544
1029	87.76188968085415
1036	87.47605766974601
1043	87.19313407304026
1050	86.91306940358234
1057	86.63581533375651
1064	86.36132467627995
1071	86.08955135065597
1078	85.82045034998492
1085	85.5558057081656
1092	85.29201884478847
1099	85.03066407729183
2002	63.892181439539854
2009	63.7883382102021
2016	63.68162168452446
2023	63.5786377645707
2030	63.474818207802
2037	63.37132534257603
2044	63.26832974715266
2051	63.16585319011074
2058	63.0638951504615
2065	62.9624518069307
2072	62.86151888745331
2079	62.7610920961859
2086	62.66116717693013
2093	62.561739921995816
3003	52.74794330776476
3010	52.68997164976403
3017	52.632199277918545
3024	52.574625041911546
3031	52.517247800740705
3038	52.46006642262164
3045	52.40307978489177
3052	52.34628677391596
3059	52.28968628499308
3066	52.23327722226388
3073	52.177058498620035
3080	52.12102903561431
3087	52.06518776337158
3094	52.00953362050154
4004	46.05926077586467
4011	46.021342214469925
4018	45.98352127153031
4025	45.945797524904535
4032	45.9081705550136
4039	45.870639944820596
4046	45.83320527981101
4053	45.79586614797299
4060	45.758622139778
4067	45.72147284816148
4074	45.6844178685039
4081	45.647456798611636
4088	45.61058923869854
4095	45.57381479136718
5005	41.466552430113694
5012	41.43925624070587
5019	41.412016225094234
5026	41.38483218905702
5033	41.35770393931516
5040	41.33063128352651
5047	41.30361403027989
5054	41.27665198908949
5061	41.24974497038889
5068	41.22289278552543
5075	41.196095246754645
5082	41.16935216723449
5089	41.14266336101981
5096	41.11602864305672
6006	38.05906335616225
6013	38.0369323909917
6020	38.017350143481856
6027	37.99529470949794
6034	37.97577932957015
6041	37.95379917830672
6048	37.934350355367116
6055	37.91244509347154
6062	37.89306246150477
6069	37.87123166854308
6076	37.85191485254734
6083	37.83015810523099
6090	37.81090673075348
6097	37.7892236078993
7000	35.414797133116515
7007	35.396563387701256
7014	35.38094563985488
7021	35.3648721551027
7028	35.34856786855197
7035	35.330290432320496
7042	35.31469944198273
7049	35.2986855911443
7056	35.28245829867453
7063	35.26612883066178
7070	35.247899312585695
7077	35.232385187594815
7084	35.216468329135196
7091	35.200348587899036
7098	35.18413214552581
8001	33.25761491324572
8008	33.24274345930091
8015	33.23024517331696
8022	33.217281257792834
8029	33.2021416182809
8036	33.18954025360701
8043	33.17466190178095
8050	33.16219614289547
8057	33.14928708829363
8064	33.134225222082
8071	33.12169548137993
8078	33.10876985518659
8085	33.09372100784525
8092	33.08121843220643
8099	33.06832991973313
9002	31.464002480009988
9009	31.452184848675746
9016	31.442375868954485
9023	31.43001558499967
9030	31.418025514512564
9037	31.406259395451478
9044	31.396493928603064
9051	31.384188995943198
9058	31.372252924873806
9065	31.3624165680419
9072	31.35007216099546
9079	31.338128660320727
9086	31.328301929293637
9093	31.3159808617663
10003	29.943054167041957
10010	29.9334782132442
10017	29.923813056942826
10024	29.914092847522404
10031	29.90433998440252
10038	29.89456915786529
10045	29.884790000242205
10052	29.87500882535776
10059	29.865229769778374
10066	29.85545554158586
10073	29.845687911647506
10080	29.83592803593843
10087	29.826176667017208
10094	29.816434292774943
11004	28.629532534139408
11011	28.62250858128509
11018	28.61307032378906
11025	28.603940254466558
11032	28.595015127313122
11039	28.588090065509515
11046	28.578754243552787
11053	28.569702316091448
11060	28.56271814294375
11067	28.553335805233758
11074	28.544261514385127
11081	28.537272195655255
11088	28.527893227889006
11095	28.51882926551432
12005	27.483063326194376
12012	27.473902279357542
12019	27.46712680860815
12026	27.460150206373015
12033	27.451113015295498
12040	27.444406805902947
12047	27.437485913169155
12054	27.43041025061175
12061	27.421290228299192
12068	27.414548125883826
12075	27.407607989559654
12082	27.400525210927874
12089	27.391407364936992
12096	27.384673280445327
13006	26.462399164076036
13013	26.456791427962724
13020	26.45089055298627
13027	26.44477741127043
13034	26.4385109566938
13041	26.432134164737786
13048	26.425678362635807
13055	26.41916638605199
13062	26.412614880299984
13069	26.40603597793143
13076	26.399438521697988
13083	26.392828956090597
13090	26.386211977271632
13097	26.37959100687541
14000	25.566132789645252
14007	25.559487740461503
14014	25.554950670334733
14021	25.54808306126875
14028	25.541451906071817
14035	25.53692444467774
14042	25.530071508696288
14049	25.523454617742708
14056	25.518936945069097
14063	25.512098876940115
14070	25.50549637906373
14077	25.500988551753434
14084	25.49416540381073
14091	25.487577324078927
14098	25.483079345786663
15001	24.74868029869669
15008	24.744243923153938
15015	24.73764832632274
15022	24.73324722126274
15029	24.726694384959703
15036	24.722316544097854
15043	24.717742555996303
15050	24.710992994492106
15057	24.70651671342241
15064	24.69988203484271
15071	24.695465872159602
15078	24.688902645161168
15085	24.68452439958923
15092	24.679954984090642
15099	24.659700879266417
16002	24.008280208893858
16009	24.003920248946926
16016	23.999451183089434
16023	23.99489434317359
16030	23.99026700735063
16037	23.983586376574358
16044	23.979236764072226
16051	23.974779081810432
16058	23.970234461537117
16065	23.965620019324145
16072	23.958958552951902
16079	23.954621724764273
16086	23.950177383834607
16093	23.945646552866712
17003	23.33408785388835
17010	23.329577405980892
17017	23.32506634169712
17024	23.3205552962053
17031	23.316044783465813
17038	23.311535219261437
17045	23.307026939851806
17052	23.302520217083575
17059	23.29801527062962
17066	23.293512277902796
17073	23.289011382086116
17080	23.284512698637116
17087	23.280016320556456
17094	23.2755223226555
18004	22.71512323703206
18011	22.710599847413118
18018	22.706147379212567
18025	22.7017528072191
18032	22.697405580580277
18039	22.693097152674913
18046	22.68882060030971
18053	22.68457031526856
18060	22.68234475695218
18067	22.67775366959252
18074	22.67324995304388
18081	22.668817453276255
18088	22.664443085098664
18095	22.66011624908032
19005	22.14392097279687
19012	22.139538138691826
19019	22.135259732598545
19026	22.133052666403955
19033	22.128551059653567
19040	22.124177627547564
19047	22.119908409466376
19054	22.117706087090376
19061	22.1132141618098
19068	22.10885013981067
19075	22.104590110610488
19082	22.102392529428172
19089	22.097910275444896
19096	22.093555649636247
20006	21.61526374410373
20013	21.6130252657807
20020	21.608522023004827
20027	21.604199298319404
20034	21.60200132014843
20041	21.59756837215486
20048	21.595323768320092
20055	21.590811781963147
20062	21.58648370452854
20069	21.584284353901737
20076	21.579850785580515
20083	21.577606825229587
20090	21.57309766282939
20097	21.568773594915612
21000	21.128928930624937
21007	21.1245039990275
21014	21.12228651071158
21021	21.1178658801837
21028	21.115650549241863
21035	21.111234222462528
21042	21.10902104950501
21049	21.104609026508363
21056	21.102398011019076
21063	21.097990289915543
21070	21.095781430559526
21077	21.091378008061593
21084	21.089171302909133
21091	21.084772174714566
21098	21.08256762140457
22001	20.669434907042394
22008	20.66729555904037
22015	20.665060952259747
22022	20.6606525811658
22029	20.658464318008022
22036	20.654135742464977
22043	20.651981785582116
22050	20.649734751521017
22057	20.64530649805704
22064	20.64311047831363
22071	20.638770005144835
22078	20.63661169457177
22085	20.634361460082356
22092	20.629929096814585
22099	20.627732041766386
23002	20.237689433584045
23009	20.23592367998235
23016	20.23235392121822
23023	20.230542563890353
23030	20.22862295875462
23037	20.22479085065779
23044	20.222868037160566
23051	20.22084850867531
23058	20.216846266784678
23065	20.214851309187388
23072	20.212767237344913
23079	20.208655359795962
23086	20.20661404854077
23093	20.204488643871706
24003	19.839830692722785
24010	19.837700682222582
24017	19.835511589834777
24024	19.833269440200517
24031	19.828918849104372
24038	19.826792389594885
24045	19.824606958406065
24052	19.822368568823723
24059	19.818025290229812
24066	19.815902412460325
24073	19.81372066880885
24080	19.811486061648296
24087	19.807150131275847
24094	19.80503084914207
25004	19.462315710851776
25011	19.4601730772593
25018	19.457988465053525
25025	19.455766177380873
25032	19.45351008700044
25039	19.449165912412887
25046	19.447058100925943
25053	19.444905354314407
25060	19.44271227101308
25067	19.44048298954094
25074	19.438221234492794
25081	19.433868569026867
25088	19.43175776662816
25095	19.42960295664638
26005	19.107557288260075
26012	19.103236719504
26019	19.101152900815954
26026	19.099035667555057
26033	19.096888456681313
26040	19.09471436139534
26047	19.09251616551437
26054	19.090296374410645
26061	19.08805724285598
26068	19.08580080008187
26075	19.081484137360057
26082	19.07940284169257
26089	19.077288736397776
26096	19.075145197372805
27006	18.770047537874767
27013	18.767874937383098
27020	18.765690753852347
27027	18.763496232648734
27034	18.761292494546208
27041	18.759080548185707
27048	18.756861301288524
27055	18.75463557074832
27062	18.752404091713927
27069	18.750167525763896
27076	18.747926468263554
27083	18.74568145498639
27090	18.743432968073293
27097	18.741181441395845
28000	18.45360962973553
28007	18.451431467197377
28014	18.449254105946043
28021	18.447077545486604
28028	18.444901785324532
28035	18.442726824965703
28042	18.440552663916367
28049	18.438379301683195
28056	18.43620673777325
28063	18.434034971694008
28070	18.43186400295334
28077	18.42969383105953
28084	18.427524455521272
28091	18.42535587584767
28098	18.409800496002152
29001	18.15003847804274
29008	18.135845283380704
29015	18.13499008878716
29022	18.134014380344148
29029	18.132930282415643
29036	18.13174870688581
29043	18.130479474406968
29050	18.129131423522864
29057	18.12771250887954
29064	18.12622988961514
29071	18.12469000891074
29078	18.123098665586085
29085	18.121461078535777
29092	18.1197819447218
29099	18.118065491366835
30002	17.86150761051092
30009	17.859540326989055
30016	17.857573683057673
30023	17.85560768191507
30030	17.853642326401058
30037	17.85167761903284
30044	17.849713562037344
30051	17.847750157380233
30058	17.845787406792084
30065	17.84382531179192
30072	17.84186387370842
30079	17.839903093698943
30086	17.837942972766733
30093	17.835983511776334
31003	17.586806852627998
31010	17.584932865669206
31017	17.58305941414753
31024	17.581186506452468
31031	17.579314150100075
31038	17.57744235182033
31045	17.575571117635786
31052	17.57370045293233
31059	17.571830362522867
31066	17.56996085070468
31073	17.568091921310966
31080	17.56622357775732
31087	17.564355823083503
31094	17.562488659991033
32004	17.324872429514567
32011	17.323083226583776
32018	17.32129459939194
32025	17.319506547627768
32032	17.317719070980203
32039	17.315932169138446
32046	17.314145841791905
32053	17.312360088630243
32060	17.310574909343345
32067	17.308790303621336
32074	17.307006271154584
32081	17.30522281163368
32088	17.303439924749462
32095	17.301657610192986
33005	17.074613448613896
33012	17.072913898867153
33019	17.071213845245268
33026	17.069513391207987
33033	17.06781262984131
33040	17.06611164489489
33047	17.064410511715703
33054	17.062709298088315
33061	17.061008064991157
33068	17.05930686727715
33075	17.057605754286293
33082	17.055904770396953
33089	17.05420395552206
33096	17.05250334555567
34006	16.828283400156145
34013	16.82736716536576
34020	16.82637941206937
34027	16.825327341417864
34034	16.824217434422
34041	16.823055523966453
34048	16.821846859622433
34055	16.820596165979055
34062	16.819307695141553
34069	16.81798527397971
34076	16.816632346651378
34083	16.815252012873746
34090	16.81384706236738
34097	16.812420005855916
35000	16.602086838184366
35007	16.60110623110717
35014	16.600067300880816
35021	16.59897592573733
35028	16.59783739606289
35035	16.596656473182406
35042	16.5954374422657
35049	16.594184159942973
35056	16.592900097158843
35063	16.591588377740887
35070	16.590251813111358
35077	16.588892933527738
35084	16.58751401619925
35091	16.586117110591672
35098	16.584704061201705
36001	16.388255358892792
36008	16.38675065094034
36015	16.385246373346902
36022	16.383742525907348
36029	16.3822391084165
36036	16.380736120669173
36043	16.3792335624602
36050	16.37773143358441
36057	16.376229733836674
36064	16.37472846301189
36071	16.373227620905023
36078	16.371727207311082
36085	16.37022722202515
36092	16.368727664842382
36099	16.367228535558002
37002	16.177355287814603
37009	16.175910088218195
37016	16.174465290783647
37023	16.173020895322928
37030	16.171576901648137
37037	16.170133309571483
37044	16.16869011890531
37051	16.167247329462082
37058	16.165804941054382
37065	16.164362953494923
37072	16.162921366596535
37079	16.161480180172177
37086	16.16003939403492
37093	16.15859900799797
38003	15.974687183996263
38010	15.973297641715984
38017	15.971908475915107
38024	15.97051968642225
38031	15.969131273066143
38038	15.967743235675622
38045	15.96635557407964
38052	15.96496828810725
38059	15.963581377587627
38066	15.96219484235004
38073	15.960808682223874
38080	15.959422897038626
38087	15.958037486623898
38094	15.956652450809402
39004	15.778405159960485
39011	15.777199753228476
39018	15.775981500721464
39025	15.77475172216469
39032	15.773511605295308
39039	15.77226221906121
39046	15.771004525499949
39053	15.769739390429802
39060	15.768467593071685
39067	15.767189834708923
39074	15.76590674648099
39081	15.764618896397934
39088	15.76332679565331
39095	15.762030904305837
40005	15.59198687639276
40012	15.590698623646102
40019	15.58941068235772
40026	15.588123054399038
40033	15.586835741440083
40040	15.585548744969648
40047	15.584262066313396
40054	15.582975706650213
40061	15.581689667026867
40068	15.580403948371245
40075	15.579118551504244
40082	15.577833477150488
40089	15.576548725947944
40096	15.575264298456611
41006	15.411039736041232
41013	15.409797286150269
41020	15.408555148213868
41027	15.407313322100432
41034	15.406071807678444
41041	15.404830604816464
41048	15.40358971338313
41055	15.402349133247164
41062	15.40110886427735
41069	15.399868906342569
41076	15.398629259311761
41083	15.397389923053957
41090	15.396150897438261
41097	15.394912182333854
42000	15.23767458966774
42007	15.236475155410405
42014	15.235276015174811
42021	15.234077168839864
42028	15.232878616284548
42035	15.231680357387905
42042	15.230482392029057
42049	15.22928472008719
42056	15.22808734144156
42063	15.221842109434577
42070	15.221150131673165
42077	15.22040796538081
42084	15.215585085252302
42091	15.215160738494827
42098	15.214659527589031
43001	15.069084047927976
43008	15.067925462691449
43015	15.06676715476944
43022	15.065609124058184
43029	15.0644513704532
43036	15.063293893849366
43043	15.062136694140987
43050	15.060979771221865
43057	15.05982312498535
43064	15.058666755324392
43071	15.057510662131591
43078	15.056354845299232
43085	15.055199304719329
43092	15.054044040283655
43099	15.052889051883774
44002	14.90330711638951
44009	14.902473423305526
44016	14.901611359344368
44023	14.900723787696288
44030	14.899813285222269
44037	14.89888217108696
44044	14.897932532528303
44051	14.896966248050227
44058	14.895985008296044
44065	14.894990334834517
44072	14.89398359706732
44079	14.892966027445766
44086	14.891938735165825
44093	14.890902718493681
45003	14.748619575389377
45010	14.747536012916992
45017	14.746452697788065
45024	14.74536962996134
45031	14.744286809390204
45038	14.743204236023235
45045	14.742121909804698
45052	14.74103983067496
45059	14.7399579985709
45066	14.738876413426258
45073	14.737795075171956
45080	14.736713983736385
45087	14.735633139045659
45094	14.734552541023852
46004	14.593572254965178
46011	14.592780122167115
46018	14.591962531029056
46025	14.591122050773278
46032	14.590260993691047
46039	14.589381440835734
46046	14.588485265146598
46053	14.587574152260206
46060	14.586649619240712
46067	14.585713031437086
46074	14.584765617654664
46081	14.58380848380949
46088	14.582842625217264
46095	14.581868937653375
47005	14.448467644140125
47012	14.447451278198123
47019	14.446435134770343
47026	14.445419213783676
47033	14.44440351516417
47040	14.443388038837124
47047	14.442372784727166
47054	14.44135775275833
47061	14.440342942854112
47068	14.439328354937533
47075	14.438313988931185
47082	14.437299844757282
47089	14.436285922337706
47096	14.435272221594037
48006	14.305348878687488
48013	14.304363532819238
48020	14.303378398185941
48027	14.30239347471859
48034	14.301408762347492
48041	14.300424261002359
48048	14.299439970612369
48055	14.298455891106215
48062	14.297472022412162
48069	14.296488364458092
48076	14.295504917171552
48083	14.294521680479782
48090	14.293538654309758
48097	14.292555838588214
49000	14.167509920801937
49007	14.166553853637168
49014	14.165597985495305
49021	14.16464231649017
49028	14.163686846717148
49035	14.162731576255036
49042	14.161776505167694
49049	14.160821633505563
49056	14.159866961306996
49063	14.15539469353332
49070	14.154792199841143
49077	14.154154727715937
49084	14.153485794953749
49091	14.152788567563999
49098	14.15206589494814
50001	14.032796035250735
50008	14.031867970862397
50015	14.030940097526004
50022	14.030012415178067
50029	14.029084923754866
50036	14.028157623192474
50043	14.027230513426792
50050	14.02630359439356
50057	14.02537686602838
50064	14.024450328266731
50071	14.02352398104399
50078	14.022597824295442
50085	14.021671857956285
50092	14.020746081961654
50099	14.019820496246627
51002	13.901840817700005
51009	13.900954518981028
51016	13.900066892423077
51023	13.899178088942698
51030	13.898288244358643
51037	13.897397480901647
51044	13.896505908573246
51051	13.895613626368677
51058	13.894720723377537
51065	13.893827279774332
51072	13.892933367709999
51079	13.892039052114253
51086	13.89114439141773
51093	13.89024943820188
52003	13.774767402551475
52010	13.773905711345703
52017	13.773042763540543
52024	13.772178702079342
52031	13.771313655605379
52038	13.77044773989186
52045	13.769581059128946
52052	13.76871370708204
52059	13.767845768134276
52066	13.766977318224754
52073	13.766108425692938
52080	13.765239152038621
52087	13.764369552605903
52094	13.763499677198748
53004	13.65137720924174
53011	13.650525442746709
53018	13.649673841681192
53025	13.648822405991258
53032	13.64797113562299
53039	13.647120030522498
53046	13.6462690906359
53053	13.645418315909351
53060	13.644567706289022
53067	13.643717261721106
53074	13.642866982151816
53081	13.642016867527392
53088	13.641166917794095
53095	13.640317132898211
54005	13.531227670998069
54012	13.53039914334261
54019	13.529570761760397
54026	13.528742527389092
54033	13.527914441247546
54040	13.527086504247697
54047	13.526258717205257
54054	13.525431080849344
54061	13.524603595831126
54068	13.523776262731637
54075	13.522949082068788
54082	13.52212205430367
54089	13.521295179846259
54096	13.520468459060512
55006	13.414312372927242
55013	13.41350581118548
55020	13.412699400390991
55027	13.411893140496321
55034	13.411087031454024
55041	13.41028107321669
55048	13.409475265736926
55055	13.408669608967354
55062	13.407864102860621
55069	13.407058747369398
55076	13.406253542446375
55083	13.405448488044257
55090	13.404643584115778
55097	13.403838830613687
56000	13.300913739934057
56007	13.300163763463276
56014	13.299410369779682
56021	13.298653915001232
56028	13.297894719629635
56035	13.297133072112004
56042	13.296369232046295
56049	13.295603433066235
56056	13.294835885437749
56063	13.294066778395742
56070	13.293296282247184
56077	13.29252455026394
56084	13.291751720386252
56091	13.29097791675592
56098	13.290203251096141
57001	13.190374807234797
57008	13.189609481218842
57015	13.188844287486212
57022	13.188079226589306
57029	13.187314299021113
57036	13.186549505221146
57043	13.185784845580798
57050	13.185020320448146
57057	13.184255930132299
57064	13.18349167490728
57071	13.18272755501555
57078	13.18196357067116
57085	13.181199722062594
57092	13.180436009355322
57099	13.179672432694119
58002	13.082305988074278
58009	13.08156025086565
58016	13.080814616140337
58023	13.080069086851204
58030	13.07932366565189
58037	13.078578354926744
58044	13.077833156817757
58051	13.077088073248785
58058	13.076343105947384
58065	13.075598256464424
58072	13.07485352619177
58079	13.07410891637818
58086	13.073364428143615
58093	13.072620062492131
59003	12.976735000040861
59010	12.976029157508746
59017	12.975321276619752
59024	12.972880608845756
59031	12.972342375565127
59038	12.97178538095731
59045	12.97121151379923
59052	12.970622473986424
59059	12.97001979142117
59066	12.969404843011828
59073	12.968778867972224
59080	12.968142981591102
59087	12.967498187624647
59094	12.96684538944973
60004	12.873167674801552
60011	12.87256027820192
60018	12.871942771462225
60025	12.871316177737107
60032	12.870681417862244
60039	12.87003932058626
60046	12.869390631779417
60053	12.868736022721468
60060	12.868076097560689
60067	12.867411400027052
60074	12.866742419474043
60081	12.866069596316315
60088	12.865393326923568
60095	12.863057011671572
61005	12.773920550130786
61012	12.773227964017451
61019	12.77253548800546
61026	12.771843122739558
61033	12.77115086879672
61040	12.770458726692919
61047	12.769766696889235
61054	12.769074779797347
61061	12.768382975784464
61068	12.76769128517779
61075	12.766999708268514
61082	12.766308245315411
61089	12.765616896548092
61096	12.764925662169915
62006	12.676042811151076
62013	12.675366540906463
62020	12.67469038293494
62027	12.674014337205197
62034	12.673338403685928
62041	12.672662582345854
62048	12.671986873153696
62055	12.67131127607819
62062	12.670635791088088
62069	12.669960418152154
62076	12.669285157239159
62083	12.668610008317891
62090	12.667934971357148
62097	12.667260046325739
63000	12.581116099542225
63007	12.58045605134919
63014	12.579796052392805
63021	12.579136108514458
63028	12.57847622496844
63035	12.577816406480675
63042	12.577156657301533
63049	12.576496981253404
63056	12.575837381773493
63063	12.575177861952334
63070	12.574518424568467
63077	12.573859072119632
63084	12.573199806850855
63091	12.572540630779718
63098	12.571881545719101
64001	12.486571289892282
64008	12.486041982176856
64015	12.4855011596186
64022	12.484949984056058
64029	12.484389501141115
64036	12.483820651957682
64043	12.483244283478482
64050	12.482661157976178
64057	12.482071961493372
64064	12.48147731146562
64071	12.480877763582132
64078	12.480273817960411
64085	12.479665924703424
64092	12.479054488901053
64099	12.478439875131413
65002	12.39642139068959
65009	12.395795160718993
65016	12.395168560913596
65023	12.394541638222023
65030	12.393914434895397
65037	12.393286988957072
65044	12.392659334625428
65051	12.39203150269436
65058	12.391403520875729
65065	12.390775414107566
65072	12.390147204831457
65079	12.389518913242187
65086	12.388890557512426
65093	12.388262153994932
66003	12.30724700612293
66010	12.306630168429365
66017	12.306013420266835
66024	12.305396762278512
66031	12.304780195040742
66038	12.304163719069727
66045	12.303547334827538
66052	12.302931042727526
66059	12.302314843139204
66066	12.30169873639263
66073	12.30108272278234
66080	12.300466802570924
66087	12.299850975992195
66094	12.299235243254095
67004	12.219706399860206
67011	12.219131894485454
67018	12.218554592611927
67025	12.217974783135805
67032	12.21739272606127
67039	12.216808655389706
67046	12.216222781719972
67053	12.215635294588662
67060	12.215046364576327
67067	12.21445614520309
67074	12.213864774634676
67081	12.213272377217862
67088	12.212679064862371
67095	12.212084938284583
68005	12.134596508794372
68012	12.134010420812126
68019	12.133423993016628
68026	12.132837268303204
68033	12.13225028527539
68040	12.1316630786741
68047	12.131075679763896
68054	12.130488116680624
68061	12.12990041474428
68068	12.129312596740608
68075	12.128724683174507
68082	12.128136692498133
68089	12.127548641316169
68096	12.126960544570574
69006	12.05107801711218
69013	12.05050356357344
69020	12.049928858869908
69027	12.049353936716301
69034	12.048778827453717
69041	12.04820355838699
69048	12.047628154088322
69055	12.04705263667054
69062	12.046477026033044
69069	12.045901340083141
69076	12.045325594935264
69083	12.044749805090254
69090	12.044173983596718
69097	12.043598142196263
70000	11.969913258194385
70007	11.96934745845643
70014	11.968781741924085
70021	11.96821610857681
70028	11.967650558394066
70035	11.967085091355319
70042	11.966519707440051
70049	11.965954406627738
70056	11.96538918889787
70063	11.96482405422994
70070	11.964259002603452
70077	11.963694033997909
70084	11.963129148392827
70091	11.962564345767728
70098	11.961999626102138
71001	11.889838988801703
71008	11.889284882525837
71015	11.88873085654934
71022	11.888176910856451
71029	11.887623045431036
71036	11.88706926025662
71043	11.886515555316429
71050	11.885961930593421
71057	11.885408386070312
71064	11.884854921729591
71071	11.884301537553565
71078	11.883748233524354
71085	11.88319500962393
71092	11.88264186583412
71099	11.882088802136622
72002	11.811400916796748
72009	11.810858829232558
72016	11.810316746639614
72023	11.809774676262766
72030	11.809232624620515
72037	11.808690597577659
72044	11.808148600410657
72051	11.80760663786647
72058	11.807064714215507
72065	11.806522833299283
72072	11.805980998573304
72079	11.805439213145672
72086	11.804897479811832
72093	11.804355801085828
73003	11.734564932129453
73010	11.734033029943163
73017	11.733501202727464
73024	11.73296945046788
73031	11.73243777314961
73038	11.731906170757558
73045	11.731374643276375
73052	11.730843190690475
73059	11.730311812984064
73066	11.729780510141158
73073	11.729249282145602
73080	11.728718128981097
73087	11.728187050631199
73094	11.72765604707935
74004	11.659256005886425
74011	11.658734651271246
74018	11.658213369177876
74025	11.657692159589374
74032	11.657171022488797
74039	11.65664995785921
74046	11.656128965683688
74053	11.655608045945307
74060	11.655087198627147
74067	11.654566423712296
74074	11.654045721183849
74081	11.653525091024905
74088	11.653004533218567
74095	11.652484047747947
75005	11.585430615504904
75012	11.584919462077892
75019	11.584408378804874
75026	11.583897365669674
75033	11.583386422656133
75040	11.582875549748078
75047	11.582364746929358
75054	11.581854014183818
75061	11.58134335149531
75068	11.580832758847693
75075	11.58032223622483
75082	11.579811783610591
75089	11.579301400988848
75096	11.578791088343483
76006	11.513040317678296
76013	11.512539034528585
76020	11.51203781927224
76027	11.511536671893822
76034	11.511035592377887
76041	11.510534580709
76048	11.510033636871729
76055	11.50953276085065
76062	11.509031952630338
76069	11.508531212195377
76076	11.508030539530358
76083	11.507529934619873
76090	11.507029397448523
76097	11.506528928000906
77000	11.442530654157892
77007	11.442038859511175
77014	11.441547130612989
77021	11.441055467448571
77028	11.440563870003164
77035	11.440072338262006
77042	11.439580872210351
77049	11.439089471833451
77056	11.438598137116568
77063	11.438106868044958
77070	11.437615664603893
77077	11.437124526778646
77084	11.436633454554492
77091	11.436142447916716
77098	11.4356515068506
78001	11.372864595808874
78008	11.37238205548644
78015	11.371899578847573
78022	11.371417165878151
78029	11.370934816564063
78036	11.3704525308912
78043	11.369970308845454
78050	11.36948815041273
78057	11.369006055578932
78064	11.368524024329965
78071	11.368042056651745
78078	11.36756015253019
78085	11.367078311951222
78092	11.366596534900763
78099	11.366114821364746
79002	11.304501244773887
79009	11.304027669934452
79016	11.30355415680358
79023	11.303080705367766
79030	11.302607315613507
79037	11.302133987527302
79044	11.301660721095663
79051	11.301187516305095
79058	11.300714373142117
79065	11.300241291593244
79072	11.299768271645
79079	11.29929531328391
79086	11.298822416496508
79093	11.298349581269328
80003	11.237280582515025
80010	11.236827657899784
80017	11.236373596995572
80024	11.235918519400208
80031	11.235462532750446
80038	11.235005733918076
80045	11.234548210086414
80052	11.234090039719167
80059	11.233631293432373
80066	11.233172034779185
80073	11.232712320956157
80080	11.232252203438893
80087	11.23179172855416
80094	11.231330937994759
81004	11.171522772516882
81011	11.171066311463132
81018	11.170609908417896
81025	11.170153563368824
81032	11.169697276303568
81039	11.16924104720978
81046	11.168784876075112
81053	11.16832876288722
81060	11.167872707633762
81067	11.167416710302392
81074	11.166960770880774
81081	11.166504889356567
81088	11.166049065717432
81095	11.165593299951041
82005	11.106831957701349
82012	11.106383667936651
82019	11.105935434447101
82026	11.105487257220833
82033	11.105039136245988
82040	11.104591071510702
82047	11.104143063003121
82054	11.103695110711396
82061	11.103247214623675
82068	11.102799374728114
82075	11.102351591012876
82082	11.101903863466116
82089	11.101456192076004
82096	11.101008576830706
83006	11.043292278670169
83013	11.042851917431292
83020	11.042411610805779
83027	11.041971358782256
83034	11.041531161349349
83041	11.041091018495688
83048	11.040650930209905
83055	11.040210896480637
83062	11.039770917296526
83069	11.03933099264621
83076	11.038891122518343
83083	11.038451306901571
83090	11.038011545784544
83097	11.037571839155923
84000	10.981302455671262
84007	10.980869737173233
84014	10.980437071705829
84021	10.980004459258133
84028	10.97957189981923
84035	10.979139393378214
84042	10.978706939924173
84049	10.978274539446206
84056	10.977842191933412
84063	10.977409897374894
84070	10.976977655759757
84077	10.976545467077113
84084	10.976113331316071
84091	10.975681248465747
84098	10.97524921851526
85001	10.919956973411752
85008	10.919531728946975
85015	10.91910653598329
85022	10.918681394510227
85029	10.918256304517307
85036	10.91783126599406
85043	10.91740627893002
85050	10.916981343314724
85057	10.916556459137704
85064	10.916131626388506
85071	10.915706845056675
85078	10.915282115131756
85085	10.914857436603302
85092	10.914432809460866
85099	10.914008233694002
86002	10.859664955739477
86009	10.859246970973208
86016	10.858829036239765
86023	10.858411151529086
86030	10.857993316831116
86037	10.857575532135805
86044	10.8571577974331
86051	10.856740112712952
86058	10.856322477965314
86065	10.855904893180146
86072	10.855487358347409
86079	10.855069873457065
86086	10.85465243849908
86093	10.854235053463423
87003	10.800395687735728
87010	10.79998482451224
87017	10.79957400314714
87024	10.799163224307193
87031	10.798752488591534
87038	10.798341796538406
87045	10.797931148631271
87052	10.797520545304288
87059	10.797109986947227
87066	10.796699473909925
87073	10.796289006506276
87080	10.795878585017814
87087	10.795468209696967
87094	10.795057880769953
88004	10.7421223497787
88011	10.741718275116188
88018	10.741314247721437
88025	10.74091026758516
88032	10.740506334698072
88039	10.740102449050891
88046	10.739698610634338
88053	10.739294819439136
88060	10.738891075456014
88067	10.738487378675693
88074	10.738083729088906
88081	10.737680126686392
88088	10.737276571458882
88095	10.736873063397116
89005	10.684815193236837
89012	10.68441778477916
89019	10.684020422286771
89026	10.683623105750735
89033	10.683225835162126
89040	10.682828610512018
89047	10.682431431791489
89054	10.682034298991622
89061	10.681637212103498
89068	10.681240171118201
89075	10.680843176026816
89082	10.680446226820436
89089	10.680049323490152
89096	10.679652466027061
90006	10.62844824842912
90013	10.628057323492055
90020	10.627666443267659
90027	10.627275607747343
90034	10.626884816922523
90041	10.626494070784608
90048	10.626103369325016
90055	10.625712712535165
90062	10.625322100406482
90069	10.62493153293039
90076	10.624541010098312
90083	10.62415053190168
90090	10.623760098331921
90097	10.623369709380473
91000	10.573380550195422
91007	10.572995889535044
91014	10.572611272390416
91021	10.572226698753276
91028	10.571842168615357
91035	10.571457681968393
91042	10.571073238804122
91049	10.570688839114284
91056	10.570304482890622
91063	10.569920170124881
91070	10.569535900808813
91077	10.56915167493416
91084	10.568767492492675
91091	10.568383353476113
91098	10.56799925787623
92001	10.51881198206192
92008	10.518433461244719
92015	10.518054982782926
92022	10.517676546668579
92029	10.517298152893716
92036	10.516919801450387
92043	10.516541492330635
92050	10.516163225526507
92057	10.515785001030054
92064	10.515406818833329
92071	10.515028678928385
92078	10.514650581307276
92085	10.514272525962063
92092	10.513894512884809
92099	10.513516542067572
93002	10.465109775745688
93009	10.464737231919944
93016	10.46436472933226
93023	10.46399226797497
93030	10.463619847840405
93037	10.463247468920908
93044	10.462875131208817
93051	10.462502834696467
93058	10.462130579376206
93065	10.461758365240378
93072	10.461386192281331
93079	10.46101406049141
93086	10.46064196986297
93093	10.460269920388363
94003	10.41225107317424
94010	10.41188434949192
94017	10.411517665971289
94024	10.411151022604955
94031	10.410784419385532
94038	10.410417856305639
94045	10.410051333357895
94052	10.409684850534916
94059	10.409318407829327
94066	10.40895200523375
94073	10.408585642740814
94080	10.408219320343143
94087	10.40785303803337
94094	10.407486795804125
95004	10.360213854574095
95011	10.359852799908737
95018	10.359491784367744
95025	10.359130807943998
95032	10.358769870630379
95039	10.35840897241977
95046	10.358048113305053
95053	10.35768729327912
95060	10.357326512334854
95067	10.356965770465148
95074	10.356605067662892
95081	10.356244403920982
95088	10.355883779232313
95095	10.355523193589779
96005	10.30897689927935
96012	10.308621367959974
96019	10.308265874764897
96026	10.307910419687248
96033	10.307555002720164
96040	10.307199623856786
96047	10.306844283090246
96054	10.306488980413693
96061	10.306133715820263
96068	10.3057784893031
96075	10.305423300855352
96082	10.305068150470166
96089	10.30471303814069
96096	10.304357963860078
97006	10.25851974875932
97013	10.25816960031935
97020	10.257819489039152
97027	10.257469414912102
97034	10.257119377931577
97041	10.256769378090958
97048	10.256419415383627
97055	10.256069489802968
97062	10.25571960134236
97069	10.255369749995193
97076	10.255019935754857
97083	10.254670158614738
97090	10.254320418568229
97097	10.253970715608723
98000	10.209167609013527
98007	10.208822671718128
98014	10.208477770658302
98021	10.208132905827656
98028	10.207788077219796
98035	10.207443284828331
98042	10.207098528646876
98049	10.206753808669042
98056	10.206409124888445
98063	10.2060644772987
98070	10.205719865893423
98077	10.205375290666234
98084	10.205030751610757
98091	10.20468624872061
98098	10.204341781989418
99001	10.160206450903075
99008	10.159866631130264
99015	10.159526846694623
99022	10.159187097589978
99029	10.15884738381016
99036	10.158507705348999
99043	10.15816806220033
99050	10.157828454357986
99057	10.157488881815802
99064	10.157149344567614
99071	10.156809842607263
99078	10.156470375928588
99085	10.15613094452543
99092	10.155791548391635
99099	10.155452187521046
