42	915.0600638205336
49	651.8210644463575
56	535.5480437805387
63	466.333276435114
70	419.11962097819935
77	384.2610824014106
84	357.1521786952625
91	335.28215878229855
98	317.1487163987435
1001	88.93532883950081
1008	88.63734952072139
1015	88.34248318228528
1022	88.05068088887208
1029	87.76188970322357
1036	87.47605767104679
1043	87.19313407311591
1050	86.91306940358676
1057	86.63581533375674
1064	86.36132467627996
1071	86.09141571252027
1078	85.82241683767772
1085	85.55593276454582
1092	85.2920270540053
1099	85.030664607696
2002	63.89406266937182
2009	63.788620572707615
2016	63.68351599109219
2023	63.57892208982413
2030	63.4748608834972
2037	63.356812730330205
2044	63.266151481910384
2051	63.16552624418364
2058	63.06384607763182
2065	62.96244444136223
2072	62.861517781920995
2079	62.7610919302514
2086	62.66116715202427
2093	62.56173991825759
3003	52.74838343681497
3010	52.69199418399886
3017	52.63266196887781
3024	52.57664021264509
3031	52.51770880716704
3038	52.46206821715981
3045	52.40353773127366
3052	52.34827499063039
3059	52.2920571306546
3066	52.235739017948305
3073	52.1795371392878
3080	52.12350572030262
3087	52.06765774838945
3094	52.01199573504821
4004	46.059260775864686
4011	46.02134221446995
4018	45.98352127153031
4025	45.94579752490452
4032	45.9100825217523
4039	45.871239940242575
4046	45.83339356473202
4053	45.79782913947874
4060	45.759238147312544
4067	45.72357533083092
4074	45.68507764984365
4081	45.64956498001507
4088	45.59733645325011
4095	45.57106247769643
5005	41.46729863027887
5012	41.43954533393874
5019	41.412128225735884
5026	41.38679065754417
5033	41.35846269013415
5040	41.33092523913983
5047	41.30563910438278
5054	41.277436544288676
5061	41.251973485208616
5068	41.22375615782664
5075	41.19834999646213
5082	41.170225703468724
5089	41.14491484519574
5096	41.116900914157156
6006	38.06019726735544
6013	38.03933330833453
6020	38.01849849480408
6027	37.997696190357395
6034	37.976927950420645
6041	37.956194465794724
6048	37.93549601394723
6055	37.91483267486277
6062	37.894204434282685
6069	37.873611233082826
6076	37.85305299089005
6083	37.83252961737655
6090	37.81204101766103
6097	37.79158709489085
7000	35.41506705361665
7007	35.398564243438315
7014	35.382008976628626
7021	35.36543725586107
7028	35.348868186264085
7035	35.33231189301542
7042	35.31577372907591
7049	35.29925651135137
7056	35.28276170908028
7063	35.266290075391225
7070	35.249841982937994
7077	35.2182409349342
7084	35.20895149335699
7091	35.19635383317624
7098	35.18200916908117
8001	33.25904893864918
8008	33.243505559195356
8015	33.23069518568363
8022	33.21754698559522
8029	33.20420646386812
8036	33.19075952427781
8043	33.17725687675609
8050	33.163728449668554
8057	33.150191900120056
8064	33.13665763920497
8071	33.123131799366874
8078	33.109617986594685
8085	33.09611831507675
8092	33.08263401815356
8099	33.06916580907905
9002	31.462536826903197
9009	31.451319395172717
9016	31.44180804491115
9023	31.429680290580315
9030	31.419726527391433
9037	31.40726382654633
9044	31.39715293584439
9051	31.38457813312914
9058	31.374420585765343
9065	31.361819948284747
9072	31.35165848865953
9079	31.33906537094309
9086	31.328916505132966
9093	31.31634376265366
10003	29.94389088826803
10010	29.93402718604063
10017	29.92417323799456
10024	29.914329162310445
10031	29.904495030534953
10038	29.894670883632784
10045	29.88485674251826
10052	29.87505261496507
10059	29.86525850013974
10066	29.855474391575953
10073	29.845700279126014
10080	29.835936150241082
10087	29.826181990811172
10094	29.816437785716168
11004	28.630837589756023
11011	28.6234599668296
11018	28.613694527844814
11025	28.606330693388983
11032	28.59658349429012
11039	28.589233405035742
11046	28.579504388615938
11053	28.572168001478808
11060	28.56245711077781
11067	28.55513438286056
11074	28.5474962477073
11081	28.537514351658753
11088	28.530057915329884
11095	28.52024951694428
12005	27.484274776843932
12012	27.476727387667367
12019	27.46918631256601
12026	27.461651584758297
12033	27.45412322595271
12040	27.44660124947206
12047	27.439085662531035
12054	27.431576467896555
12061	27.42407366509814
12068	27.41657725131025
12075	27.40908722199552
12082	27.401603571373627
12089	27.394126292763108
12096	27.386655378830564
13006	26.469138989538678
13013	26.461704760724984
13020	26.45447237256996
13027	26.44738855774694
13034	26.442498984678178
13041	26.42007961595228
13048	26.41689059657117
13055	26.412760104590873
13062	26.409383991452692
13069	26.403680659961758
13076	26.39772149489809
13083	26.393413717202606
13090	26.386638268122283
13097	26.379901772905534
14000	25.568233751634704
14007	25.56101934175181
14014	25.556191267379884
14021	25.548987456514666
14028	25.544166472017885
14035	25.536973234973896
14042	25.53215932335462
14049	25.52497663462863
14056	25.52016977874669
14063	25.51299761269108
14070	25.508197795346682
14077	25.501036126265113
14084	25.496243330247694
14091	25.489092132451475
14098	25.484306340568423
15001	24.745033079101432
15008	24.741289675281774
15015	24.737226763196936
15022	24.732905755130833
15029	24.726445456149545
15036	24.722114911761622
15043	24.717579233803953
15050	24.712878100128258
15057	24.705982646133023
15064	24.701432499249584
15071	24.69672174832917
15078	24.691881607393107
15085	24.684829547838802
15092	24.680202154172797
15099	24.675431625571512
16002	24.011384390377977
16009	24.006434635949063
16016	24.001487836561168
16023	23.996544032485694
16030	23.99160325569343
16037	23.986665531432678
16044	23.98173087950747
16051	23.97679931531298
16058	23.971870850674183
16065	23.966945494525167
16072	23.962023253459385
16079	23.957104132175324
16086	23.952188133837556
16093	23.947275260369103
17003	23.334180864057764
17010	23.329652744218116
17017	23.32512736566927
17024	23.320604725622733
17031	23.316084821293934
17038	23.311567649902216
17045	23.307053208670837
17052	23.30254149482699
17059	23.298032505601782
17066	23.293526238230246
17073	23.291155949662404
17080	23.286249798373902
17087	23.281423371343262
17094	23.27666203379281
18004	22.716267580456503
18011	22.711526765586918
18018	22.706898182933344
18025	22.704510169933126
18032	22.699639044378632
18039	22.694906258351576
18046	22.690285975907805
18053	22.687902446221074
18060	22.683040780538974
18067	22.678317448697822
18074	22.673706614119176
18081	22.67132805339711
18088	22.666476671196556
18095	22.661763453819617
19005	22.14448132755487
19012	22.142118537286944
19019	22.13734985546059
19026	22.132759306347086
19033	22.13041937564204
19040	22.125690963498233
19047	22.12329267301833
19054	22.118465250429065
19061	22.11382908411414
19068	22.111470738199955
19075	22.10671279530581
19082	22.1021340809673
19089	22.099800844769558
19096	22.09508701078922
20006	21.616696707606124
20013	21.614314932932857
20020	21.609566653398073
20027	21.607187072103265
20034	21.602443236559488
20041	21.60006591439545
20048	21.595326634083676
20055	21.59295161784577
20062	21.588216971593468
20069	21.58584429426017
20076	21.581114337270844
20083	21.578744021750882
20090	21.574018792011643
20097	21.57165085387563
21000	21.12905349196917
21007	21.126712124467673
21014	21.122079352833786
21021	21.119773420975314
21028	21.117367335954313
21035	21.112624819699622
21042	21.110272587018397
21049	21.105622771894197
21056	21.103310381866333
21063	21.09872931030182
21070	21.096446548907174
21077	21.094062446284024
21084	21.089359663232084
21091	21.087025496571073
21098	21.082408714129347
22001	20.672480280587873
22008	20.66783689841038
22015	20.665548157692754
22022	20.663179241836847
22029	20.658541476309573
22036	20.656255562825187
22043	20.653889623906306
22050	20.649257769908623
22057	20.646974808351978
22064	20.64461195757908
22071	20.639986203349846
22078	20.637706272956276
22085	20.635346580628415
22092	20.63072704445689
22099	20.62845019464446
23002	20.244444243311527
23009	20.239805897620087
23016	20.23753885545414
23023	20.235209004702682
23030	20.232822755485714
23037	20.22819268600997
23044	20.225929688977526
23051	20.223603995310576
23058	20.221222003546714
23065	20.216600194127082
23072	20.21434123379064
23079	20.212019688067674
23086	20.209641943985307
23093	20.20721374977179
24003	19.83144969917759
24010	19.830157788031904
24017	19.82872298506317
24024	19.82715969590607
24031	19.82548088554807
24038	19.823698222394214
24045	19.82013379490359
24052	19.818342721671495
24059	19.81645937028466
24066	19.814493084509692
24073	19.812452273653278
24080	19.810344506008285
24087	19.808176592955206
24094	19.80595466465349
25004	19.464035942318528
25011	19.46172128557938
25018	19.459381852541597
25025	19.457020226120136
25032	19.454638730865774
25039	19.452239458801582
25046	19.44982429267577
25053	19.447394926889253
25060	19.44495288633044
25067	19.442499543326562
25074	19.440036132899856
25081	19.43756376649813
25088	19.435083444352298
25095	19.4325960665981
26005	19.107059376397043
26012	19.104835184027515
26019	19.102591518887124
26026	19.10033042381911
26033	19.098053737318956
26040	19.09576311396922
26047	19.093460042830863
26054	19.091145863995486
26061	19.088821783482338
26068	19.08648888664559
26075	19.0841481502409
26082	19.081800453285325
26089	19.07944658683126
26096	19.077087262762937
27006	18.771293465134516
27013	18.768996271916876
27020	18.766699954932747
27027	18.764404513621095
27034	18.76210994742133
27041	18.759816255773316
27048	18.757523438117374
27055	18.755231493894282
27062	18.752940422545294
27069	18.750650223512128
27076	18.74836089623696
27083	18.746072440162457
27090	18.743784854731754
27097	18.74149813938846
28000	18.453210064559485
28007	18.45107185853894
28014	18.44893045815344
28021	18.446786262473264
28028	18.444639630612528
28035	18.442490885724897
28042	18.44034031859964
28049	18.438188190898146
28056	18.436034738066706
28063	18.433880171958116
28070	18.431724683191035
28077	18.429568443273457
28084	18.427411606513807
28091	18.42525431174095
28098	18.423096683852194
29001	18.15003849467729
29008	18.14797008528542
29015	18.1459024105014
29022	18.143835469886966
29029	18.141769263004182
29036	18.13970378941549
29043	18.13763904868368
29050	18.135575040371904
29057	18.133511764043682
29064	18.131449219262866
29071	18.12938740559369
29078	18.127326322600744
29085	18.125265969848968
29092	18.123206346903675
29099	18.121147453330526
30002	17.85682700519687
30009	17.855327782206412
30016	17.853782392753295
30023	17.85219552064113
30030	17.850571381254504
30037	17.848913768400948
30044	17.847226096468642
30051	17.845511438368398
30058	17.834185746579667
30065	17.833383817600748
30072	17.832466528936365
30079	17.831445483404092
30086	17.830331123501367
30093	17.829132847437503
31003	17.586692496528865
31010	17.58482994517999
31017	17.582966785707235
31024	17.5708284649925
31031	17.5699919127861
31038	17.569052338237753
31045	17.568020105411463
31052	17.566904541930437
31059	17.565714042621167
31066	17.564456162793146
31073	17.563137702190588
31080	17.56176478054898
31087	17.56034290559599
31094	17.558877034252273
32004	17.32487242544799
32011	17.323083222923856
32018	17.321294596098006
32025	17.31950654466323
32032	17.317719068312126
32039	17.315932166737174
32046	17.31414583963076
32053	17.31236008668521
32060	17.310574907592812
32067	17.308790302045857
32074	17.30700626973665
32081	17.30522281035754
32088	17.303439923600937
32095	17.301657609159314
33005	17.071980918828125
33012	17.070544622059963
33019	17.069081496118798
33026	17.06759427699416
33033	17.066085427048865
33040	17.06455716238169
33047	17.063011477453824
33054	17.061450167252623
33061	17.059874847239033
33068	17.058286971300245
33075	17.056687847907078
33082	17.05507865465566
33089	17.053460451354894
33096	17.05183419180522
34006	16.82868452124049
34013	16.827728174341676
34020	16.826704320147698
34027	16.825619758688354
34034	16.824480609965438
34041	16.823292381955547
34048	16.82206003181262
34055	16.82078802095022
34062	16.819480364615607
34069	16.818140676506353
34076	16.816772208925357
34083	16.81537788892033
34090	16.813960350809303
34097	16.812521965453648
35000	16.60796112781387
35007	16.60639309177372
35014	16.604825475480713
35021	16.60325828287724
35028	16.601691517488803
35035	16.60012518246573
35042	16.598559280620687
35049	16.59699381446246
35056	16.595428786226385
35063	16.59386419790167
35070	16.59230005125606
35077	16.590736347857973
35084	16.589173089096462
35091	16.58761027619916
35098	16.586047910248446
36001	16.38820972637731
36008	16.386709581676403
36015	16.385209411009363
36022	16.38370925980356
36029	16.38220916892309
36036	16.38070917512511
36043	16.379209311470543
36050	16.377709607693717
36057	16.376210090535047
36064	16.374710784040428
36071	16.373211709830706
36078	16.3717128873442
36085	16.36317813498633
36092	16.362383486507444
36099	16.36151877505656
37002	16.17722007134709
37009	16.175788393397433
37016	16.174355765444965
37023	16.17292232251811
37030	16.1714881861238
37037	16.17005346559958
37044	16.168618259330593
37051	16.167182655844837
37058	16.165746734798866
37065	16.164310567864955
37072	16.162874219529566
37079	16.161437747811902
37086	16.160001204910674
37093	16.15856463778615
38003	15.97468450006492
38010	15.973295226177775
38017	15.97190630193072
38024	15.970517729836299
38031	15.969129512138784
38038	15.967741650841
38045	15.966354147728483
38052	15.964967004391212
38059	15.963580222243188
38066	15.962193802540042
38073	15.960807746394877
38080	15.959422054792528
38087	15.958036728602409
38094	15.956651768590062
39004	15.779117011190595
39011	15.777840419335575
39018	15.776558100217853
39025	15.775270661711442
39032	15.773978650887386
39039	15.77268256009408
39046	15.77138283242953
39053	15.770079866666423
39060	15.768774021684646
39067	15.767465620460587
39074	15.76615495365749
39081	15.764842282856783
39088	15.763527843466274
39095	15.762211847337504
40005	15.587096266091379
40012	15.586297074374864
40019	15.585449288013606
40026	15.584557799489337
40033	15.583627012021353
40040	15.582660888492791
40047	15.581662995484226
40054	15.58063654290396
40061	15.579584419655239
40068	15.57850922573678
40075	15.57741330113323
40082	15.576298751816577
40089	15.575167473147426
40096	15.574021170936145
41006	15.411039734641514
41013	15.409797284890523
41020	15.408555147080095
41027	15.40731332108004
41034	15.40607180676009
41041	15.404830603989947
41048	15.403589712639265
41055	15.402349132577681
41062	15.401108863674818
41069	15.399868905800286
41076	15.398629258823707
41083	15.397389922614709
41090	15.396150897042936
41097	15.394912181978064
42000	15.237477191436724
42007	15.236297497002488
42014	15.235116122607684
42021	15.233933265529451
42028	15.232749103305178
42035	15.231563795706474
42042	15.230377486515769
42049	15.229190305125229
42056	15.228002367975796
42063	15.226813779852304
42070	15.225624635049119
42077	15.224435018419166
42084	15.223245006318107
42091	15.222054667454053
42098	15.220864063652334
43001	15.069084055690322
43008	15.06792546967756
43015	15.066767161056937
43022	15.065609129716933
43029	15.064451375546072
43036	15.063293898432951
43043	15.062136698266213
43050	15.06097977493457
43057	15.059823128326784
43064	15.058666758331682
43071	15.057510664838151
43078	15.056354847735136
43085	15.055199306911643
43092	15.054044042256738
43099	15.052889053659548
44002	14.90616927534979
44009	14.905049366369777
44016	14.903929708102192
44023	14.902810301578327
44030	14.901691147716104
44037	14.900572247331407
44044	14.899453601148306
44051	14.898335209808227
44058	14.897217073878245
44065	14.896099193858497
44072	14.894981570188904
44079	14.893864203255191
44086	14.892747093394307
44093	14.891630240899318
45003	14.748593506502349
45010	14.747512550918668
45017	14.746431581989576
45024	14.745350625742695
45031	14.744269705593423
45038	14.743188842606134
45045	14.742108055729306
45052	14.741027362007106
45059	14.73994677676983
45066	14.734884170307836
45073	14.734202056365376
45080	14.733480266810464
45087	14.73272279381233
45094	14.731933230313857
46004	14.596141554298066
46011	14.595092491566714
46018	14.594043663488694
46025	14.592995069986952
46032	14.591946710983354
46039	14.59089858639881
46046	14.589850696153366
46053	14.588803040166297
46060	14.58775561835619
46067	14.58670843064102
46074	14.585661476938203
46081	14.584614757164674
46088	14.583568271236928
46095	14.582522019071074
47005	14.448467209587182
47012	14.447450887100475
47019	14.44643478278246
47026	14.445418896994578
47033	14.444403230053982
47040	14.443387782237952
47047	14.442372553787912
47054	14.441357544913004
47061	14.44034275579332
47068	14.43932818658282
47075	14.438313837411942
47082	14.437299708389963
47089	14.436285799607118
47096	14.435272111136507
48006	14.305348700534585
48013	14.304363372481628
48020	14.303378253882094
48027	14.302393344845123
48034	14.301408645461372
48041	14.300424155804853
48048	14.299439875934613
48055	14.298455805896236
48062	14.297471945723181
48069	14.296488295438008
48076	14.295504855053476
48083	14.294521624573514
48090	14.293538603994115
48097	14.292555793304135
49000	14.167317807049834
49007	14.166380951260273
49014	14.1654423733561
49021	14.164502265564886
49028	14.163560800884394
49035	14.162618135005559
49042	14.161674408043165
49049	14.160729746093487
49056	14.159784262636126
49063	14.158838059795684
49070	14.157891229477269
49077	14.156943854388452
49084	14.155996008959013
49091	14.155047760168737
49098	14.154099168292404
50001	14.032795837087978
50008	14.031867792515914
50015	14.030939937014173
50022	14.030012270717421
50029	14.029084793740285
50036	14.028157506179351
50043	14.027230408114981
50050	14.02630349961293
50057	14.02537678072581
50064	14.024450251494418
50071	14.02352391194891
50078	14.022597762109868
50085	14.02167180198927
50092	14.020746031591344
50099	14.01982045091335
51002	13.901991795942045
51009	13.901090399398862
51016	13.900189184799128
51023	13.899288152081143
51030	13.898387301183242
51037	13.897486632043787
51044	13.896586144601173
51051	13.895685838793813
51058	13.894785714560161
51065	13.893885771838697
51072	13.892986010567927
51079	13.89208643068639
51086	13.891187032132652
51093	13.890287814845314
52003	13.77491039127647
52010	13.774034401198197
52017	13.773158584407787
52024	13.772282940859862
52031	13.771407470507846
52038	13.770532173304083
52045	13.769657049199946
52052	13.768782098145937
52059	13.767907320091783
52066	13.767032714986513
52073	13.766158282778521
52080	13.765284023415646
52087	13.764409936845226
52094	13.76353602301414
53004	13.650012858691978
53011	13.649297527251921
53018	13.648568717735886
53025	13.64782779444048
53032	13.647075985227293
53039	13.646314395166367
53046	13.645544018815386
53053	13.64476575127089
53060	13.643980398114408
53067	13.643188684363952
53074	13.64239126253038
53081	13.6415887198681
53088	13.640781584900733
53095	13.639970333294183
54005	13.53119738241747
54012	13.53037188362007
54019	13.529546228010114
54026	13.528720447013836
54033	13.527894568909815
54040	13.527068619143739
54047	13.526242620611695
54054	13.525416593915136
54061	13.524590557590338
54068	13.523764528314928
54075	13.522938521093748
54082	13.522112549426135
54089	13.521286625456476
54096	13.520460760109707
55006	13.413827876477917
55013	13.41306976438109
55020	13.412306958267042
55027	13.411539942584763
55034	13.410769153333622
55041	13.40999498290833
55048	13.4092177844594
55055	13.40843787581758
55062	13.407655543025825
55069	13.406871043518082
55076	13.406084608980187
55083	13.40337412311033
55090	13.402776655675243
55097	13.402158595017207
56000	13.301269900380714
56007	13.300484307865265
56014	13.299698859741476
56021	13.298913555966847
56028	13.29812839649869
56035	13.297343381294151
56042	13.296558510310227
56049	13.295773783503773
56056	13.294989200831534
56063	13.294204762250146
56070	13.29342046771615
56077	13.292636317186009
56084	13.291852310616115
56091	13.291068447962797
56098	13.290284729182329
57001	13.190375401574396
57008	13.189610016124483
57015	13.188844768901287
57022	13.18621355891818
57029	13.185635198117097
57036	13.185038314407532
57043	13.184424773848544
57050	13.18379625588912
57057	13.183154272029174
57064	13.182500182614465
57071	13.181835211952018
57078	13.181160461913981
57085	13.18047692418113
57092	13.179785491262006
57099	13.179086966410134
58002	13.082308973207514
58009	13.081562937485565
58016	13.080817034098262
58023	13.080071263013338
58030	13.079325624197809
58037	13.078580117618072
58044	13.07783474323995
58051	13.07708950102876
58058	13.076344390949359
58065	13.075599412966202
58072	13.074854567043367
58079	13.074109853144616
58086	13.07336527123341
58093	13.072620821272945
59003	12.976599382560725
59010	12.975907101776622
59017	12.97521142646084
59024	12.97451270872186
59031	12.973811265453621
59038	12.973107381856952
59045	12.97240131460891
59052	12.971693294715134
59059	12.97098353007701
59066	12.970272207802086
59073	12.969559496283456
59080	12.968845547071211
59087	12.968130496556746
59094	12.967414467488618
60004	12.874084421091034
60011	12.873385349862453
60018	12.872685335956703
60025	12.871984485782137
60032	12.871282895102771
60039	12.870580650102735
60046	12.869877828344244
60053	12.869174499629807
60060	12.868470726778195
60067	12.86776656632281
60074	12.867062069140225
60081	12.866357281015878
60088	12.865652243153175
60095	12.864946992631697
61005	12.773921227977908
61012	12.773228574079862
61019	12.772536037061629
61026	12.77184361689011
61033	12.771151313532217
61040	12.770459126954865
61047	12.769767057124984
61054	12.76907510400952
61061	12.768383267575421
61068	12.767691547789653
61075	12.76699994461919
61082	12.76630845803102
61089	12.765617087992137
61096	12.764925834469558
62006	12.676042736198577
62013	12.675366473449213
62020	12.674690322223416
62027	12.674014282564825
62034	12.673338354509594
62041	12.672662538087152
62048	12.671986833320862
62055	12.671311240228642
62062	12.670635758823494
62069	12.66996038911402
62076	12.66928513110484
62083	12.668609984797001
62090	12.667934950188346
62097	12.667260027273818
63000	12.58112178813677
63007	12.580461171084279
63014	12.579800660154385
63021	12.57914025549988
63028	12.578479957255322
63035	12.57781976553887
63042	12.577159680453907
63049	12.57649970209054
63056	12.575839830526915
63063	12.575180065830413
63070	12.574520408058738
63077	12.573860857260875
63084	12.573201413477975
63091	12.572542076744126
63098	12.57188284708707
64001	12.487727993510951
64008	12.487083015433656
64015	12.48643808954972
64022	12.485793220994065
64029	12.485148414385323
64036	12.48450367387747
64043	12.483859003206291
64050	12.483214405731205
64057	12.482569884472898
64064	12.481925442147194
64071	12.480179223968236
64078	12.479645132307905
64085	12.479100107616167
64092	12.478545253522524
64099	12.477981563290738
65002	12.396267869644628
65009	12.395656991778532
65016	12.39504420886718
65023	12.394429721380249
65030	12.393813709737799
65037	12.393196336315235
65044	12.392577747247774
65051	12.391958074054472
65058	12.391337435099828
65065	12.390715936909256
65072	12.39009367535298
65079	12.389470736711557
65086	12.388847198634858
65093	12.388223131005123
66003	12.307218485514031
66010	12.306604499881358
66017	12.305990318573627
66024	12.305375970754627
66031	12.304761482669244
66038	12.304146877935379
66045	12.303532177806622
66052	12.302917401408699
66059	12.302302565952262
66066	12.301687686924382
66073	12.301072778260917
66080	12.30045785250164
66087	12.29984292092984
66094	12.299227993697976
67004	12.219995262437575
67011	12.219391870805087
67018	12.218788571299594
67025	12.218185363954703
67032	12.217582248798282
67039	12.216979225853017
67046	12.21637629513695
67053	12.215773456663943
67060	12.21517071044408
67067	12.214568056484065
67074	12.213965494787553
67081	12.213363025355452
67088	12.212760648186203
67095	12.21215836327603
68005	12.134608199177233
68012	12.134020942156702
68019	12.133433462226746
68026	12.132845790592311
68033	12.132257955335586
68040	12.131669981728276
68047	12.131081892512656
68054	12.13049370815451
68061	12.12990544707078
68068	12.129317125834454
68075	12.128728759358967
68082	12.128140361064148
68089	12.127551943025583
68096	12.126963516109047
69006	12.051110089533413
69013	12.05053242875255
69020	12.049954837531105
69027	12.049377317511377
69034	12.048799870169285
69041	12.048222496830999
69048	12.04764519868793
69055	12.047067976810187
69062	12.046490832158725
69069	12.045913765596254
69076	12.045336777897067
69083	12.044759869755877
69090	12.044183041795781
69097	12.043606294575419
70000	11.969913258204585
70007	11.96934745846561
70014	11.968781741932348
70021	11.968216108584247
70028	11.96765055840076
70035	11.967085091361346
70042	11.966519707445475
70049	11.965954406632623
70056	11.965389188902268
70063	11.964824054233897
70070	11.964259002607013
70077	11.963694034001113
70084	11.963129148395712
70091	11.962564345770325
70098	11.961999626104474
71001	11.889838992604933
71008	11.889284885948745
71015	11.888730859629957
71022	11.888176913629007
71029	11.887623047926336
71036	11.887069262502388
71043	11.88651555733762
71050	11.885961932412494
71057	11.885408387707479
71064	11.88485492320304
71071	11.884301538879669
71078	11.883748234717851
71085	11.883195010698076
71092	11.882641866800851
71099	11.882088803006681
72002	11.811408180280758
72009	11.810865366368168
72016	11.810322630061663
72023	11.80977997134261
72030	11.809237390192374
72037	11.808694886592331
72044	11.808152460523864
72051	11.807610111968359
72058	11.807067840907207
72065	11.806525647321813
72072	11.80598353119358
72079	11.805441492503919
72086	11.804899531234252
72093	11.804357647366006
73003	11.734564935416044
73010	11.734033032901092
73017	11.7335012053896
73024	11.732969452863802
73031	11.73243777530594
73038	11.731906172698254
73045	11.731374645023003
73052	11.73084319226244
73059	11.730311814398833
73066	11.729780511414448
73073	11.729249283291566
73080	11.728718130012464
73087	11.72818705155943
73094	11.72765604791476
74004	11.65925597505234
74011	11.658734623520568
74018	11.658213344202267
74025	11.657692137111326
74032	11.657171002258552
74039	11.656649939651992
74046	11.656128949297191
74053	11.65560803119746
74060	11.655087185354084
74067	11.65456641176654
74074	11.65404571043267
74081	11.653525081348842
74088	11.65300452451011
74095	11.652484039910334
75005	11.58543061550489
75012	11.584919462077881
75019	11.584408378804863
75026	11.583897365669667
75033	11.583386422656126
75040	11.582875549748072
75047	11.582364746929352
75054	11.581854014183813
75061	11.581343351495306
75068	11.580832758847688
75075	11.580322236224827
75082	11.579811783610586
75089	11.579301400988843
75096	11.578791088343479
76006	11.513040317678296
76013	11.512539034528587
76020	11.512037819272244
76027	11.511536671893825
76034	11.51103559237789
76041	11.510534580709002
76048	11.510033636871732
76055	11.50953276085065
76062	11.509031952630338
76069	11.508531212195377
76076	11.508030539530356
76083	11.507529934619871
76090	11.50702939744852
76097	11.506528928000904
77000	11.442530654157888
77007	11.442038859511172
77014	11.441547130612985
77021	11.44105546744857
77028	11.44056387000316
77035	11.440072338262004
77042	11.439580872210348
77049	11.43908947183345
77056	11.438598137116564
77063	11.438106868044954
77070	11.43761566460389
77077	11.436682502735922
77084	11.436235632916041
77091	11.43578440844211
77098	11.435329271323456
78001	11.372864595405733
78008	11.372382055123616
78015	11.371899578521031
78022	11.371417165584266
78029	11.370934816299563
78036	11.37045253065315
78043	11.369970308631213
78050	11.369488150219912
78057	11.369006055405395
78064	11.368524024173782
78071	11.368042056511182
78078	11.367560152403684
78085	11.367078311837362
78092	11.36659653479829
78099	11.366114821272522
79002	11.304501244773887
79009	11.304027669934452
79016	11.303554156803578
79023	11.303080705367766
79030	11.302607315613507
79037	11.302133987527304
79044	11.301660721095663
79051	11.301187516305095
79058	11.300714373142117
79065	11.300241291593245
79072	11.299768271645
79079	11.299295313283912
79086	11.29882241649651
79093	11.298349581269328
80003	11.237400193266804
80010	11.236935307576386
80017	11.236470481704512
80024	11.236005715638257
80031	11.235541009364688
80038	11.235076362870892
80045	11.23461177614395
80052	11.234147249170947
80059	11.233682781938974
80066	11.233218374435125
80073	11.232754026646502
80080	11.232289738560205
80087	11.23182551016334
80094	11.231361341443018
81004	11.171522772551118
81011	11.171066311493945
81018	11.170609908445627
81025	11.170153563393782
81032	11.16969727632603
81039	11.169241047229995
81046	11.168784876093309
81053	11.168328762903597
81060	11.167872707648502
81067	11.167416710315658
81074	11.166960770892713
81081	11.16650488936731
81088	11.166049065727103
81095	11.165593299959745
82005	11.106831957701347
82012	11.10638366793665
82019	11.105935434447101
82026	11.105487257220833
82033	11.105039136245985
82040	11.1045910715107
82047	11.104143063003121
82054	11.103695110711396
82061	11.103247214623675
82068	11.102799374728116
82075	11.102351591012875
82082	11.101903863466116
82089	11.101456192076002
82096	11.101008576830706
83006	11.043292278670169
83013	11.04285191743129
83020	11.042411610805779
83027	11.04197135878226
83034	11.04153116134935
83041	11.041091018495688
83048	11.040650930209907
83055	11.04021089648064
83062	11.039770917296526
83069	11.03933099264621
83076	11.038891122518342
83083	11.03845130690157
83090	11.038011545784544
83097	11.037571839155923
84000	10.981302266986678
84007	10.980869567357109
84014	10.980436918871316
84021	10.97961498425925
84028	10.979221372320236
84035	10.978823918629116
84042	10.978423012649985
84049	10.978019004899437
84056	10.977612210841322
84063	10.977202914392013
84070	10.976791371075166
84077	10.97637781086098
84084	10.975962440721553
84091	10.97554544693068
84098	10.9751269971337
85001	10.919956973258843
85008	10.919531728809355
85015	10.919106535859434
85022	10.918681394398757
85029	10.918256304416984
85036	10.917831265903768
85043	10.917406278848757
85050	10.916981343241586
85057	10.91655645907188
85064	10.916131626329268
85071	10.91570684500336
85078	10.915282115083773
85085	10.91485743656012
85092	10.914432809422
85099	10.914008233659022
86002	10.859664955739477
86009	10.859246970973208
86016	10.858829036239761
86023	10.858411151529083
86030	10.857993316831116
86037	10.857575532135805
86044	10.8571577974331
86051	10.856740112712949
86058	10.856322477965312
86065	10.855904893180146
86072	10.855487358347407
86079	10.855069873457062
86086	10.854652438499077
86093	10.854235053463421
87003	10.800396364166083
87010	10.799985433299558
87017	10.799574551055724
87024	10.799163717424921
87031	10.798752932397488
87038	10.798342195963762
87045	10.797931508114093
87052	10.797520868838827
87059	10.797110278128311
87066	10.796699735972904
87073	10.796289242362956
87080	10.795878797288827
87087	10.795468400740878
87094	10.795058052709471
88004	10.74212234977889
88011	10.741718275116359
88018	10.74131424772159
88025	10.740910267585296
88032	10.740506334698193
88039	10.740102449051001
88046	10.739698610634438
88053	10.739294819439227
88060	10.738891075456094
88067	10.738487378675767
88074	10.738083729088977
88081	10.737680126686454
88088	10.737276571458938
88095	10.736873063397166
89005	10.684815193236833
89012	10.684417784779157
89019	10.684020422286768
89026	10.68362310575073
89033	10.683225835162123
89040	10.682828610512017
89047	10.682431431791489
89054	10.682034298991624
89061	10.6816372121035
89068	10.681240171118201
89075	10.680843176026817
89082	10.68044622682044
89089	10.680049323490156
89096	10.679652466027063
90006	10.628448248429116
90013	10.628057323492051
90020	10.627666443267657
90027	10.627275607747343
90034	10.626884816922521
90041	10.626494070784606
90048	10.626103369325014
90055	10.625712712535165
90062	10.625322100406482
90069	10.624931532930388
90076	10.62454101009831
90083	10.624150531901677
90090	10.623760098331918
90097	10.62336970938047
91000	10.57338055019542
91007	10.572995889535042
91014	10.572611272390414
91021	10.572226698753276
91028	10.571842168615355
91035	10.57145768196839
91042	10.57107323880412
91049	10.570688839114283
91056	10.570304482890624
91063	10.569920170124885
91070	10.569535900808813
91077	10.569151674934162
91084	10.568767492492677
91091	10.568383353476115
91098	10.567999257876231
92001	10.51881198206192
92008	10.518433461244719
92015	10.518054982782925
92022	10.517676546668577
92029	10.517298152893716
92036	10.516919801450388
92043	10.516541492330635
92050	10.516163225526507
92057	10.515785001030054
92064	10.515406818833327
92071	10.515028678928383
92078	10.514650581307276
92085	10.514272525962063
92092	10.513894512884807
92099	10.51351654206757
93002	10.465109775745688
93009	10.464737231919944
93016	10.46436472933226
93023	10.46399226797497
93030	10.463619847840409
93037	10.46324746892091
93044	10.462875131208818
93051	10.462502834696469
93058	10.462130579376208
93065	10.46175836524038
93072	10.461386192281331
93079	10.461014060491411
93086	10.460641969862973
93093	10.460269920388367
94003	10.41225107317424
94010	10.411884349491924
94017	10.411517665971289
94024	10.411151022604955
94031	10.410784419385536
94038	10.410417856305642
94045	10.410051333357897
94052	10.409684850534918
94059	10.409318407829328
94066	10.40895200523375
94073	10.408585642740814
94080	10.408219320343145
94087	10.407853038033371
94094	10.407486795804129
95004	10.360213854574097
95011	10.35985279990874
95018	10.359491784367748
95025	10.359130807944002
95032	10.358769870630383
95039	10.35840897241977
95046	10.358048113305053
95053	10.357687293279117
95060	10.35732651233485
95067	10.356965770465145
95074	10.35660506766289
95081	10.356244403920982
95088	10.355883779232311
95095	10.355523193589779
96005	10.308976899279347
96012	10.30862136795997
96019	10.308265874764892
96026	10.307910419687243
96033	10.30755500272016
96040	10.307199623856782
96047	10.306844283090246
96054	10.306488980413693
96061	10.306133715820263
96068	10.3057784893031
96075	10.305423300855352
96082	10.305068150470166
96089	10.304713038140694
96096	10.30435796386008
97006	10.258519748759316
97013	10.258169600319349
97020	10.257819489039154
97027	10.257469414912102
97034	10.257119377931577
97041	10.25676937809096
97048	10.256419415383629
97055	10.256069489802968
97062	10.25571960134236
97069	10.255369749995195
97076	10.255019935754857
97083	10.25467015861474
97090	10.25432041856823
97097	10.253970715608723
98000	10.209167609013521
98007	10.208822671718124
98014	10.208477770658298
98021	10.208132905827652
98028	10.207788077219792
98035	10.20744328482833
98042	10.207098528646872
98049	10.206753808669038
98056	10.206409124888442
98063	10.206064477298696
98070	10.205719865893418
98077	10.205375290666229
98084	10.205030751610751
98091	10.204686248720606
98098	10.204341781989417
99001	10.160206450903075
99008	10.159866631130267
99015	10.159526846694625
99022	10.15918709758998
99029	10.158847383810162
99036	10.158507705348999
99043	10.15816806220033
99050	10.157828454357986
99057	10.1574888818158
99064	10.157149344567614
99071	10.156809842607261
99078	10.156470375928587
99085	10.15613094452543
99092	10.155791548391633
99099	10.155452187521044
