4.200000000000000000e+01 9.150600638205336281e+02
6.800000000000000000e+01 2.273670603076981820e+02
9.400000000000000000e+01 1.699049302030405784e+02
1.004000000000000000e+03 4.089182382334178101e+01
1.030000000000000000e+03 4.031427259808586427e+01
1.056000000000000000e+03 3.984437026392410530e+01
1.082000000000000000e+03 3.969325849743315615e+01
2.018000000000000000e+03 2.949724732080808565e+01
2.044000000000000000e+03 2.930437167375576024e+01
2.070000000000000000e+03 2.913223402640354465e+01
2.096000000000000000e+03 2.890000507263966156e+01
3.006000000000000000e+03 2.432563999312202441e+01
3.032000000000000000e+03 2.420929780612276616e+01
3.058000000000000000e+03 2.412426947195124072e+01
3.084000000000000000e+03 2.406230887290993081e+01
4.020000000000000000e+03 2.110821742908049714e+01
4.046000000000000000e+03 2.105157091799495817e+01
4.072000000000000000e+03 2.101414150585377527e+01
4.098000000000000000e+03 2.096094924030909823e+01
5.008000000000000000e+03 1.898376316597176583e+01
5.034000000000000000e+03 1.892924782899727987e+01
5.060000000000000000e+03 1.888943297572939173e+01
5.086000000000000000e+03 1.883081595758079274e+01
6.022000000000000000e+03 1.739455327054614742e+01
6.048000000000000000e+03 1.734568624533046233e+01
6.074000000000000000e+03 1.730460105325646936e+01
7.010000000000000000e+03 1.617636574439399766e+01
7.036000000000000000e+03 1.616101681608954621e+01
7.062000000000000000e+03 1.612733976573974104e+01
7.088000000000000000e+03 1.610841257578473318e+01
8.024000000000000000e+03 1.519845021032193699e+01
8.050000000000000000e+03 1.517204217720851034e+01
8.076000000000000000e+03 1.514635112438307374e+01
9.012000000000000000e+03 1.438708389290809819e+01
9.038000000000000000e+03 1.436770060577773300e+01
9.064000000000000000e+03 1.434540352757871418e+01
9.090000000000000000e+03 1.433825372038011636e+01
1.000000000000000000e+04 1.371333384528563215e+01
1.002600000000000000e+04 1.369858711182038391e+01
1.005200000000000000e+04 1.367984426614131976e+01
1.007800000000000000e+04 1.366272378773632745e+01
1.101400000000000000e+04 1.314991774127295088e+01
1.104000000000000000e+04 1.313239285238442733e+01
1.106600000000000000e+04 1.311982467301022126e+01
1.109200000000000000e+04 1.310738376862255095e+01
1.200200000000000000e+04 1.264335423522139479e+01
1.202800000000000000e+04 1.262774949273638470e+01
1.205400000000000000e+04 1.261487578635601992e+01
1.208000000000000000e+04 1.260021942852612220e+01
1.301600000000000000e+04 1.217828744015036335e+01
1.304200000000000000e+04 1.216733771413278120e+01
1.306800000000000000e+04 1.215477687943313079e+01
1.309400000000000000e+04 1.214131646348045557e+01
1.400400000000000000e+04 1.176215679861524066e+01
1.403000000000000000e+04 1.175163917029198579e+01
1.405600000000000000e+04 1.174361523065043045e+01
1.408200000000000000e+04 1.173387891959226437e+01
1.501800000000000000e+04 1.139443129442974723e+01
1.504400000000000000e+04 1.138410908711219349e+01
1.507000000000000000e+04 1.137352882278468158e+01
1.509600000000000000e+04 1.136407658737302739e+01
1.600600000000000000e+04 1.105856498777865227e+01
1.603200000000000000e+04 1.105301922526578906e+01
1.605800000000000000e+04 1.104373756138030771e+01
1.608400000000000000e+04 1.103555613127174517e+01
1.702000000000000000e+04 1.075462738185393974e+01
1.704600000000000000e+04 1.074670206908442971e+01
1.707200000000000000e+04 1.073812649341631165e+01
1.709800000000000000e+04 1.072997917316332028e+01
1.800800000000000000e+04 1.046955393612055119e+01
1.803400000000000000e+04 1.046216821154335186e+01
1.806000000000000000e+04 1.045428524769392808e+01
1.808600000000000000e+04 1.044977258402406051e+01
1.902200000000000000e+04 1.020254355546834724e+01
1.904800000000000000e+04 1.019522656447781905e+01
1.907400000000000000e+04 1.018812575439791601e+01
2.001000000000000000e+04 9.967223146079094320e+00
2.003600000000000000e+04 9.960670343237662649e+00
2.006200000000000000e+04 9.954241438276152820e+00
2.008800000000000000e+04 9.948664682602782250e+00
2.102400000000000000e+04 9.742475192303524878e+00
2.105000000000000000e+04 9.736618840193429492e+00
2.107600000000000000e+04 9.732812507628297638e+00
2.201200000000000000e+04 9.532581152329729690e+00
2.203800000000000000e+04 9.527259312026318483e+00
2.206400000000000000e+04 9.521787206663830716e+00
2.209000000000000000e+04 9.516752586405548442e+00
2.300000000000000000e+04 9.346549079408116967e+00
2.302600000000000000e+04 9.340637292013552084e+00
2.305200000000000000e+04 9.336210679736666407e+00
2.307800000000000000e+04 9.331439435410011640e+00
2.401400000000000000e+04 9.151363277485870640e+00
2.404000000000000000e+04 9.146964624716819259e+00
2.406600000000000000e+04 9.141834907057914350e+00
2.409200000000000000e+04 9.137312914209696046e+00
2.500200000000000000e+04 8.983212794175207350e+00
2.502800000000000000e+04 8.977482306878460605e+00
2.505400000000000000e+04 8.973055411593884756e+00
2.508000000000000000e+04 8.967510693971522784e+00
2.601600000000000000e+04 8.813771900660370306e+00
2.604200000000000000e+04 8.809825608811255648e+00
2.606800000000000000e+04 8.805158922373781394e+00
2.609400000000000000e+04 8.801129994875967810e+00
2.700400000000000000e+04 8.659038725366137612e+00
2.703000000000000000e+04 8.655269085818858343e+00
2.705600000000000000e+04 8.651219298684734937e+00
2.708200000000000000e+04 8.646412459504619008e+00
2.801800000000000000e+04 8.507411659440354157e+00
2.804400000000000000e+04 8.503942416214485434e+00
2.807000000000000000e+04 8.500421173418107657e+00
2.809600000000000000e+04 8.496401467760762216e+00
2.900600000000000000e+04 8.364900962706292020e+00
2.903200000000000000e+04 8.361873097346311567e+00
2.905800000000000000e+04 8.358479743447611909e+00
2.908400000000000000e+04 8.355300661347339286e+00
3.002000000000000000e+04 8.231002004996325283e+00
3.004600000000000000e+04 8.227890922495578963e+00
3.007200000000000000e+04 8.224572014641523765e+00
3.009800000000000000e+04 8.222154645337555579e+00
3.100800000000000000e+04 8.107744921343526201e+00
3.103400000000000000e+04 8.103957945716693700e+00
3.106000000000000000e+04 8.101174382478159686e+00
3.108600000000000000e+04 8.097118737813559619e+00
3.202200000000000000e+04 7.982199469099386491e+00
3.204800000000000000e+04 7.979662695949908624e+00
3.207400000000000000e+04 7.977226703388104134e+00
3.301000000000000000e+04 7.871778627665706018e+00
3.303600000000000000e+04 7.869475989281173867e+00
3.306200000000000000e+04 7.866708144673119740e+00
3.308800000000000000e+04 7.863710198768702142e+00
3.402400000000000000e+04 7.761986873474810977e+00
3.405000000000000000e+04 7.759335323616856073e+00
3.407600000000000000e+04 7.756059016594988975e+00
3.501200000000000000e+04 7.655424784231514401e+00
3.503800000000000000e+04 7.653127056278977491e+00
3.506400000000000000e+04 7.650446139749224272e+00
3.509000000000000000e+04 7.647915540002269807e+00
3.600000000000000000e+04 7.558488411023672526e+00
3.602600000000000000e+04 7.556403376430928631e+00
3.605200000000000000e+04 7.553717202120547647e+00
3.607800000000000000e+04 7.551200282251240736e+00
3.701400000000000000e+04 7.463599486138049244e+00
3.704000000000000000e+04 7.461306465642415731e+00
3.706600000000000000e+04 7.458859329959308226e+00
3.709200000000000000e+04 7.457166084624364366e+00
3.800200000000000000e+04 7.371204796687228722e+00
3.802800000000000000e+04 7.368970904278667966e+00
3.805400000000000000e+04 7.365938911936246392e+00
3.808000000000000000e+04 7.364107437623856001e+00
3.901600000000000000e+04 7.282469542141179808e+00
3.904200000000000000e+04 7.279457191227312052e+00
3.906800000000000000e+04 7.277343340969007812e+00
3.909400000000000000e+04 7.275251934477049431e+00
4.000400000000000000e+04 7.196597775958887944e+00
4.003000000000000000e+04 7.194292340658443585e+00
4.005600000000000000e+04 7.191933083312894048e+00
4.008200000000000000e+04 7.189528461705418039e+00
4.101800000000000000e+04 7.111461431978883141e+00
4.104400000000000000e+04 7.108961896236527522e+00
4.107000000000000000e+04 7.106860570551951639e+00
4.109600000000000000e+04 7.104464197110082146e+00
4.200600000000000000e+04 7.031822373490891565e+00
4.203200000000000000e+04 7.029424144839556021e+00
4.205800000000000000e+04 7.027554017965464084e+00
4.208400000000000000e+04 7.025336452738882187e+00
4.302000000000000000e+04 6.951181664164598040e+00
4.304600000000000000e+04 6.949367455985196784e+00
4.307200000000000000e+04 6.947438507955739695e+00
4.309800000000000000e+04 6.945726763916836966e+00
4.400800000000000000e+04 6.874802702992689696e+00
4.403400000000000000e+04 6.872716463013406774e+00
4.406000000000000000e+04 6.870656234547015018e+00
4.408600000000000000e+04 6.868606997026642347e+00
4.502200000000000000e+04 6.802668247270226232e+00
4.504800000000000000e+04 6.800786832532837778e+00
4.507400000000000000e+04 6.799023532919183488e+00
4.601000000000000000e+04 6.733664056218772842e+00
4.603600000000000000e+04 6.731975062852173508e+00
4.606200000000000000e+04 6.729963275837265613e+00
4.608800000000000000e+04 6.728168892061590967e+00
4.702400000000000000e+04 6.662085122844446872e+00
4.705000000000000000e+04 6.660199669968942082e+00
4.707600000000000000e+04 6.658268286849253315e+00
4.801200000000000000e+04 6.594356073676826746e+00
4.803800000000000000e+04 6.592557578265489937e+00
4.806400000000000000e+04 6.590802333961732984e+00
4.809000000000000000e+04 6.589091235034901572e+00
4.900000000000000000e+04 6.532450980068931656e+00
4.902600000000000000e+04 6.530935871836982543e+00
4.905200000000000000e+04 6.529479018914053690e+00
4.907800000000000000e+04 6.528026764661138515e+00
5.001400000000000000e+04 6.469429785567355040e+00
5.004000000000000000e+04 6.467711372212165521e+00
5.006600000000000000e+04 6.465947991803779438e+00
5.009200000000000000e+04 6.464236894480789530e+00
5.100200000000000000e+04 6.411334529020557227e+00
5.102800000000000000e+04 6.409749045269787615e+00
5.105400000000000000e+04 6.408099169860474120e+00
5.108000000000000000e+04 6.406484642552298325e+00
5.201600000000000000e+04 6.349190706801061346e+00
5.204200000000000000e+04 6.347595270784781363e+00
5.206800000000000000e+04 6.346011745801906301e+00
5.209400000000000000e+04 6.344391355179007874e+00
5.300400000000000000e+04 6.296521201211405128e+00
5.303000000000000000e+04 6.295087272980968152e+00
5.305600000000000000e+04 6.293582461447042142e+00
5.308200000000000000e+04 6.292018711160960009e+00
5.401800000000000000e+04 6.242513536647583905e+00
5.404400000000000000e+04 6.241040203174201828e+00
5.407000000000000000e+04 6.239572869315233916e+00
5.409600000000000000e+04 6.238168066624520058e+00
5.500600000000000000e+04 6.190009157794521322e+00
5.503200000000000000e+04 6.188732394261337255e+00
5.505800000000000000e+04 6.187448705303232543e+00
5.508400000000000000e+04 6.186131070684719013e+00
5.602000000000000000e+04 6.138013457537581097e+00
5.604600000000000000e+04 6.136661530769280226e+00
5.607200000000000000e+04 6.135307828451178835e+00
5.609800000000000000e+04 6.134011398502741130e+00
5.700800000000000000e+04 6.088207230340954013e+00
5.703400000000000000e+04 6.087070924821802009e+00
5.706000000000000000e+04 6.085849712347792817e+00
5.708600000000000000e+04 6.084605261622965777e+00
5.802200000000000000e+04 6.037639812597408451e+00
5.804800000000000000e+04 6.036311368025341295e+00
5.807400000000000000e+04 6.034940692598556922e+00
5.901000000000000000e+04 5.990701196005511875e+00
5.903600000000000000e+04 5.989489340687706331e+00
5.906200000000000000e+04 5.988213431688262034e+00
5.908800000000000000e+04 5.986884220136733603e+00
6.002400000000000000e+04 5.943321038434213222e+00
6.005000000000000000e+04 5.942323272600532391e+00
6.007600000000000000e+04 5.941297182032791113e+00
6.101200000000000000e+04 5.896869385978195766e+00
6.103800000000000000e+04 5.895651383586403504e+00
6.106400000000000000e+04 5.894435680242413156e+00
6.109000000000000000e+04 5.893235984632043234e+00
6.200000000000000000e+04 5.848885461052161006e+00
6.202600000000000000e+04 5.847731344225225669e+00
6.205200000000000000e+04 5.846526389919268318e+00
6.207800000000000000e+04 5.845279078387767058e+00
6.301400000000000000e+04 5.802382856464959104e+00
6.304000000000000000e+04 5.801166180823587482e+00
6.306600000000000000e+04 5.799973350950720530e+00
6.309200000000000000e+04 5.798858321204436450e+00
6.400200000000000000e+04 5.758757082602796729e+00
6.402800000000000000e+04 5.757691028373260522e+00
6.405400000000000000e+04 5.756573689046925679e+00
6.408000000000000000e+04 5.755595898630382123e+00
6.501600000000000000e+04 5.716464781212819979e+00
6.504200000000000000e+04 5.715358821907491560e+00
6.506800000000000000e+04 5.714248901209971088e+00
6.509400000000000000e+04 5.713193425716803553e+00
6.600400000000000000e+04 5.676831597162898646e+00
6.603000000000000000e+04 5.675932582975905305e+00
6.605600000000000000e+04 5.674990546547799219e+00
6.608200000000000000e+04 5.674042153047396120e+00
6.701800000000000000e+04 5.637638518808239851e+00
6.704400000000000000e+04 5.636727191734532738e+00
6.707000000000000000e+04 5.635753808900236805e+00
6.709600000000000000e+04 5.634775838090046562e+00
6.800600000000000000e+04 5.599550754956587717e+00
6.803200000000000000e+04 5.598511944707810883e+00
6.805800000000000000e+04 5.597485954411103748e+00
6.808400000000000000e+04 5.596576105643812582e+00
6.902000000000000000e+04 5.560299389566695893e+00
6.904600000000000000e+04 5.559377208204530518e+00
6.907200000000000000e+04 5.558426879687793587e+00
6.909800000000000000e+04 5.557426503521524452e+00
7.000800000000000000e+04 5.521375563670115838e+00
7.003400000000000000e+04 5.520378054225784759e+00
7.006000000000000000e+04 5.519382971626910717e+00
7.008600000000000000e+04 5.518384226390586456e+00
7.102200000000000000e+04 5.483003056312847789e+00
7.104800000000000000e+04 5.481990517868143620e+00
7.107400000000000000e+04 5.481004403159717597e+00
7.201000000000000000e+04 5.446970194293166756e+00
7.203600000000000000e+04 5.446056850263084392e+00
7.206200000000000000e+04 5.445190181353262382e+00
7.208800000000000000e+04 5.444365728215974087e+00
7.302400000000000000e+04 5.411663934652715113e+00
7.305000000000000000e+04 5.410666554591534450e+00
7.307600000000000000e+04 5.409637981510931226e+00
7.401200000000000000e+04 5.376904453252760341e+00
7.403800000000000000e+04 5.375910043847960118e+00
7.406400000000000000e+04 5.374937695961750528e+00
7.409000000000000000e+04 5.373942421008132797e+00
7.500000000000000000e+04 5.343062473440011395e+00
7.502600000000000000e+04 5.342215888026879078e+00
7.505200000000000000e+04 5.341365163506098135e+00
7.507800000000000000e+04 5.340529355265612566e+00
7.601400000000000000e+04 5.310351176496548753e+00
7.604000000000000000e+04 5.309353360881029715e+00
7.606600000000000000e+04 5.308388045867786786e+00
7.609200000000000000e+04 5.307434859471012345e+00
7.700200000000000000e+04 5.276993857690836620e+00
7.702800000000000000e+04 5.276126373056837515e+00
7.705400000000000000e+04 5.275230684363006795e+00
7.708000000000000000e+04 5.274369960389893919e+00
7.801600000000000000e+04 5.244318814368626569e+00
7.804200000000000000e+04 5.243384711652969266e+00
7.806800000000000000e+04 5.242536255442386661e+00
7.809400000000000000e+04 5.241685556455433215e+00
7.900400000000000000e+04 5.211407208649399436e+00
7.903000000000000000e+04 5.210435128417596040e+00
7.905600000000000000e+04 5.209458376476288954e+00
7.908200000000000000e+04 5.208503398564603870e+00
8.001800000000000000e+04 5.179682465775690581e+00
8.004400000000000000e+04 5.179003538251291339e+00
8.007000000000000000e+04 5.178296837424026577e+00
8.009600000000000000e+04 5.177637470950543275e+00
8.100600000000000000e+04 5.150569341765005582e+00
8.103200000000000000e+04 5.149721530673579295e+00
8.105800000000000000e+04 5.148878769537379441e+00
8.108400000000000000e+04 5.148088885102696466e+00
8.202000000000000000e+04 5.118688174740036345e+00
8.204600000000000000e+04 5.117841738200194612e+00
8.207200000000000000e+04 5.116980146072140911e+00
8.209800000000000000e+04 5.116106011510545670e+00
8.300800000000000000e+04 5.088819023343580383e+00
8.303400000000000000e+04 5.088036808909771835e+00
8.306000000000000000e+04 5.087301459414038440e+00
8.308600000000000000e+04 5.086566184516613909e+00
8.402200000000000000e+04 5.059200675255090651e+00
8.404800000000000000e+04 5.058535597522528349e+00
8.407400000000000000e+04 5.057920206195353430e+00
8.501000000000000000e+04 5.031491597363372037e+00
8.503600000000000000e+04 5.030679859649417551e+00
8.506200000000000000e+04 5.029895049517192795e+00
8.508800000000000000e+04 5.029161691495072084e+00
8.602400000000000000e+04 5.003941816398140396e+00
8.605000000000000000e+04 5.003204815770917691e+00
8.607600000000000000e+04 5.002443080948506093e+00
8.701200000000000000e+04 4.977043696462839506e+00
8.703800000000000000e+04 4.976284485550880987e+00
8.706400000000000000e+04 4.975503332472792195e+00
8.709000000000000000e+04 4.974704131129430884e+00
8.800000000000000000e+04 4.950757016558944734e+00
8.802600000000000000e+04 4.950025101987408860e+00
8.805200000000000000e+04 4.949268462431197335e+00
8.807800000000000000e+04 4.948491423875886142e+00
8.901400000000000000e+04 4.922948607158836865e+00
8.904000000000000000e+04 4.922321398661426706e+00
8.906600000000000000e+04 4.921701088996584872e+00
8.909200000000000000e+04 4.921099798023554683e+00
9.000200000000000000e+04 4.897187729974829651e+00
9.002800000000000000e+04 4.896536603864455550e+00
9.005400000000000000e+04 4.895856495271519115e+00
9.008000000000000000e+04 4.895152026871260276e+00
9.101600000000000000e+04 4.870648726469978484e+00
9.104200000000000000e+04 4.869984918041254218e+00
9.106800000000000000e+04 4.869298996479896502e+00
9.109400000000000000e+04 4.868625507631676896e+00
9.200400000000000000e+04 4.846738499429362967e+00
9.203000000000000000e+04 4.846057795218797537e+00
9.205600000000000000e+04 4.845351517805946528e+00
9.208200000000000000e+04 4.844647936306371250e+00
9.301800000000000000e+04 4.821161418907911944e+00
9.304400000000000000e+04 4.820494666033706466e+00
9.307000000000000000e+04 4.819893075752176514e+00
9.309600000000000000e+04 4.819258365576672531e+00
9.400600000000000000e+04 4.796161185400090510e+00
9.403200000000000000e+04 4.795505837145334738e+00
9.405800000000000000e+04 4.794867129479270851e+00
9.408400000000000000e+04 4.794227432821596580e+00
9.502000000000000000e+04 4.772900028253228122e+00
9.504600000000000000e+04 4.772328986479552171e+00
9.507200000000000000e+04 4.771725449647407302e+00
9.509800000000000000e+04 4.771094551853729548e+00
9.600800000000000000e+04 4.748836912068522764e+00
9.603400000000000000e+04 4.748192013416560719e+00
9.606000000000000000e+04 4.747557856330482551e+00
9.608600000000000000e+04 4.746937615991508430e+00
9.702200000000000000e+04 4.724805711902742900e+00
9.704800000000000000e+04 4.724186666010272262e+00
9.707400000000000000e+04 4.723544450364588698e+00
9.801000000000000000e+04 4.701771582777436898e+00
9.803600000000000000e+04 4.701183738185338967e+00
9.806200000000000000e+04 4.700600147378874993e+00
9.808800000000000000e+04 4.699991845148780101e+00
9.902400000000000000e+04 4.678565879954351914e+00
9.905000000000000000e+04 4.677966218959859646e+00
9.907600000000000000e+04 4.677366707460373974e+00
