10000 175.20860363
20000 127.855952642
30000 105.713367087
40000 92.7467772538
50000 83.5207850005
60000 76.8354800561
70000 71.4982454157
80000 67.3659514791
90000 63.8199908433
100000 60.7832195899
110000 58.1988847621
120000 55.9319833107
130000 53.8823082734
140000 52.1051515505
150000 50.4669443161
160000 49.0055151966
170000 47.676025775
180000 46.4354649865
190000 45.3171251622
200000 44.2513480935
210000 43.2836885234
220000 42.3847560733
230000 41.5104482439
240000 40.711518748
250000 39.9370789615
260000 39.2399587072
270000 38.5650278642
280000 37.9208182396
290000 37.3274806294
300000 36.7721606405
310000 36.2244551396
320000 35.699558753
330000 35.1945459711
340000 34.7211118975
350000 34.2608286438
360000 33.8330554305
370000 33.4261931618
380000 33.0244881177
390000 32.6375830839
400000 32.2705968589
410000 31.9078043403
420000 31.5587016844
430000 31.2241958676
440000 30.9116984921
450000 30.595316978
460000 30.2859375611
470000 29.9877134027
480000 29.6936772339
490000 29.4090461419
500000 29.1403932037
510000 28.8838863864
520000 28.6288029846
530000 28.3781123519
540000 28.1432804732
550000 27.9071708972
560000 27.6851156649
570000 27.4614940535
580000 27.2489074735
590000 27.0338616263
600000 26.8264836578
610000 26.6274968561
620000 26.4322666176
630000 26.2460860921
640000 26.0499344532
650000 25.8611123482
660000 25.674312214
670000 25.4976803094
680000 25.3216742977
690000 25.144802705
700000 24.9751153538
710000 24.8082451454
720000 24.6473966675
730000 24.4894916136
740000 24.3365003744
750000 24.1854803597
760000 24.0374153818
770000 23.8936980819
780000 23.7487357524
790000 23.6084438455
800000 23.4678261386
810000 23.3322353533
820000 23.1995268798
830000 23.0685694052
840000 22.9373927097
850000 22.8120076525
860000 22.6859547708
870000 22.5656783438
880000 22.4453880823
890000 22.3233345226
900000 22.207606978
910000 22.0945655467
920000 21.9808336947
930000 21.8690426912
940000 21.7590727241
950000 21.652031203
960000 21.5467101985
970000 21.4432284839
980000 21.340598716
990000 21.2388044465
1000000 21.1378615194
1010000 21.0393304506
1020000 20.9401478776
1030000 20.8453829429
1040000 20.750700364
1050000 20.6564875558
1060000 20.5630059401
1070000 20.4722287883
1080000 20.3824698267
1090000 20.2936249006
1100000 20.2045972534
1110000 20.1192753108
1120000 20.0346356292
1130000 19.9505595433
1140000 19.8672342901
1150000 19.7860575684
1160000 19.7049561214
1170000 19.6230913581
1180000 19.5434616382
1190000 19.4678394346
1200000 19.3911585275
1210000 19.3149295396
1220000 19.2387440906
1230000 19.1640793328
1240000 19.0906140426
1250000 19.0168779084
1260000 18.9465475881
1270000 18.876640344
1280000 18.8076790406
1290000 18.7379104532
1300000 18.6693878604
1310000 18.6008011984
1320000 18.5315564247
1330000 18.4660827668
1340000 18.4005402665
1350000 18.3358955391
1360000 18.2732148735
1370000 18.2093087565
1380000 18.1476578793
1390000 18.0858771162
1400000 18.0234506937
1410000 17.9631987183
1420000 17.9055829722
1430000 17.8459743947
1440000 17.7859493793
1450000 17.7274537805
1460000 17.6698924175
1470000 17.6130415757
1480000 17.5569655122
1490000 17.5001765336
1500000 17.4461317891
1510000 17.3905826551
1520000 17.3360249239
1530000 17.2813730038
1540000 17.2294613642
1550000 17.1763831501
1560000 17.1236589654
1570000 17.0723563882
1580000 17.020996631
1590000 16.9702138231
1600000 16.9194460833
1610000 16.8704980565
1620000 16.8208027762
1630000 16.771800537
1640000 16.7231640093
1650000 16.6760493484
1660000 16.6284938455
1670000 16.58077917
1680000 16.5341319876
1690000 16.4881748996
1700000 16.4420418973
1710000 16.3959060122
1720000 16.3510615382
1730000 16.3071481727
1740000 16.2623030593
1750000 16.2177872737
1760000 16.174334871
1770000 16.131478584
1780000 16.0888366732
1790000 16.0464061454
1800000 16.0046614326
1810000 15.9628785212
1820000 15.9216077146
1830000 15.8799853879
1840000 15.8386123124
1850000 15.7977553152
1860000 15.7566055218
1870000 15.7162183657
1880000 15.6759660244
1890000 15.6374109098
1900000 15.5981823054
1910000 15.5595575518
1920000 15.5211230755
1930000 15.4829089575
1940000 15.4453328362
1950000 15.4078256906
1960000 15.3706613363
1970000 15.3346374168
1980000 15.297764539
1990000 15.2613324762
2000000 15.2253485601
2010000 15.1895792612
2020000 15.1528550663
2030000 15.1178375319
2040000 15.0825625487
2050000 15.0477797639
2060000 15.0128803809
2070000 14.9789920802
2080000 14.9452564405
2090000 14.9114376039
2100000 14.8785317696
2110000 14.8456700025
2120000 14.8118410685
2130000 14.7786702623
2140000 14.7459965612
2150000 14.7134910857
2160000 14.6815757963
2170000 14.6493818638
2180000 14.6176543046
2190000 14.5859088044
2200000 14.5549109259
2210000 14.5235262657
2220000 14.4927068091
2230000 14.4620482603
2240000 14.4311452309
2250000 14.4017822749
2260000 14.3714265919
2270000 14.3411767706
2280000 14.3113922213
2290000 14.28174538
2300000 14.2521101487
2310000 14.2234625764
2320000 14.1944878122
2330000 14.1656032843
2340000 14.1368995477
2350000 14.1084311348
2360000 14.0797803523
2370000 14.0522368823
2380000 14.0238526465
2390000 13.9959345333
2400000 13.968277217
2410000 13.940662
2420000 13.9133355445
2430000 13.8863341835
2440000 13.8597321022
2450000 13.8327576853
2460000 13.8063553997
2470000 13.7795762131
2480000 13.7530754285
2490000 13.7265939509
2500000 13.7000731294
2510000 13.6741311422
2520000 13.648157504
2530000 13.6226453064
2540000 13.59729644
2550000 13.5715085065
2560000 13.5470332606
2570000 13.5218777989
2580000 13.4970104215
2590000 13.4721566801
2600000 13.4476389908
2610000 13.423581216
2620000 13.3996011488
2630000 13.3757412475
2640000 13.3517969551
2650000 13.3279010861
2660000 13.3045728371
2670000 13.2808387387
2680000 13.2574627079
2690000 13.2338470011
2700000 13.2105661162
2710000 13.1875801273
2720000 13.1650469976
2730000 13.1421824897
2740000 13.1196501846
2750000 13.0965645392
2760000 13.0744963272
2770000 13.0522825485
2780000 13.0296854927
2790000 13.0074984595
2800000 12.9859979899
2810000 12.9637071365
2820000 12.9422117908
2830000 12.9206196539
2840000 12.8993897832
2850000 12.8777496605
2860000 12.8558740047
2870000 12.8346851597
2880000 12.8134008301
2890000 12.7922779842
2900000 12.7715132311
2910000 12.7506933635
2920000 12.7298324995
2930000 12.7093596033
2940000 12.6884229771
2950000 12.6681273757
2960000 12.6473193616
2970000 12.6272083052
2980000 12.6067722296
2990000 12.5867548883
3000000 12.5665294938
3010000 12.5469219368
3020000 12.5274109343
3030000 12.5080456275
3040000 12.4883049818
3050000 12.469045066
3060000 12.4492093199
3070000 12.4300807061
3080000 12.410761365
3090000 12.3913890345
3100000 12.3722590107
3110000 12.3534016429
3120000 12.3343930647
3130000 12.3157444986
3140000 12.2971320485
3150000 12.278253531
3160000 12.2598651576
3170000 12.2417693579
3180000 12.2233079429
3190000 12.2050832018
3200000 12.1870035323
3210000 12.1690147478
3220000 12.1511968066
3230000 12.1332937958
3240000 12.1157910513
3250000 12.0980356168
3260000 12.0803205519
3270000 12.0626744931
3280000 12.0451202812
3290000 12.0273691506
3300000 12.0100015075
3310000 11.9925313076
3320000 11.9752784717
3330000 11.9580947119
3340000 11.9407623065
3350000 11.9238025058
3360000 11.907032115
3370000 11.8902168556
3380000 11.8736381417
3390000 11.8571692542
3400000 11.8404286097
3410000 11.8238209583
3420000 11.807097319
3430000 11.7910918628
3440000 11.7748003231
3450000 11.7586889851
3460000 11.7421950866
3470000 11.7264173701
3480000 11.7102055663
3490000 11.6943611732
3500000 11.678410936
3510000 11.6629348281
3520000 11.6468660713
3530000 11.6313281285
3540000 11.616009547
3550000 11.6003423237
3560000 11.5846400634
3570000 11.5690470127
3580000 11.5537269125
3590000 11.5380848162
3600000 11.5226368405
3610000 11.5071700281
3620000 11.492282047
3630000 11.4769472378
3640000 11.4619068883
3650000 11.4469146161
3660000 11.4318134097
3670000 11.4169036968
3680000 11.4023327133
3690000 11.3875496572
3700000 11.372814126
3710000 11.3583221396
3720000 11.3437019251
3730000 11.3294519695
3740000 11.3154304783
3750000 11.3012636818
3760000 11.2868493788
3770000 11.272647741
3780000 11.2583945597
3790000 11.2441744463
3800000 11.2299677858
3810000 11.2157565759
3820000 11.2020626776
3830000 11.188063685
3840000 11.1741152934
3850000 11.160367103
3860000 11.1465572978
3870000 11.1327148798
3880000 11.1190401993
3890000 11.1056064415
3900000 11.0919019807
3910000 11.0785109189
3920000 11.0650561567
3930000 11.0520751047
3940000 11.0385558223
3950000 11.0252869295
3960000 11.0120751848
3970000 10.9987257259
3980000 10.9855129735
3990000 10.9724092354
4000000 10.9592910542
4010000 10.9462078033
4020000 10.9331416564
4030000 10.9203297325
4040000 10.907470419
4050000 10.8946378754
4060000 10.8820026219
4070000 10.8692271076
4080000 10.8566666745
4090000 10.8441930111
4100000 10.8317628228
4110000 10.8192038297
4120000 10.8066626494
4130000 10.7941553365
4140000 10.7818273665
4150000 10.7693247236
4160000 10.7570713789
4170000 10.7447201338
4180000 10.7324555086
4190000 10.7201705798
4200000 10.7078004508
4210000 10.6957946796
4220000 10.6837877019
4230000 10.6716265927
4240000 10.659675387
4250000 10.647686819
4260000 10.6357187019
4270000 10.623708805
4280000 10.6118871581
4290000 10.6001925016
4300000 10.5885043546
4310000 10.5770461265
4320000 10.565227546
4330000 10.5536371677
4340000 10.5419577574
4350000 10.5303111991
4360000 10.5187107632
4370000 10.5070730399
4380000 10.495354027
4390000 10.4842271554
4400000 10.4728896855
4410000 10.4617212218
4420000 10.450413881
4430000 10.4391347785
4440000 10.4279255915
4450000 10.4168601487
4460000 10.4058757513
4470000 10.3947630111
4480000 10.3834148341
4490000 10.3725616459
4500000 10.3614917525
4510000 10.3506451689
4520000 10.3398001574
4530000 10.3290345437
4540000 10.3181046486
4550000 10.3072355703
4560000 10.2962237752
4570000 10.2856413625
4580000 10.2747620415
4590000 10.2639865608
4600000 10.2531761685
4610000 10.2424330472
4620000 10.2319249068
4630000 10.2210681112
4640000 10.2107946496
4650000 10.2002610746
4660000 10.1899970573
4670000 10.1795773309
4680000 10.169260474
4690000 10.1588540553
4700000 10.1485441672
4710000 10.1381323854
4720000 10.1277329715
4730000 10.1174615347
4740000 10.1071989275
4750000 10.096943988
4760000 10.0868650781
4770000 10.0770699755
4780000 10.0668884155
4790000 10.0569603435
4800000 10.0469021084
4810000 10.0369979165
4820000 10.0269047917
4830000 10.0171374434
4840000 10.0074146942
4850000 9.99758773002
4860000 9.98788526437
4870000 9.978186469
4880000 9.96850794186
4890000 9.95891124054
4900000 9.94923841566
4910000 9.93993581158
4920000 9.93025252487
4930000 9.92060546218
4940000 9.91106881838
4950000 9.90137995432
4960000 9.89193054361
4970000 9.88240805463
4980000 9.87292810665
4990000 9.86331560904
5000000 9.85410160186
5010000 9.84458911414
5020000 9.83544839298
5030000 9.82615411103
5040000 9.81695893661
5050000 9.80769766344
5060000 9.79825937219
5070000 9.78895968161
5080000 9.77975308691
5090000 9.77065492277
5100000 9.76152835444
5110000 9.75225009436
5120000 9.74308149764
5130000 9.73406237753
5140000 9.72498426469
5150000 9.7159785424
5160000 9.70697654261
5170000 9.69805488337
5180000 9.68916512885
5190000 9.68019158875
5200000 9.67142522081
5210000 9.66252667449
5220000 9.65361943436
5230000 9.64470650796
5240000 9.63592531696
5250000 9.62710774884
5260000 9.61832370665
5270000 9.60955721523
5280000 9.60067079585
5290000 9.59203502746
5300000 9.58337876261
5310000 9.57485345743
5320000 9.56622537428
5330000 9.55778293818
5340000 9.54925322374
5350000 9.5406830327
5360000 9.5321978688
5370000 9.52372903064
5380000 9.515277939
5390000 9.50679660325
5400000 9.49851005245
5410000 9.49012059103
5420000 9.48179010516
5430000 9.4733376418
5440000 9.46500485018
5450000 9.45647370537
5460000 9.44800887748
5470000 9.43983186799
5480000 9.4315694049
5490000 9.42343825551
5500000 9.41528094794
5510000 9.40711964571
5520000 9.3990166962
5530000 9.39083101696
5540000 9.38268231878
5550000 9.3746024595
5560000 9.36645918801
5570000 9.35844551785
5580000 9.35046304192
5590000 9.3423037559
5600000 9.33431447288
5610000 9.32642433287
5620000 9.31838439997
5630000 9.31059324967
5640000 9.30269509014
5650000 9.2950872193
5660000 9.28730067672
5670000 9.27949692744
5680000 9.271741972
5690000 9.26391544758
5700000 9.25617845431
5710000 9.24841967475
5720000 9.2407318089
5730000 9.23308933179
5740000 9.22520049723
5750000 9.21748470286
5760000 9.20964624379
5770000 9.20195963318
5780000 9.19410139477
5790000 9.18662189596
5800000 9.17893571422
5810000 9.17136700151
5820000 9.16376027715
5830000 9.15618089385
5840000 9.14863167863
5850000 9.14115487951
5860000 9.13360206418
5870000 9.12625070794
5880000 9.11879487786
5890000 9.11128074974
5900000 9.10387263918
5910000 9.09663000005
5920000 9.08936257904
5930000 9.08198788253
5940000 9.0748658887
5950000 9.0676639851
5960000 9.06052228098
5970000 9.05329341188
5980000 9.04609796311
5990000 9.038860902
6000000 9.03161178324
6010000 9.02442579268
6020000 9.01711870011
6030000 9.01010362839
6040000 9.00306763145
6050000 8.99598095462
6060000 8.9889164179
6070000 8.98184695187
6080000 8.97484563283
6090000 8.96781249444
6100000 8.96081261655
6110000 8.95388048079
6120000 8.94683810223
6130000 8.93991488067
6140000 8.93289359416
6150000 8.92589102847
6160000 8.9189777383
6170000 8.91203716148
6180000 8.90509952176
6190000 8.89818258599
6200000 8.89122453654
6210000 8.88447956511
6220000 8.8777892791
6230000 8.87099484064
6240000 8.86412105575
6250000 8.85739096441
6260000 8.85062302925
6270000 8.8438477613
6280000 8.83708881977
6290000 8.83032110397
6300000 8.82376100189
6310000 8.81699339933
6320000 8.81027943414
6330000 8.80370284473
6340000 8.79723066341
6350000 8.79058776024
6360000 8.78383468365
6370000 8.7773214189
6380000 8.77073266532
6390000 8.7641565711
6400000 8.75771207941
6410000 8.75111780694
6420000 8.74470773243
6430000 8.73820705928
6440000 8.73178327835
6450000 8.72527888907
6460000 8.71876965207
6470000 8.7121619412
6480000 8.70574155579
6490000 8.69936381066
6500000 8.69293975054
6510000 8.68661273386
6520000 8.68026268399
6530000 8.67385797951
6540000 8.66749784594
6550000 8.66119714051
6560000 8.65487856029
6570000 8.64853018201
6580000 8.64215269162
6590000 8.63580994132
6600000 8.62945583365
6610000 8.62314989295
6620000 8.61695261615
6630000 8.61079788688
6640000 8.6045373408
6650000 8.59837750075
6660000 8.59214923336
6670000 8.58606929763
6680000 8.57982204655
6690000 8.57366610769
6700000 8.56761744661
6710000 8.56149017001
6720000 8.55556700899
6730000 8.54943428498
6740000 8.54345869646
6750000 8.53751755879
6760000 8.53152756401
6770000 8.52545209177
6780000 8.51941774126
6790000 8.51351336951
6800000 8.5075411339
6810000 8.50166249282
6820000 8.49562602195
6830000 8.48976027296
6840000 8.48382430376
6850000 8.47775820883
6860000 8.47187831989
6870000 8.46594327162
6880000 8.45999731941
6890000 8.45414091858
6900000 8.44825701345
6910000 8.44238123093
6920000 8.43663216016
6930000 8.43076201267
6940000 8.42490054618
6950000 8.41907958114
6960000 8.41337951155
6970000 8.40764316478
6980000 8.40182037343
6990000 8.39598500068
7000000 8.39033742369
7010000 8.38453489824
7020000 8.37876847734
7030000 8.37313470632
7040000 8.36735140791
7050000 8.36172182603
7060000 8.35608262998
7070000 8.350380025
7080000 8.34488055985
7090000 8.33927423566
7100000 8.33367186844
7110000 8.32803004743
7120000 8.32234479247
7130000 8.31674484186
7140000 8.31121750668
7150000 8.30570935365
7160000 8.30015589317
7170000 8.29456460169
7180000 8.28905098835
7190000 8.28351254481
7200000 8.2780947638
7210000 8.27263086531
7220000 8.26709818773
7230000 8.26153299045
7240000 8.25605503096
7250000 8.25062100833
7260000 8.2452054831
7270000 8.23983341113
7280000 8.23446528878
7290000 8.22906426002
7300000 8.22370248945
7310000 8.21831345201
7320000 8.21297309944
7330000 8.20756535618
7340000 8.20237256806
7350000 8.19702024918
7360000 8.19173281947
7370000 8.18642387668
7380000 8.18109018593
7390000 8.17576472631
7400000 8.17038211744
7410000 8.16499058628
7420000 8.15976351464
7430000 8.15451231139
7440000 8.14928533856
7450000 8.14397383132
7460000 8.13874362802
7470000 8.13351896763
7480000 8.12827083807
7490000 8.12309435535
7500000 8.1179390773
7510000 8.11275962979
7520000 8.1075749191
7530000 8.10228884548
7540000 8.09734188422
7550000 8.09204071082
7560000 8.08692214279
7570000 8.08182791008
7580000 8.07677426327
7590000 8.07167654525
7600000 8.06663717333
7610000 8.0615810364
7620000 8.05664727112
7630000 8.05164276017
7640000 8.04665271653
7650000 8.04149429805
7660000 8.03652877211
7670000 8.03160747143
7680000 8.02662294761
7690000 8.02156381871
7700000 8.01653014873
7710000 8.01147821628
7720000 8.00636648502
7730000 8.00139623404
7740000 7.9964324918
7750000 7.99148036565
7760000 7.9865858559
7770000 7.98163358388
7780000 7.97670133438
7790000 7.97179550422
7800000 7.9669188428
7810000 7.96206413011
7820000 7.95723291397
7830000 7.95240188518
7840000 7.94750496509
7850000 7.94261627861
7860000 7.93781702571
7870000 7.93301852929
7880000 7.92824975461
7890000 7.92339757534
7900000 7.9185635771
7910000 7.91378275901
7920000 7.90899673889
7930000 7.90426473348
7940000 7.89953512153
7950000 7.8947258117
7960000 7.88984797286
7970000 7.8850590449
7980000 7.88031412179
7990000 7.87565159082
8000000 7.87095360748
8010000 7.86621758718
8020000 7.86151878953
8030000 7.85688371216
8040000 7.85232996136
8050000 7.84761114356
8060000 7.84297466231
8070000 7.83837495463
8080000 7.83370002243
8090000 7.82908839889
8100000 7.82447662403
8110000 7.81987871249
8120000 7.81528366688
8130000 7.81061031655
8140000 7.80596101413
8150000 7.80142993863
8160000 7.79688219053
8170000 7.79239271048
8180000 7.7877742296
8190000 7.78320988003
8200000 7.77859526115
8210000 7.77403664195
8220000 7.76942542007
8230000 7.76486365815
8240000 7.76031769095
8250000 7.75584471902
8260000 7.7513349939
8270000 7.74683459403
8280000 7.74244046497
8290000 7.73793714093
8300000 7.73348130611
8310000 7.72905480534
8320000 7.72454670728
8330000 7.7200219143
8340000 7.71568193079
8350000 7.71121664196
8360000 7.70684663324
8370000 7.70235667415
8380000 7.69805582795
8390000 7.69368885735
8400000 7.68931538324
8410000 7.68498180645
8420000 7.68053677876
8430000 7.6762287938
8440000 7.67195307997
8450000 7.66752598709
8460000 7.66312446419
8470000 7.65877358528
8480000 7.65443350093
8490000 7.65007119388
8500000 7.64574111528
8510000 7.64137797938
8520000 7.63701766452
8530000 7.63279818284
8540000 7.62852020601
8550000 7.62423570021
8560000 7.61993555315
8570000 7.61573396097
8580000 7.61151825084
8590000 7.6072783949
8600000 7.603025444
8610000 7.59879383244
8620000 7.5945382452
8630000 7.5903451164
8640000 7.58610589605
8650000 7.58194967202
8660000 7.57772468736
8670000 7.5734850633
8680000 7.56931818418
8690000 7.56514124839
8700000 7.5609348506
8710000 7.55677952001
8720000 7.55252528652
8730000 7.54832694443
8740000 7.54425319916
8750000 7.54006333525
8760000 7.53595117685
8770000 7.53182390628
8780000 7.52769236492
8790000 7.52359575389
8800000 7.5194393335
8810000 7.51531557574
8820000 7.51131065718
8830000 7.5073322577
8840000 7.50336728378
8850000 7.49932589519
8860000 7.49530993052
8870000 7.49129330324
8880000 7.4872672674
8890000 7.48324502599
8900000 7.47912429295
8910000 7.47512868943
8920000 7.47112884717
8930000 7.46712598969
8940000 7.46310617435
8950000 7.45911098128
8960000 7.45507484985
8970000 7.45106683184
8980000 7.44705224029
8990000 7.44299984606
9000000 7.43905750106
9010000 7.43516158634
9020000 7.43115989015
9030000 7.42724668739
9040000 7.42331945391
9050000 7.41935660521
9060000 7.41548269983
9070000 7.41156785823
9080000 7.40760922159
9090000 7.40370196933
9100000 7.39978802249
9110000 7.39591750479
9120000 7.39204349858
9130000 7.38820978702
9140000 7.38436748754
9150000 7.38049944951
9160000 7.3766056718
9170000 7.37279673589
9180000 7.3689621835
9190000 7.36519555896
9200000 7.36129411988
9210000 7.35746747925
9220000 7.35358723838
9230000 7.34973033308
9240000 7.34592475532
9250000 7.34217550199
9260000 7.33831500631
9270000 7.33446056762
9280000 7.33069065532
9290000 7.32690902684
9300000 7.32308000021
9310000 7.31938208059
9320000 7.31564832844
9330000 7.31190831406
9340000 7.30808410333
9350000 7.30439397356
9360000 7.30062102802
9370000 7.29687946076
9380000 7.2931078365
9390000 7.28936342834
9400000 7.2856640227
9410000 7.28194813683
9420000 7.27831435605
9430000 7.27458583288
9440000 7.27082759924
9450000 7.26709244006
9460000 7.26339393097
9470000 7.25967252605
9480000 7.25599276476
9490000 7.2523038091
9500000 7.24867426224
9510000 7.24495237028
9520000 7.24126498594
9530000 7.23764255677
9540000 7.23400054606
9550000 7.23031501835
9560000 7.22673624976
9570000 7.22311918857
9580000 7.2195590729
9590000 7.21601704771
9600000 7.21251916306
9610000 7.20893413506
9620000 7.20541423038
9630000 7.20183122337
9640000 7.19821419157
9650000 7.19466953453
9660000 7.19107418988
9670000 7.18747497532
9680000 7.18391317225
9690000 7.1803470374
9700000 7.17672654671
9710000 7.17316562018
9720000 7.16969875523
9730000 7.16616436104
9740000 7.16266174485
9750000 7.15916238855
9760000 7.15566628591
9770000 7.15214618925
9780000 7.14855463079
9790000 7.14501533117
9800000 7.14146857746
9810000 7.13797235519
9820000 7.13458344202
9830000 7.13110342458
9840000 7.12761662186
9850000 7.1241604936
9860000 7.12069945821
9870000 7.11731003097
9880000 7.11384686612
9890000 7.11034862584
9900000 7.1068902484
9910000 7.10344748396
9920000 7.10001730555
9930000 7.09656165624
9940000 7.0931498017
9950000 7.08974374864
9960000 7.08638978712
9970000 7.0829309638
9980000 7.07957578035
9990000 7.07619888868
10000000 7.07282525682
10010000 7.06948823689
10020000 7.06611902942
10030000 7.06276638453
10040000 7.05934069017
10050000 7.05599267473
10060000 7.0525452144
10070000 7.049131651
10080000 7.0457295376
10090000 7.04227418664
10100000 7.03886128756
10110000 7.03557078244
10120000 7.03215931416
10130000 7.02881771527
10140000 7.02550008145
10150000 7.02223756467
10160000 7.01887542133
10170000 7.01554032616
10180000 7.01222507419
10190000 7.00892615249
10200000 7.0056046605
10210000 7.00238686827
10220000 6.99917804577
10230000 6.99588094281
10240000 6.99259755938
10250000 6.98940450361
10260000 6.98615136989
10270000 6.98285289289
10280000 6.97963666646
10290000 6.97637866934
10300000 6.97314746066
10310000 6.96988898128
10320000 6.96660918424
10330000 6.96338063604
10340000 6.96014406155
10350000 6.95700701769
10360000 6.95378531682
10370000 6.9506010069
10380000 6.94744770751
10390000 6.94425075302
10400000 6.94104307225
10410000 6.93779926111
10420000 6.93457516579
10430000 6.93135690679
10440000 6.92818140277
10450000 6.92495720443
10460000 6.92178870144
10470000 6.91857264338
10480000 6.91535055823
10490000 6.91219455013
10500000 6.90902114759
10510000 6.90586184244
10520000 6.9027525026
10530000 6.89963879864
10540000 6.89654808315
10550000 6.8934068573
10560000 6.89033417023
10570000 6.88725372871
10580000 6.88413908227
10590000 6.88104214507
10600000 6.87792059606
10610000 6.87484447764
10620000 6.87173148457
10630000 6.86867355423
10640000 6.86568221095
10650000 6.86254771237
10660000 6.85948944979
10670000 6.85642584213
10680000 6.8534447698
10690000 6.85033972681
10700000 6.84729363322
10710000 6.84421068441
10720000 6.84117934594
10730000 6.83814630509
10740000 6.83511840879
10750000 6.83205250878
10760000 6.82901710624
10770000 6.82597164254
10780000 6.82293050523
10790000 6.81992655395
10800000 6.81690559831
10810000 6.81387438421
10820000 6.81094403365
10830000 6.80799869027
10840000 6.80500488742
10850000 6.80198287963
10860000 6.79902874367
10870000 6.79603110532
10880000 6.79304624418
10890000 6.7900488969
10900000 6.78705092434
10910000 6.78408120469
10920000 6.78114872237
10930000 6.77818727797
10940000 6.77520518999
10950000 6.77218269434
10960000 6.76924387982
10970000 6.76623021913
10980000 6.76333621001
10990000 6.76045749773
11000000 6.75750841433
11010000 6.75458241463
11020000 6.75167026231
11030000 6.7487078298
11040000 6.74580125632
11050000 6.74288099013
11060000 6.74002517732
11070000 6.73709693039
11080000 6.73411862932
11090000 6.73117582096
11100000 6.72834964122
11110000 6.72543149057
11120000 6.72250811093
11130000 6.71961791613
11140000 6.7167285047
11150000 6.71388726089
11160000 6.71097842186
11170000 6.7081034133
11180000 6.70522216866
11190000 6.70235446594
11200000 6.69949365307
11210000 6.69665385511
11220000 6.69379908103
11230000 6.69092643535
11240000 6.6880594907
11250000 6.6852248708
11260000 6.6823819956
11270000 6.67957725197
11280000 6.67675513175
11290000 6.67395848604
11300000 6.67112009768
11310000 6.66829358986
11320000 6.66545705755
11330000 6.66265282785
11340000 6.65977559605
11350000 6.65695065592
11360000 6.65417282197
11370000 6.65131233362
11380000 6.64851180499
11390000 6.64572607691
11400000 6.64291349114
11410000 6.64013009859
11420000 6.63738645637
11430000 6.63466910741
11440000 6.63189133433
11450000 6.62911728477
11460000 6.62632631616
11470000 6.62355426219
11480000 6.62076936333
11490000 6.61801421367
11500000 6.61522670798
11510000 6.61245900412
11520000 6.60968094203
11530000 6.60692261601
11540000 6.60417888507
11550000 6.60143818699
11560000 6.59866542736
11570000 6.59593566199
11580000 6.59318478231
11590000 6.59045676493
11600000 6.58765693954
11610000 6.58497018084
11620000 6.58229793757
11630000 6.57954995403
11640000 6.57686472737
11650000 6.57414660846
11660000 6.57142536763
11670000 6.56871881311
11680000 6.56613197496
11690000 6.5634364661
11700000 6.56070213261
11710000 6.557995081
11720000 6.55529932806
11730000 6.5526065652
11740000 6.54995208956
11750000 6.54730992661
11760000 6.54467941083
11770000 6.54200156145
11780000 6.53937558615
11790000 6.53674791608
11800000 6.5340700808
11810000 6.53141658579
11820000 6.52875227647
11830000 6.52609308056
11840000 6.52347918868
11850000 6.52082523189
11860000 6.51816130828
11870000 6.51552323632
11880000 6.51293082357
11890000 6.51024375488
11900000 6.50756506977
11910000 6.50491920564
11920000 6.50230377187
11930000 6.49968728834
11940000 6.49704849645
11950000 6.49440143591
11960000 6.4917974805
11970000 6.48920689892
11980000 6.48661181777
11990000 6.48402182672
12000000 6.48142675856
12010000 6.47884287141
12020000 6.47627912439
12030000 6.47364507702
12040000 6.47111351955
12050000 6.46855254428
12060000 6.46600466856
12070000 6.46341259282
12080000 6.46082611889
12090000 6.45822872818
12100000 6.45564936173
12110000 6.45306333981
12120000 6.45053324835
12130000 6.44797060522
12140000 6.44542196622
12150000 6.44281431243
12160000 6.44033459199
12170000 6.43778762353
12180000 6.43522894714
12190000 6.43265277489
12200000 6.43008674042
12210000 6.42753797351
12220000 6.4250294849
12230000 6.42250990344
12240000 6.41997614606
12250000 6.41744635236
12260000 6.41494686039
12270000 6.41239785091
12280000 6.40988727759
12290000 6.40739696241
12300000 6.40492045603
12310000 6.40245265782
12320000 6.3999665208
12330000 6.39739937814
12340000 6.39488381697
12350000 6.39234116661
12360000 6.38989362495
12370000 6.3874064793
12380000 6.3850045769
12390000 6.38254511681
12400000 6.38005541814
12410000 6.37757843872
12420000 6.37510317971
12430000 6.37263221574
12440000 6.37020296738
12450000 6.36772107273
12460000 6.36526296112
12470000 6.36279165808
12480000 6.36037952587
12490000 6.35789554967
12500000 6.35545851655
12510000 6.3530446067
12520000 6.35058296488
12530000 6.34819584095
12540000 6.34581440723
12550000 6.34337376744
12560000 6.34095299814
12570000 6.33853225873
12580000 6.33608079911
12590000 6.33365502157
12600000 6.33120096047
12610000 6.32882949346
12620000 6.32641376238
12630000 6.32402900004
12640000 6.32160168358
12650000 6.31918395953
12660000 6.31676276071
12670000 6.31435924191
12680000 6.31199112983
12690000 6.3096237438
12700000 6.30719847723
12710000 6.30481927995
12720000 6.30242973839
12730000 6.30004157538
12740000 6.29759566616
12750000 6.29525179227
12760000 6.29287431527
12770000 6.2905067967
12780000 6.28816185523
12790000 6.28580237711
12800000 6.28343696258
12810000 6.28107930406
12820000 6.2787158399
12830000 6.27636527678
12840000 6.27400687294
12850000 6.27166179119
12860000 6.26927706253
12870000 6.26691073848
12880000 6.26455534551
12890000 6.26224150319
12900000 6.25991090838
12910000 6.25760947763
12920000 6.25525211553
12930000 6.25295967812
12940000 6.25059823941
12950000 6.2482811004
12960000 6.24593497339
12970000 6.24363033088
12980000 6.24137393256
12990000 6.23902831614
13000000 6.23672876358
13010000 6.23439566762
13020000 6.23209051833
13030000 6.22976004163
13040000 6.22746964304
13050000 6.22513748788
13060000 6.22286452701
13070000 6.22059325721
13080000 6.21829479715
13090000 6.21604029923
13100000 6.21377313161
13110000 6.21148217363
13120000 6.20924354347
13130000 6.20698394611
13140000 6.20470387703
13150000 6.2024105601
13160000 6.2001358112
13170000 6.19788445127
13180000 6.19561342035
13190000 6.19332369665
13200000 6.19110175826
13210000 6.18884274559
13220000 6.18655157199
13230000 6.18431049394
13240000 6.18206670618
13250000 6.17980400539
13260000 6.1775446335
13270000 6.17529046763
13280000 6.173045854
13290000 6.17077136087
13300000 6.16851875673
13310000 6.16634163984
13320000 6.16410128564
13330000 6.1618951281
13340000 6.15967346868
13350000 6.15744367403
13360000 6.15522498422
13370000 6.15299080348
13380000 6.15079032943
13390000 6.14853494186
13400000 6.14634297316
13410000 6.14412579383
13420000 6.14195178568
13430000 6.13973042322
13440000 6.13755973382
13450000 6.13533799545
13460000 6.13318736601
13470000 6.13094590246
13480000 6.12876213728
13490000 6.12651640163
13500000 6.12436843443
13510000 6.12222449676
13520000 6.12005448414
13530000 6.11788032499
13540000 6.11571253467
13550000 6.11351683171
13560000 6.11135211032
13570000 6.10918162411
13580000 6.10702037983
13590000 6.10483311346
13600000 6.10268272637
13610000 6.10055645976
13620000 6.09835760674
13630000 6.09622095305
13640000 6.09409442517
13650000 6.09191553459
13660000 6.08977478064
13670000 6.08764722499
13680000 6.08551404526
13690000 6.08340607183
13700000 6.08124336955
13710000 6.07911829752
13720000 6.07697478632
13730000 6.07480376172
13740000 6.07268510477
13750000 6.07055512922
13760000 6.06844397793
13770000 6.06631953479
13780000 6.0641852753
13790000 6.06210661471
13800000 6.05997073035
13810000 6.05780761534
13820000 6.05566715117
13830000 6.05354534467
13840000 6.05141300285
13850000 6.04931000085
13860000 6.04716566749
13870000 6.04509955901
13880000 6.04294736738
13890000 6.0408689662
13900000 6.03878552445
13910000 6.03670215956
13920000 6.03458216838
13930000 6.03246166033
13940000 6.03041302677
13950000 6.0283584028
13960000 6.0262684034
13970000 6.02421841737
13980000 6.02210878125
13990000 6.02008975414
14000000 6.01802870453
14010000 6.01595014463
14020000 6.01388166047
14030000 6.01180354771
14040000 6.00973091433
14050000 6.00767304344
14060000 6.00562123473
14070000 6.00358860095
14080000 6.00152673728
14090000 5.99945549519
14100000 5.99741087805
14110000 5.99534472142
14120000 5.99331964907
14130000 5.99128532797
14140000 5.98926655102
14150000 5.98724372409
14160000 5.9852186343
14170000 5.98316986831
14180000 5.98112659328
14190000 5.97910804365
14200000 5.97709271986
14210000 5.97508148087
14220000 5.97303562561
14230000 5.97099637784
14240000 5.96898509898
14250000 5.96698176985
14260000 5.96495340302
14270000 5.96296734665
14280000 5.9609258727
14290000 5.95891556283
14300000 5.95688255306
14310000 5.95487016208
14320000 5.95286538762
14330000 5.95086172149
14340000 5.94887157228
14350000 5.94687983362
14360000 5.94488188084
14370000 5.94289406899
14380000 5.94084360227
14390000 5.93884482037
14400000 5.93691496988
14410000 5.93494332614
14420000 5.93294635449
14430000 5.93093845276
14440000 5.92898251118
14450000 5.9269853837
14460000 5.92499592816
14470000 5.92301964263
14480000 5.92105360862
14490000 5.91908991582
14500000 5.91713094104
14510000 5.91517930758
14520000 5.91325415299
14530000 5.91128114304
14540000 5.90929648416
14550000 5.90732053666
14560000 5.90535378966
14570000 5.90339291321
14580000 5.90140636153
14590000 5.89946362731
14600000 5.89749635857
14610000 5.89557002857
14620000 5.89360672718
14630000 5.89163676368
14640000 5.88967121292
14650000 5.88769232357
14660000 5.88579208904
14670000 5.88384353218
14680000 5.88190551688
14690000 5.87996140058
14700000 5.87808687336
14710000 5.87613122911
14720000 5.8742380047
14730000 5.87233262413
14740000 5.87041614374
14750000 5.86848443821
14760000 5.86655963052
14770000 5.86461539879
14780000 5.86270635841
14790000 5.86080407686
14800000 5.85890558421
14810000 5.85699046094
14820000 5.85510744192
14830000 5.85324075365
14840000 5.85138111282
14850000 5.84946782241
14860000 5.84756208238
14870000 5.84566158985
14880000 5.84377491599
14890000 5.84188117484
14900000 5.83999356085
14910000 5.8381240625
14920000 5.83623769304
14930000 5.83434525797
14940000 5.83243354249
14950000 5.83053106544
14960000 5.82869442469
14970000 5.82685818081
14980000 5.82500275933
14990000 5.82317266912
15000000 5.82130388584
15010000 5.8194460882
15020000 5.81756907879
15030000 5.81570737102
15040000 5.81385649335
15050000 5.81200233763
15060000 5.81014582928
15070000 5.80830842551
15080000 5.8064245322
15090000 5.80459653604
15100000 5.80274132926
15110000 5.80086893261
15120000 5.79901092401
15130000 5.79716369011
15140000 5.79530780559
15150000 5.79353897114
15160000 5.79170445642
15170000 5.78986453636
15180000 5.78799801953
15190000 5.78619724054
15200000 5.78433704618
15210000 5.78251417615
15220000 5.78066257726
15230000 5.77880153796
15240000 5.77698362116
15250000 5.7751660568
15260000 5.77332072367
15270000 5.77149706036
15280000 5.76967665715
15290000 5.76788113565
15300000 5.76608095422
15310000 5.7642370275
15320000 5.76244821812
15330000 5.76061511252
15340000 5.75880238956
15350000 5.7569855927
15360000 5.75519186259
15370000 5.75340171058
15380000 5.75158932746
15390000 5.74977459614
15400000 5.74797843411
15410000 5.74616726106
15420000 5.74439003528
15430000 5.74260733793
15440000 5.74081761257
15450000 5.73905217384
15460000 5.73727755314
15470000 5.73547946376
15480000 5.73368122505
15490000 5.73191691857
15500000 5.73012979987
15510000 5.72835618199
15520000 5.72655147917
15530000 5.7247371779
15540000 5.72297161134
15550000 5.72116966461
15560000 5.71939694129
15570000 5.71760708513
15580000 5.71587381622
15590000 5.71413264736
15600000 5.71239287574
15610000 5.71058921027
15620000 5.70885259983
15630000 5.7070953658
15640000 5.70535376563
15650000 5.70357932554
15660000 5.70179785445
15670000 5.70004224064
15680000 5.69828346672
15690000 5.69653758163
15700000 5.6947918185
15710000 5.69304383485
15720000 5.69131332056
15730000 5.68957341739
15740000 5.68787157342
15750000 5.68613969737
15760000 5.68442854022
15770000 5.68266761591
15780000 5.68095714866
15790000 5.67921511802
15800000 5.67749992191
15810000 5.67575789725
15820000 5.67406493051
15830000 5.67235709837
15840000 5.67063270087
15850000 5.66890027589
15860000 5.66716445168
15870000 5.66539749625
15880000 5.66368189195
15890000 5.66194430893
15900000 5.6602151774
15910000 5.65849720366
15920000 5.65682667669
15930000 5.65511694229
15940000 5.65339786903
15950000 5.65171488271
15960000 5.65000593263
15970000 5.64830545555
15980000 5.64660737353
15990000 5.6449398568
16000000 5.64323306616
16010000 5.64151833965
16020000 5.63983209615
16030000 5.6381784294
16040000 5.63647475193
16050000 5.63479426425
16060000 5.63309602405
16070000 5.63140533579
16080000 5.62971819006
16090000 5.62802932775
16100000 5.62634439579
16110000 5.62466066493
16120000 5.62295822476
16130000 5.62129452231
16140000 5.619598293
16150000 5.61792629312
16160000 5.61622185784
16170000 5.61453534171
16180000 5.61290629892
16190000 5.61122848129
16200000 5.60954256817
16210000 5.60786457142
16220000 5.60614946952
16230000 5.60450636811
16240000 5.60287400043
16250000 5.60120876223
16260000 5.59951316809
16270000 5.59786081461
16280000 5.59618109885
16290000 5.59451513301
16300000 5.59285560579
16310000 5.59120401724
16320000 5.58955791581
16330000 5.58790849255
16340000 5.58624370635
16350000 5.58463548421
16360000 5.58299767572
16370000 5.58135650703
16380000 5.5796969541
16390000 5.57806333374
16400000 5.57639197705
16410000 5.57475326161
16420000 5.57312474535
16430000 5.57149665159
16440000 5.56986619759
16450000 5.56823522352
16460000 5.56658894118
16470000 5.56496183724
16480000 5.56333735133
16490000 5.56171388994
16500000 5.5600945122
16510000 5.55847916322
16520000 5.55684788793
16530000 5.55519064539
16540000 5.55355902124
16550000 5.55195096199
16560000 5.55033567753
16570000 5.54870530797
16580000 5.54707141322
16590000 5.54546566652
16600000 5.54388595104
16610000 5.54227292871
16620000 5.54067623269
16630000 5.5390554252
16640000 5.53743261458
16650000 5.53584643825
16660000 5.53424426112
16670000 5.53262259303
16680000 5.53101863292
16690000 5.52942745453
16700000 5.52784722485
16710000 5.52623314837
16720000 5.52466462036
16730000 5.52306542364
16740000 5.52150171727
16750000 5.5198930084
16760000 5.51829881682
16770000 5.51673480612
16780000 5.5151630633
16790000 5.51356625599
16800000 5.51199462309
16810000 5.51043724254
16820000 5.5088750618
16830000 5.50728192986
16840000 5.50571469284
16850000 5.50413522427
16860000 5.50256439492
16870000 5.50097483509
16880000 5.49940080604
16890000 5.49783092466
16900000 5.4962791354
16910000 5.49470432136
16920000 5.4931447079
16930000 5.4915817235
16940000 5.48999596201
16950000 5.48844213884
16960000 5.48689688279
16970000 5.48532106708
16980000 5.4837623545
16990000 5.48219910675
17000000 5.48065921217
17010000 5.47910124182
17020000 5.47754235213
17030000 5.47598115695
17040000 5.47443373664
17050000 5.47287587995
17060000 5.47139244467
17070000 5.46982871459
17080000 5.46828584813
17090000 5.46674259213
17100000 5.46522005367
17110000 5.46367844826
17120000 5.46213070716
17130000 5.4606075227
17140000 5.45905522144
17150000 5.45754115504
17160000 5.45598504221
17170000 5.45447349474
17180000 5.45295904292
17190000 5.45142705011
17200000 5.44988120979
17210000 5.44834275093
17220000 5.44680075258
17230000 5.44527074654
17240000 5.4437584022
17250000 5.4422302102
17260000 5.44066412598
17270000 5.43915000593
17280000 5.43763781218
17290000 5.43614910663
17300000 5.43463713501
17310000 5.43315177518
17320000 5.43164435318
17330000 5.43011851177
17340000 5.42859259989
17350000 5.42710281395
17360000 5.42557541825
17370000 5.42406489127
17380000 5.42250608054
17390000 5.42104224949
17400000 5.41952405359
17410000 5.41801985026
17420000 5.41650320494
17430000 5.41502764836
17440000 5.41354006426
17450000 5.41205297148
17460000 5.41056100189
17470000 5.40906841498
17480000 5.40755433752
17490000 5.40602593734
17500000 5.4045514526
17510000 5.40305895757
17520000 5.40157471657
17530000 5.40008144455
17540000 5.39859223469
17550000 5.39711639029
17560000 5.39561890707
17570000 5.3941457899
17580000 5.39262279172
17590000 5.39117631046
17600000 5.38966163097
17610000 5.38818544053
17620000 5.38669297608
17630000 5.3852598433
17640000 5.38375567331
17650000 5.38230187762
17660000 5.3808400176
17670000 5.37934920503
17680000 5.37785890905
17690000 5.37640932666
17700000 5.37498396012
17710000 5.37350361698
17720000 5.3720149669
17730000 5.37057587635
17740000 5.36909889931
17750000 5.36762988219
17760000 5.36616405167
17770000 5.36469476639
17780000 5.36325409865
17790000 5.36178741783
17800000 5.36033663026
17810000 5.35886499584
17820000 5.35741706996
17830000 5.35597461686
17840000 5.35452921323
17850000 5.35308048846
17860000 5.35165503454
17870000 5.35017033578
17880000 5.34873358284
17890000 5.34729650447
17900000 5.3458548285
17910000 5.34441649672
17920000 5.34296474747
17930000 5.34153814864
17940000 5.34012419304
17950000 5.33869165758
17960000 5.33725403006
17970000 5.33579141846
17980000 5.33436317682
17990000 5.33295121131
18000000 5.33150590192
18010000 5.33009987307
18020000 5.3287075368
18030000 5.32728242018
18040000 5.32585778499
18050000 5.3244149693
18060000 5.32297550408
18070000 5.32155355429
18080000 5.32016728715
18090000 5.31872761104
18100000 5.31732052268
18110000 5.31591266825
18120000 5.31449837364
18130000 5.31309312637
18140000 5.31167631166
18150000 5.31026956819
18160000 5.30887566104
18170000 5.30748518638
18180000 5.3060727867
18190000 5.30467625774
18200000 5.30325574563
18210000 5.30181864448
18220000 5.30040744204
18230000 5.29901936558
18240000 5.29762863602
18250000 5.29622350804
18260000 5.29481642905
18270000 5.29341669282
18280000 5.29204035833
18290000 5.29064916558
18300000 5.28927365483
18310000 5.2879026851
18320000 5.28653606936
18330000 5.28515679231
18340000 5.2837531744
18350000 5.28236808293
18360000 5.28101875167
18370000 5.27963662534
18380000 5.27825079439
18390000 5.27687385418
18400000 5.27548076777
18410000 5.27408793937
18420000 5.27270152479
18430000 5.27131308955
18440000 5.26993071361
18450000 5.26853676582
18460000 5.26714069274
18470000 5.26576223786
18480000 5.26437596465
18490000 5.26299448331
18500000 5.261619328
18510000 5.26022497449
18520000 5.25881575666
18530000 5.25742355629
18540000 5.25604216871
18550000 5.25466836278
18560000 5.25330676402
18570000 5.25191910325
18580000 5.25055337239
18590000 5.24917424041
18600000 5.24777722242
18610000 5.2464239002
18620000 5.24504387535
18630000 5.24369029354
18640000 5.24232662705
18650000 5.24096286342
18660000 5.23959050963
18670000 5.23826839426
18680000 5.23693436741
18690000 5.23559577162
18700000 5.23423549728
18710000 5.23287771442
18720000 5.23154129865
18730000 5.2301889017
18740000 5.22881365958
18750000 5.22750750667
18760000 5.22616376428
18770000 5.22482098625
18780000 5.22347971992
18790000 5.22214463492
18800000 5.22081386257
18810000 5.21948020554
18820000 5.21813205767
18830000 5.21680347898
18840000 5.21544981125
18850000 5.21412944257
18860000 5.2128099198
18870000 5.21145518616
18880000 5.21010888394
18890000 5.20876171878
18900000 5.2074367988
18910000 5.20611888779
18920000 5.20477673359
18930000 5.20341657885
18940000 5.20208114637
18950000 5.20074720122
18960000 5.19940968019
18970000 5.19807938668
18980000 5.19675697801
18990000 5.19544489351
19000000 5.19409614867
19010000 5.19276410572
19020000 5.19144177509
19030000 5.19010714328
19040000 5.18881161595
19050000 5.18749252429
19060000 5.18623426395
19070000 5.18492517925
19080000 5.1835987333
19090000 5.18227135085
19100000 5.18095258053
19110000 5.17964023979
19120000 5.17832786426
19130000 5.17700695396
19140000 5.17571343752
19150000 5.17440684026
19160000 5.17309639866
19170000 5.17181000051
19180000 5.17048806619
19190000 5.16918787423
19200000 5.16789352057
19210000 5.16657826087
19220000 5.16530610558
19230000 5.16400455007
19240000 5.16272877008
19250000 5.16142263631
19260000 5.16014723056
19270000 5.15888069663
19280000 5.15761253489
19290000 5.15633268541
19300000 5.1550189206
19310000 5.15371391565
19320000 5.15243244615
19330000 5.15113151841
19340000 5.14983820525
19350000 5.14852834313
19360000 5.14724480687
19370000 5.14596019552
19380000 5.1446840386
19390000 5.1434146253
19400000 5.14214349112
19410000 5.14087036217
19420000 5.13960368922
19430000 5.13830978052
19440000 5.13703464596
19450000 5.13573740023
19460000 5.13447739905
19470000 5.13320125893
19480000 5.1319132669
19490000 5.13064536343
19500000 5.12932523346
19510000 5.12805048093
19520000 5.12677019492
19530000 5.1254976423
19540000 5.12420104813
19550000 5.12294656104
19560000 5.1216817006
19570000 5.12043178001
19580000 5.11916717457
19590000 5.11791014549
19600000 5.11661609554
19610000 5.11537120211
19620000 5.11410743701
19630000 5.11285566615
19640000 5.11160291337
19650000 5.11032659533
19660000 5.10906738922
19670000 5.10781507277
19680000 5.10654805016
19690000 5.10530738718
19700000 5.10406074988
19710000 5.10283531108
19720000 5.10160419021
19730000 5.10036000718
19740000 5.0991233483
19750000 5.09788481232
19760000 5.0966451954
19770000 5.09540478585
19780000 5.09414985832
19790000 5.09290449965
19800000 5.0916586543
19810000 5.09042044707
19820000 5.08916315327
19830000 5.08791019396
19840000 5.08666516635
19850000 5.08544502955
19860000 5.08420299386
19870000 5.08296519972
19880000 5.08172578517
19890000 5.08050888246
19900000 5.07927347692
19910000 5.07805184496
19920000 5.07681483567
19930000 5.07559246151
19940000 5.07436361844
19950000 5.07312965446
19960000 5.07190007283
19970000 5.07066693462
19980000 5.06942747588
19990000 5.06819547004
20000000 5.0669637289
20010000 5.06573988311
20020000 5.06452888259
20030000 5.06331731481
20040000 5.06209559609
20050000 5.06085526213
20060000 5.05964351104
20070000 5.0584218439
20080000 5.05718975729
20090000 5.055971488
20100000 5.05476524514
20110000 5.05355999886
20120000 5.05233301063
20130000 5.05109913731
20140000 5.04986570445
20150000 5.04865937219
20160000 5.04745278838
20170000 5.0462357846
20180000 5.04503367377
20190000 5.04380528842
20200000 5.04261508178
20210000 5.04142973619
20220000 5.04023035861
20230000 5.03902715559
20240000 5.03781563962
20250000 5.03661230088
20260000 5.03543051145
20270000 5.03423866194
20280000 5.03304658439
20290000 5.03184473972
20300000 5.03065056059
20310000 5.02943607588
20320000 5.02826527777
20330000 5.02707046292
20340000 5.02587686079
20350000 5.02470078538
20360000 5.02350630489
20370000 5.02231167435
20380000 5.02109377508
20390000 5.01989590346
20400000 5.01870535886
20410000 5.0175079695
20420000 5.01631408717
20430000 5.01512273885
20440000 5.01394728881
20450000 5.01276886268
20460000 5.01160970222
20470000 5.01043507701
20480000 5.00923514606
20490000 5.00803248823
20500000 5.00687415163
20510000 5.00567183526
20520000 5.00451061496
20530000 5.00332922637
20540000 5.00215207278
20550000 5.00093895307
20560000 4.99976563149
20570000 4.99857885503
20580000 4.99740360133
20590000 4.99623850192
20600000 4.99505417031
20610000 4.99385748609
20620000 4.99265600205
20630000 4.99146786388
20640000 4.99031436505
20650000 4.98916064542
20660000 4.98800351499
20670000 4.98682567323
20680000 4.98564289259
20690000 4.98449471555
20700000 4.98331465306
20710000 4.98216195496
20720000 4.98098517396
20730000 4.97984049304
20740000 4.97867204316
20750000 4.97750931084
20760000 4.97635473176
20770000 4.97521677236
20780000 4.97405470781
20790000 4.9728986429
20800000 4.97173445087
20810000 4.97056863633
20820000 4.96942711537
20830000 4.96830332065
20840000 4.96715700438
20850000 4.96603029151
20860000 4.96487859126
20870000 4.9637240294
20880000 4.96257746056
20890000 4.96142045032
20900000 4.96027246104
20910000 4.95912814637
20920000 4.95797549424
20930000 4.95682199542
20940000 4.95565687714
20950000 4.95451699763
20960000 4.95335901795
20970000 4.95221661852
20980000 4.95106386021
20990000 4.94993318655
21000000 4.94879229761
21010000 4.94763884591
21020000 4.94650441681
21030000 4.94536091279
21040000 4.94422215113
21050000 4.94308362287
21060000 4.94195518624
21070000 4.94083215573
21080000 4.93968413615
21090000 4.93855006095
21100000 4.93742857902
21110000 4.9362929488
21120000 4.93513188045
21130000 4.93399931052
21140000 4.93288100583
21150000 4.93175353113
21160000 4.93062731497
21170000 4.92950741942
21180000 4.92839162345
21190000 4.92725859389
21200000 4.92612445571
21210000 4.92499257522
21220000 4.92385235466
21230000 4.9227554341
21240000 4.92164225524
21250000 4.92051002562
21260000 4.91938041868
21270000 4.91825695323
21280000 4.91715523386
21290000 4.9160330516
21300000 4.91491944066
21310000 4.91379011008
21320000 4.91268113264
21330000 4.91157693097
21340000 4.91046533509
21350000 4.90935755579
21360000 4.90824773323
21370000 4.90713102641
21380000 4.90602167745
21390000 4.90490580348
21400000 4.90381732768
21410000 4.90270072467
21420000 4.90158164421
21430000 4.9004682234
21440000 4.89937359688
21450000 4.89826286099
21460000 4.89712786317
21470000 4.89600358821
21480000 4.89489073036
21490000 4.89377505373
21500000 4.89265895555
21510000 4.89154404181
21520000 4.89044542958
21530000 4.88933594058
21540000 4.88823340038
21550000 4.88712219131
21560000 4.88600289965
21570000 4.88492353718
21580000 4.88381691356
21590000 4.8827142988
21600000 4.8816223005
21610000 4.88052760167
21620000 4.87946128037
21630000 4.87835950032
21640000 4.87729154641
21650000 4.87620553381
21660000 4.87514793706
21670000 4.87402566925
21680000 4.87296014215
21690000 4.8718700683
21700000 4.87078825492
21710000 4.86968003208
21720000 4.86860269598
21730000 4.86748905956
21740000 4.86641189631
21750000 4.86533946609
21760000 4.86426068723
21770000 4.86316961015
21780000 4.86208417415
21790000 4.86098840877
21800000 4.85991868704
21810000 4.85885104532
21820000 4.85775797115
21830000 4.85669702226
21840000 4.85563627385
21850000 4.8545504252
21860000 4.8534715147
21870000 4.85237907075
21880000 4.85131629443
21890000 4.85023564891
21900000 4.84916628023
21910000 4.84812910874
21920000 4.84704241619
21930000 4.84596655795
21940000 4.84490646812
21950000 4.84381443019
21960000 4.84272190349
21970000 4.84166656823
21980000 4.84058408506
21990000 4.83953371632
22000000 4.83846906313
22010000 4.83741121964
22020000 4.8363246783
22030000 4.83526953489
22040000 4.8341875863
22050000 4.83312579716
22060000 4.83205507773
22070000 4.83100331673
22080000 4.82995798194
22090000 4.82890554212
22100000 4.82784669735
22110000 4.82681695889
22120000 4.82577855583
22130000 4.82471329196
22140000 4.82367221381
22150000 4.82262411925
22160000 4.82157959464
22170000 4.82054585321
22180000 4.81947893694
22190000 4.81844391784
22200000 4.81738160364
22210000 4.81632653675
22220000 4.81527984757
22230000 4.81421956375
22240000 4.81316038414
22250000 4.81212118107
22260000 4.81107594413
22270000 4.81003381289
22280000 4.80899150824
22290000 4.80795249607
22300000 4.80692207543
22310000 4.80585702645
22320000 4.80483670475
22330000 4.80380104878
22340000 4.80275987732
22350000 4.80173024132
22360000 4.80067703522
22370000 4.79965577637
22380000 4.79859603331
22390000 4.79755973487
22400000 4.79653158085
22410000 4.79549709063
22420000 4.79445637989
22430000 4.79342009496
22440000 4.79238896727
22450000 4.79135680698
22460000 4.79032336925
22470000 4.78928116715
22480000 4.78823986366
22490000 4.78721184955
22500000 4.78618384465
22510000 4.78513992785
22520000 4.78410191317
22530000 4.78306206046
22540000 4.78203039383
22550000 4.78100070258
22560000 4.77998364137
22570000 4.77895425687
22580000 4.77795116934
22590000 4.77690849021
22600000 4.77588845473
22610000 4.77488623389
22620000 4.77386604568
22630000 4.77282782847
22640000 4.77181705495
22650000 4.77080623639
22660000 4.76978060898
22670000 4.76873673259
22680000 4.76772066166
22690000 4.76668978723
22700000 4.76565257035
22710000 4.76463413522
22720000 4.76362546232
22730000 4.76262362504
22740000 4.76162232824
22750000 4.76060476392
22760000 4.75957846893
22770000 4.75858399406
22780000 4.75758223821
22790000 4.75658103674
22800000 4.75557699516
22810000 4.75454418905
22820000 4.75353988707
22830000 4.75252579331
22840000 4.75152898787
22850000 4.75051433121
22860000 4.74952260103
22870000 4.74852582382
22880000 4.74751266241
22890000 4.74650295779
22900000 4.74549985681
22910000 4.74449413083
22920000 4.74349606271
22930000 4.74250339275
22940000 4.74151829174
22950000 4.74049009542
22960000 4.73948016325
22970000 4.73847720368
22980000 4.737479851
22990000 4.7364821129
23000000 4.73549134623
23010000 4.73449765291
23020000 4.73349557641
23030000 4.73248885876
23040000 4.73148012173
23050000 4.73050532086
23060000 4.72949801672
23070000 4.72850687528
23080000 4.72752454734
23090000 4.72653787517
23100000 4.72554951446
23110000 4.7245763586
23120000 4.72358703943
23130000 4.72259877676
23140000 4.72161903267
23150000 4.72060846819
23160000 4.71962258445
23170000 4.71864522119
23180000 4.71764763587
23190000 4.71666785946
23200000 4.71568779396
23210000 4.7146947361
23220000 4.71371542987
23230000 4.71273987831
23240000 4.71172567914
23250000 4.71074882086
23260000 4.70976721498
23270000 4.70878754212
23280000 4.70782040565
23290000 4.70683562991
23300000 4.70583723063
23310000 4.70485815508
23320000 4.70389417408
23330000 4.70292511844
23340000 4.70197163797
23350000 4.700975738
23360000 4.69999818302
23370000 4.6990149579
23380000 4.69804694715
23390000 4.69708481225
23400000 4.69611106389
23410000 4.69514686582
23420000 4.69417069767
23430000 4.69321045975
23440000 4.69222958527
23450000 4.69125400782
23460000 4.6902704418
23470000 4.68933562654
23480000 4.68834808487
23490000 4.68739013296
23500000 4.68642185483
23510000 4.68545230928
23520000 4.68448985707
23530000 4.68353190422
23540000 4.68255582673
23550000 4.6816036726
23560000 4.68063525031
23570000 4.67968675292
23580000 4.67873887655
23590000 4.67779174936
23600000 4.67683907783
23610000 4.67588422066
23620000 4.67491845615
23630000 4.67396235337
23640000 4.67302666104
23650000 4.67204975597
23660000 4.6710928453
23670000 4.67015099584
23680000 4.66920021422
23690000 4.66824410586
23700000 4.66729270443
23710000 4.66632743766
23720000 4.6653857255
23730000 4.66443161283
23740000 4.66347442746
23750000 4.66252537321
23760000 4.66157855523
23770000 4.66063438599
23780000 4.65970461756
23790000 4.65875284958
23800000 4.65780722632
23810000 4.65685436684
23820000 4.65593953089
23830000 4.65499904685
23840000 4.65406626607
23850000 4.65312278074
23860000 4.65217062389
23870000 4.65122909127
23880000 4.65028113735
23890000 4.64933472585
23900000 4.6483986306
23910000 4.64746820345
23920000 4.64654619901
23930000 4.6456066007
23940000 4.64467430411
23950000 4.64372352226
23960000 4.64277205264
23970000 4.64182391333
23980000 4.6408858814
23990000 4.6399370113
24000000 4.63897887335
24010000 4.63803133672
24020000 4.63709786903
24030000 4.63615348181
24040000 4.63522085893
24050000 4.63429688463
24060000 4.63336678299
24070000 4.63243033542
24080000 4.63149850136
24090000 4.63053911714
24100000 4.62960822872
24110000 4.62866772875
24120000 4.6277200795
24130000 4.62678949588
24140000 4.62585798547
24150000 4.62492462171
24160000 4.62401291047
24170000 4.62310097521
24180000 4.6221745638
24190000 4.62124384206
24200000 4.62031856224
24210000 4.61940347284
24220000 4.61849729697
24230000 4.6175761854
24240000 4.61667509587
24250000 4.61576620553
24260000 4.61485124066
24270000 4.61393602516
24280000 4.61301747735
24290000 4.61210229201
24300000 4.61118362821
24310000 4.61024867587
24320000 4.60932149372
24330000 4.60838961938
24340000 4.60746168768
24350000 4.60656037744
24360000 4.6056378872
24370000 4.60476232278
24380000 4.60385180741
24390000 4.60292978692
24400000 4.60200364034
24410000 4.60108386714
24420000 4.60014782189
24430000 4.59926058952
24440000 4.59832540007
24450000 4.59743679304
24460000 4.59653660356
24470000 4.59563040045
24480000 4.59471184575
24490000 4.59380849787
24500000 4.59289929213
24510000 4.59198603095
24520000 4.59107446692
24530000 4.5901905477
24540000 4.58929118382
24550000 4.58837306473
24560000 4.58747573546
24570000 4.58656901776
24580000 4.58567704336
24590000 4.58479002851
24600000 4.58388631645
24610000 4.58298791342
24620000 4.58208685163
24630000 4.58119861806
24640000 4.58028945736
24650000 4.57939816291
24660000 4.57850177294
24670000 4.57761185175
24680000 4.57671877231
24690000 4.57580530086
24700000 4.57491335376
24710000 4.57401282262
24720000 4.57312586566
24730000 4.57221120272
24740000 4.57131611168
24750000 4.57043514109
24760000 4.56954086172
24770000 4.56864360434
24780000 4.5677747132
24790000 4.56689839672
24800000 4.5660056719
24810000 4.56509493864
24820000 4.56420099522
24830000 4.56330700228
24840000 4.56241004598
24850000 4.56151851086
24860000 4.56063082669
24870000 4.55973511375
24880000 4.55885240364
24890000 4.55796783074
24900000 4.55708504279
24910000 4.55618536823
24920000 4.55532307126
24930000 4.55443652256
24940000 4.55353747362
24950000 4.55265893275
24960000 4.55178408268
24970000 4.5509075484
24980000 4.55002725193
24990000 4.54913872525
25000000 4.54827781251
25010000 4.54739905231
25020000 4.54652126237
25030000 4.54562901905
25040000 4.54476000487
25050000 4.54384521518
25060000 4.54296587935
25070000 4.54209365651
25080000 4.54120982697
25090000 4.54031928145
25100000 4.53943508631
25110000 4.53855631902
25120000 4.53767207475
25130000 4.53678131341
25140000 4.53590743585
25150000 4.53502664223
25160000 4.53416263314
25170000 4.53329184331
25180000 4.5324201139
25190000 4.53154980322
25200000 4.53068503693
25210000 4.52980461432
25220000 4.52893739756
25230000 4.52807762627
25240000 4.52720467376
25250000 4.52632787552
25260000 4.52548041803
25270000 4.52461497124
25280000 4.5237599153
25290000 4.52290446872
25300000 4.52205084726
25310000 4.52118085623
25320000 4.52032080083
25330000 4.51944666928
25340000 4.51858540659
25350000 4.51771970249
25360000 4.51686407205
25370000 4.51599637608
25380000 4.51514059724
25390000 4.51427654087
25400000 4.51341250401
25410000 4.51255421608
25420000 4.51170806004
25430000 4.51084034995
25440000 4.50998412801
25450000 4.50912622307
25460000 4.50826818383
25470000 4.5074114693
25480000 4.50655328977
25490000 4.50569857978
25500000 4.50485852253
25510000 4.50401775529
25520000 4.50316013953
25530000 4.50230343886
25540000 4.50144274249
25550000 4.50059576136
25560000 4.49973061163
25570000 4.49888196187
25580000 4.49803371479
25590000 4.49718822039
25600000 4.49632885431
25610000 4.49547772153
25620000 4.49463613799
25630000 4.49379367055
25640000 4.49294757482
25650000 4.49210776041
25660000 4.49123675567
25670000 4.49038577177
25680000 4.48952897857
25690000 4.48869195411
25700000 4.4878558061
25710000 4.48700452565
25720000 4.48616877103
25730000 4.48531706674
25740000 4.48448034003
25750000 4.48364900997
25760000 4.48279633012
25770000 4.48195498202
25780000 4.48111174879
25790000 4.48027203862
25800000 4.47943635637
25810000 4.47861093463
25820000 4.47775788029
25830000 4.47692568247
25840000 4.47607853149
25850000 4.47524944817
25860000 4.4744172943
25870000 4.47358504868
25880000 4.47275216055
25890000 4.47190368168
25900000 4.47106313479
25910000 4.47021864797
25920000 4.46937820448
25930000 4.46855843801
25940000 4.46773197824
25950000 4.46691640262
25960000 4.46608959343
25970000 4.46525011213
25980000 4.46441316642
25990000 4.46356899112
26000000 4.46275283853
26010000 4.46191046081
26020000 4.46107839689
26030000 4.46024173978
26040000 4.4594125303
26050000 4.45856681583
26060000 4.45774528608
26070000 4.45690284606
26080000 4.45607763704
26090000 4.45525956576
26100000 4.45442400839
26110000 4.45359440316
26120000 4.45276237808
26130000 4.4519343767
26140000 4.45113084181
26150000 4.45029197194
26160000 4.44946521274
26170000 4.44863121259
26180000 4.44781903342
26190000 4.4469973333
26200000 4.44617223
26210000 4.44534872637
26220000 4.44454430187
26230000 4.44371257608
26240000 4.44289702378
26250000 4.44207195122
26260000 4.44125336005
26270000 4.44042909386
26280000 4.43959804951
26290000 4.43877394656
26300000 4.43795356477
26310000 4.43714646456
26320000 4.436333432
26330000 4.43551933271
26340000 4.43470589991
26350000 4.43388270025
26360000 4.43307687506
26370000 4.43224869081
26380000 4.4314356816
26390000 4.43060432183
26400000 4.42978796376
26410000 4.42896929976
26420000 4.42817756051
26430000 4.42736397602
26440000 4.42653855409
26450000 4.42572109265
26460000 4.42491144702
26470000 4.4240962358
26480000 4.42328563019
26490000 4.42247100663
26500000 4.42164538284
26510000 4.42083101088
26520000 4.42001703805
26530000 4.4192231221
26540000 4.41841694604
26550000 4.41762102919
26560000 4.41679641012
26570000 4.41598806723
26580000 4.41515689422
26590000 4.41435323951
26600000 4.41353843061
26610000 4.41274451912
26620000 4.41194167848
26630000 4.41114378096
26640000 4.41033480832
26650000 4.40953725183
26660000 4.40874328001
26670000 4.40793529757
26680000 4.40713780601
26690000 4.40633980107
26700000 4.40553963092
26710000 4.40472573149
26720000 4.40391140544
26730000 4.40311059672
26740000 4.4023033644
26750000 4.40151489068
26760000 4.4007117081
26770000 4.39991946292
26780000 4.39909882263
26790000 4.39831360675
26800000 4.39750153719
26810000 4.39670448557
26820000 4.3959127213
26830000 4.39512000324
26840000 4.39431666464
26850000 4.39352748974
26860000 4.39272678044
26870000 4.39194255919
26880000 4.39114870436
26890000 4.39035879208
26900000 4.38956401059
26910000 4.3887679048
26920000 4.38797363127
26930000 4.38719508527
26940000 4.38640175912
26950000 4.38562272137
26960000 4.38482614792
26970000 4.3840440801
26980000 4.38325717829
26990000 4.38246757145
27000000 4.38167636961
27010000 4.38088939577
27020000 4.38010030822
27030000 4.37932351715
27040000 4.37851678548
27050000 4.37772327256
27060000 4.37693448007
27070000 4.37613340497
27080000 4.37534782346
27090000 4.37458067971
27100000 4.37378456065
27110000 4.37299693451
27120000 4.37220741469
27130000 4.37142857692
27140000 4.37062239773
27150000 4.36985563161
27160000 4.36907539931
27170000 4.36829160772
27180000 4.36752411935
27190000 4.3667512922
27200000 4.36596096539
27210000 4.3651873673
27220000 4.364425184
27230000 4.36365153386
27240000 4.36287690159
27250000 4.36208728712
27260000 4.36132999006
27270000 4.36053976408
27280000 4.35976709562
27290000 4.35898559085
27300000 4.35821632438
27310000 4.35743882985
27320000 4.35668679257
27330000 4.35591271231
27340000 4.35514122476
27350000 4.354382024
27360000 4.35361320154
27370000 4.35285112551
27380000 4.35207261301
27390000 4.35131448086
27400000 4.35053874406
27410000 4.34978876066
27420000 4.34902027917
27430000 4.34824525088
27440000 4.3474744063
27450000 4.34670906403
27460000 4.34593437392
27470000 4.34517095744
27480000 4.34440962484
27490000 4.34363141265
27500000 4.34286563172
27510000 4.34209831245
27520000 4.3413337821
27530000 4.34056472772
27540000 4.33979572022
27550000 4.33904324813
27560000 4.33828256382
27570000 4.33753022043
27580000 4.33676557383
27590000 4.33599481754
27600000 4.33521498611
27610000 4.33444909636
27620000 4.33369957843
27630000 4.3329448313
27640000 4.33219790843
27650000 4.33142542628
27660000 4.33066992107
27670000 4.3299016172
27680000 4.329144296
27690000 4.32838650624
27700000 4.32763646223
27710000 4.32687325684
27720000 4.32612664609
27730000 4.325367496
27740000 4.32461284319
27750000 4.32385901629
27760000 4.3230910716
27770000 4.3223392157
27780000 4.32157399875
27790000 4.32083053755
27800000 4.32007894319
27810000 4.31931835364
27820000 4.3185697015
27830000 4.31781878202
27840000 4.31706179891
27850000 4.31632178102
27860000 4.31556207808
27870000 4.3148188387
27880000 4.31406817255
27890000 4.31331574796
27900000 4.31256793119
27910000 4.311824324
27920000 4.3110730467
27930000 4.31033123773
27940000 4.30958369244
27950000 4.30884351085
27960000 4.30809415277
27970000 4.30734247777
27980000 4.3065882162
27990000 4.30583774042
28000000 4.30508548016
28010000 4.30434128782
28020000 4.30359872658
28030000 4.30285784941
28040000 4.30211820176
28050000 4.30138540678
28060000 4.30064454121
28070000 4.29989073566
28080000 4.29913795908
28090000 4.29838697422
28100000 4.29765899868
28110000 4.29692047263
28120000 4.29617686423
28130000 4.29543082179
28140000 4.29468325996
28150000 4.29394035365
28160000 4.29320799437
28170000 4.29247386582
28180000 4.29173575374
28190000 4.29100214823
28200000 4.29026145521
28210000 4.28951834013
28220000 4.28877804494
28230000 4.28803052819
28240000 4.28729616799
28250000 4.28655777733
28260000 4.28583599536
28270000 4.28509808425
28280000 4.28435896922
28290000 4.28361860598
28300000 4.2828873638
28310000 4.28214350672
28320000 4.28140956239
28330000 4.28067547586
28340000 4.27995216084
28350000 4.27923491855
28360000 4.27850702677
28370000 4.27778444733
28380000 4.27706124905
28390000 4.27633866599
28400000 4.27561801311
28410000 4.27488061477
28420000 4.27415623006
28430000 4.27341908146
28440000 4.27268633457
28450000 4.27196641172
28460000 4.27124880516
28470000 4.27051498873
28480000 4.26978434709
28490000 4.26907384587
28500000 4.26834194204
28510000 4.26761557447
28520000 4.26690661464
28530000 4.26617878496
28540000 4.26546430172
28550000 4.26472639728
28560000 4.26400344447
28570000 4.26327946717
28580000 4.26255305206
28590000 4.26183527305
28600000 4.26111097381
28610000 4.26040432878
28620000 4.25967839832
28630000 4.25894375412
28640000 4.25821964692
28650000 4.25749332812
28660000 4.25678398173
28670000 4.2560597764
28680000 4.25534256503
28690000 4.25462020762
28700000 4.25390454728
28710000 4.25317155387
28720000 4.25245834581
28730000 4.25174133841
28740000 4.25101531438
28750000 4.25029433297
28760000 4.24957915961
28770000 4.24885586398
28780000 4.24814476312
28790000 4.24743553749
28800000 4.24672122378
28810000 4.24599577424
28820000 4.24528829893
28830000 4.24455662527
28840000 4.24383323067
28850000 4.24312503616
28860000 4.24241329523
28870000 4.24169849297
28880000 4.24098848591
28890000 4.24026812715
28900000 4.23956385453
28910000 4.2388520911
28920000 4.238138252
28930000 4.23743260105
28940000 4.23671461122
28950000 4.23601529595
28960000 4.23529999177
28970000 4.23458707817
28980000 4.23387706782
28990000 4.2331788205
29000000 4.23246099109
29010000 4.23175119754
29020000 4.23104390606
29030000 4.23033781758
29040000 4.22963855499
29050000 4.22893935435
29060000 4.22823551008
29070000 4.2275249667
29080000 4.22682470119
29090000 4.22611076912
29100000 4.22539071043
29110000 4.22467961731
29120000 4.22398776595
29130000 4.22327912743
29140000 4.22257633863
29150000 4.22187213205
29160000 4.22115298066
29170000 4.22047202857
29180000 4.21977627826
29190000 4.21907655317
29200000 4.2183618171
29210000 4.21766797583
29220000 4.21696104294
29230000 4.21626320923
29240000 4.21554855484
29250000 4.21485267993
29260000 4.21414792945
29270000 4.21346004995
29280000 4.21275681382
29290000 4.21205132737
29300000 4.21134412033
29310000 4.21065938959
29320000 4.20996114313
29330000 4.20926552645
29340000 4.20857590398
29350000 4.20788340457
29360000 4.20718155183
29370000 4.20648399315
29380000 4.20578933537
29390000 4.20509282165
29400000 4.20439758631
29410000 4.20369310875
29420000 4.20298829142
29430000 4.20229230671
29440000 4.20158514114
29450000 4.20089382643
29460000 4.20019969699
29470000 4.19949691458
29480000 4.19879557504
29490000 4.1981099376
29500000 4.1974138755
29510000 4.19673155115
29520000 4.19604111776
29530000 4.19535168243
29540000 4.19464795677
29550000 4.19394323285
29560000 4.19324535338
29570000 4.1925613432
29580000 4.1918614092
29590000 4.19118401561
29600000 4.19051303865
29610000 4.18982454277
29620000 4.18913357571
29630000 4.18845002746
29640000 4.18776385921
29650000 4.18707539867
29660000 4.18638369133
29670000 4.18569414459
29680000 4.18501039956
29690000 4.18432614349
29700000 4.18364181979
29710000 4.18296021616
29720000 4.18228927681
29730000 4.18161318244
29740000 4.18091841874
29750000 4.18024178727
29760000 4.1795480735
29770000 4.17887374674
29780000 4.17819592543
29790000 4.17751822015
29800000 4.17685269109
29810000 4.17616770539
29820000 4.17549336351
29830000 4.17481603628
29840000 4.1741357317
29850000 4.17345764044
29860000 4.17277941772
29870000 4.17210302213
29880000 4.17143366734
29890000 4.17074193923
29900000 4.17006250916
29910000 4.16938535689
29920000 4.16872432073
29930000 4.16805161209
29940000 4.1673653991
29950000 4.16668474764
29960000 4.16601616912
29970000 4.16534729736
29980000 4.16466720494
29990000 4.16398827248
30000000 4.1633081647
30010000 4.16263591151
30020000 4.16196602575
30030000 4.16129738781
30040000 4.16062823263
30050000 4.15995431042
30060000 4.15929399918
30070000 4.15862809433
30080000 4.15795938632
30090000 4.15728006627
30100000 4.15660890907
30110000 4.15594577993
30120000 4.15528237854
30130000 4.15460916258
30140000 4.1539444092
30150000 4.15327106906
30160000 4.15259674107
30170000 4.15192285287
30180000 4.1512584222
30190000 4.15057985276
30200000 4.14990987604
30210000 4.14925230085
30220000 4.14857974945
30230000 4.14791907825
30240000 4.14725446809
30250000 4.14656965723
30260000 4.1459070365
30270000 4.14523766016
30280000 4.14455637361
30290000 4.14388689553
30300000 4.14322644532
30310000 4.14256283413
30320000 4.14190014963
30330000 4.1412249669
30340000 4.1405646056
30350000 4.13990768614
30360000 4.13925062619
30370000 4.13859136876
30380000 4.13793598494
30390000 4.13728017263
30400000 4.1366119765
30410000 4.13594193487
30420000 4.13527962446
30430000 4.13463086081
30440000 4.13396804424
30450000 4.13329975928
30460000 4.13263338895
30470000 4.13199662422
30480000 4.13133550358
30490000 4.13067092425
30500000 4.13002536655
30510000 4.12937407058
30520000 4.12870361829
30530000 4.12804919986
30540000 4.12739855168
30550000 4.12673295271
30560000 4.12605881795
30570000 4.12540514176
30580000 4.12474401771
30590000 4.12408872718
30600000 4.1234389881
30610000 4.12278589839
30620000 4.12213424677
30630000 4.12147453423
30640000 4.12081552767
30650000 4.12016721878
30660000 4.11950408816
30670000 4.11884860802
30680000 4.11819117208
30690000 4.1175415678
30700000 4.11690085841
30710000 4.11624763521
30720000 4.11560063292
30730000 4.11494984969
30740000 4.1143055221
30750000 4.11364415088
30760000 4.11301331038
30770000 4.11236588949
30780000 4.11172885155
30790000 4.11108458212
30800000 4.11043346742
30810000 4.1097734648
30820000 4.10913253405
30830000 4.10848483587
30840000 4.10784420973
30850000 4.10719459368
30860000 4.10654590452
30870000 4.10590087666
30880000 4.10526765799
30890000 4.10461420627
30900000 4.10396744694
30910000 4.10333499601
30920000 4.10269421101
30930000 4.10203690154
30940000 4.10141127212
30950000 4.10076230408
30960000 4.10012357388
30970000 4.09947567998
30980000 4.09884780544
30990000 4.09819949359
31000000 4.09755041673
31010000 4.09690649711
31020000 4.09626562197
31030000 4.09562308959
31040000 4.09499674809
31050000 4.09435444619
31060000 4.09370903142
31070000 4.09305892371
31080000 4.09243349624
31090000 4.09178620889
31100000 4.09114627521
31110000 4.09050671689
31120000 4.08985146428
31130000 4.0892149362
31140000 4.08859193478
31150000 4.08795591364
31160000 4.08732216276
31170000 4.08669067802
31180000 4.08604851191
31190000 4.0854000472
31200000 4.08476681046
31210000 4.0841365382
31220000 4.08351676715
31230000 4.08288404036
31240000 4.08225231923
31250000 4.0816202071
31260000 4.08098645133
31270000 4.08036189345
31280000 4.0797205409
31290000 4.07908716982
31300000 4.07844995695
31310000 4.07781666056
31320000 4.07718760525
31330000 4.07656364216
31340000 4.07592273645
31350000 4.075290314
31360000 4.07464473744
31370000 4.07401142448
31380000 4.0733868579
31390000 4.07274573835
31400000 4.07210680886
31410000 4.0714705467
31420000 4.07083053589
31430000 4.07020952527
31440000 4.06958559369
31450000 4.06894651245
31460000 4.06831380281
31470000 4.06768799136
31480000 4.06705716633
31490000 4.06644038498
31500000 4.06580922638
31510000 4.06517941306
31520000 4.06455546989
31530000 4.06391835263
31540000 4.06328625844
31550000 4.06266486724
31560000 4.0620505373
31570000 4.06144621805
31580000 4.06082368658
31590000 4.06019756813
31600000 4.05958541901
31610000 4.05897057944
31620000 4.05835002288
31630000 4.05772785707
31640000 4.05710471029
31650000 4.05648505658
31660000 4.05586608212
31670000 4.0552333547
31680000 4.05461882451
31690000 4.05400305219
31700000 4.05338219457
31710000 4.05276672241
31720000 4.05215604232
31730000 4.0515364112
31740000 4.05090893192
31750000 4.05029371104
31760000 4.04967064544
31770000 4.04906436346
31780000 4.04844345186
31790000 4.04782026901
31800000 4.04720698847
31810000 4.04659850954
31820000 4.04597271885
31830000 4.04534213721
31840000 4.04473244602
31850000 4.04412235362
31860000 4.04351474433
31870000 4.04289635253
31880000 4.04228058505
31890000 4.04166610719
31900000 4.04103574732
31910000 4.04041440228
31920000 4.03979446914
31930000 4.03918467219
31940000 4.03857571709
31950000 4.03796162627
31960000 4.03734501929
31970000 4.03673030174
31980000 4.03610930613
31990000 4.03549937333
32000000 4.03488694992
32010000 4.03426314468
32020000 4.03364550772
32030000 4.03303130209
32040000 4.03242091269
32050000 4.03180048023
32060000 4.03119343931
32070000 4.03057159752
32080000 4.02996773963
32090000 4.02936237655
32100000 4.02874454761
32110000 4.02813616412
32120000 4.02752682494
32130000 4.02690726895
32140000 4.02630203437
32150000 4.02568001792
32160000 4.02508239721
32170000 4.02447139922
32180000 4.02385553149
32190000 4.02324790111
32200000 4.02264538797
32210000 4.02203269105
32220000 4.02142057101
32230000 4.02082517728
32240000 4.02021398523
32250000 4.01960345467
32260000 4.01899696142
32270000 4.01838675221
32280000 4.01778501734
32290000 4.01717617188
32300000 4.01658215336
32310000 4.01596826757
32320000 4.01536079081
32330000 4.01476804821
32340000 4.01416832506
32350000 4.01357061491
32360000 4.01297330164
32370000 4.01237496604
32380000 4.01178311679
32390000 4.01117312072
32400000 4.0105846747
32410000 4.00997576383
32420000 4.00936690486
32430000 4.00875996792
32440000 4.00815821051
32450000 4.00757142896
32460000 4.00697646737
32470000 4.00637652121
32480000 4.00576865772
32490000 4.00517325366
32500000 4.00456954009
32510000 4.00397456761
32520000 4.00338029118
32530000 4.00279236612
32540000 4.00219123081
32550000 4.00159351208
32560000 4.00098188808
32570000 4.00037131707
32580000 3.99977023331
32590000 3.99917522976
32600000 3.99856342084
32610000 3.99796160022
32620000 3.99736585628
32630000 3.99677260459
32640000 3.99617419357
32650000 3.9955779877
32660000 3.99496534451
32670000 3.99437803683
32680000 3.99378227275
32690000 3.99319739469
32700000 3.99261034099
32710000 3.99201691996
32720000 3.99142338703
32730000 3.99083123307
32740000 3.99025499465
32750000 3.98967770824
32760000 3.98906446136
32770000 3.98847891937
32780000 3.9878909317
32790000 3.98729448389
32800000 3.98669491247
32810000 3.9861060556
32820000 3.98551462507
32830000 3.98492720039
32840000 3.98434313575
32850000 3.98374795722
32860000 3.9831626844
32870000 3.98256605516
32880000 3.98198926765
32890000 3.98140594674
32900000 3.98081497228
32910000 3.98021849619
32920000 3.97963410564
32930000 3.97904747921
32940000 3.97843899845
32950000 3.97785626245
32960000 3.97726805467
32970000 3.97667808798
32980000 3.97608005953
32990000 3.9755100336
33000000 3.97492411221
33010000 3.97434262196
33020000 3.9737493185
33030000 3.97317732997
33040000 3.97259473022
33050000 3.97200178631
33060000 3.9714239198
33070000 3.9708309131
33080000 3.97024173107
33090000 3.96966120489
33100000 3.9690739529
33110000 3.96848869154
33120000 3.96790692538
33130000 3.96732928397
33140000 3.96674290456
33150000 3.9661607206
33160000 3.96558541783
33170000 3.9650002018
33180000 3.96440983482
33190000 3.96382365441
33200000 3.96325169595
33210000 3.9626850959
33220000 3.96210467411
33230000 3.9615019783
33240000 3.96091667835
33250000 3.96033015107
33260000 3.95975874651
33270000 3.95917164077
33280000 3.95859717088
33290000 3.95801601487
33300000 3.95743664217
33310000 3.95685238658
33320000 3.9562847416
33330000 3.95572281011
33340000 3.95513426814
33350000 3.95455889045
33360000 3.95400250913
33370000 3.95342558145
33380000 3.95286691344
33390000 3.95229412038
33400000 3.95170554153
33410000 3.95112122906
33420000 3.9505460318
33430000 3.9499647994
33440000 3.94938724572
33450000 3.94882178475
33460000 3.94825992102
33470000 3.9476792019
33480000 3.94711450742
33490000 3.9465428971
33500000 3.94596442687
33510000 3.94538776588
33520000 3.94481975012
33530000 3.94424710988
33540000 3.94367352894
33550000 3.94309172513
33560000 3.94251721749
33570000 3.94195392352
33580000 3.94139281964
33590000 3.9408192646
33600000 3.94024611777
33610000 3.93966034164
33620000 3.93907965699
33630000 3.93851334861
33640000 3.93794144705
33650000 3.93737590806
33660000 3.93680207759
33670000 3.93622935728
33680000 3.93565478149
33690000 3.93508542288
33700000 3.9345132718
33710000 3.93394547791
33720000 3.9333837489
33730000 3.9328122764
33740000 3.93224870026
33750000 3.9316834436
33760000 3.93112318991
33770000 3.93055759197
33780000 3.92999610519
33790000 3.92943541074
33800000 3.92886267099
33810000 3.92829774119
33820000 3.92774213891
33830000 3.92717722851
33840000 3.9266167827
33850000 3.92604155593
33860000 3.92547512947
33870000 3.92491233034
33880000 3.92434917473
33890000 3.92378558455
33900000 3.92322705527
33910000 3.92266259695
33920000 3.92208692683
33930000 3.92152970642
33940000 3.92096941712
33950000 3.92041906544
33960000 3.91985658293
33970000 3.91927915166
33980000 3.91870222738
33990000 3.91814475274
34000000 3.91758282786
34010000 3.91702395024
34020000 3.91645829063
34030000 3.9159048149
34040000 3.91533919988
34050000 3.91477360594
34060000 3.91421855725
34070000 3.91365633076
34080000 3.91309795769
34090000 3.91254237168
34100000 3.91198053547
34110000 3.91141513494
34120000 3.9108548262
34130000 3.91031321443
34140000 3.90976275028
34150000 3.90920270791
34160000 3.90863734173
34170000 3.90808549255
34180000 3.9075268871
34190000 3.9069718385
34200000 3.90641659131
34210000 3.9058718265
34220000 3.90531666824
34230000 3.90475958907
34240000 3.90420593523
34250000 3.90365403877
34260000 3.90310321548
34270000 3.9025559739
34280000 3.90200446608
34290000 3.90144574278
34300000 3.90089695438
34310000 3.90034749833
34320000 3.89978508989
34330000 3.89921895951
34340000 3.89867960706
34350000 3.89811955004
34360000 3.89756437358
34370000 3.89701536649
34380000 3.89647003962
34390000 3.89591751887
34400000 3.89537890185
34410000 3.89481689547
34420000 3.89427532235
34430000 3.89371195329
34440000 3.89316578628
34450000 3.89261945424
34460000 3.89207172289
34470000 3.89151737686
34480000 3.89097210171
34490000 3.89043280435
34500000 3.88987950518
34510000 3.88932916795
34520000 3.88877735798
34530000 3.88824684908
34540000 3.88770672314
34550000 3.88714937525
34560000 3.88660740546
34570000 3.88606195177
34580000 3.88551422319
34590000 3.88495563632
34600000 3.88441150265
34610000 3.88386481096
34620000 3.88331073073
34630000 3.88277070565
34640000 3.88222055881
34650000 3.88167673472
34660000 3.88113064057
34670000 3.88058746813
34680000 3.88003001564
34690000 3.87947677172
34700000 3.87892315647
34710000 3.87837929706
34720000 3.87783789466
34730000 3.87729342306
34740000 3.87676284543
34750000 3.87622122161
34760000 3.87567256606
34770000 3.87513280428
34780000 3.8745771452
34790000 3.87403965075
34800000 3.87350178171
34810000 3.8729600954
34820000 3.87241600783
34830000 3.87186590258
34840000 3.87132430463
34850000 3.87078499203
34860000 3.87024014525
34870000 3.86970798023
34880000 3.8691589293
34890000 3.86861362647
34900000 3.86806270876
34910000 3.86753085878
34920000 3.86699969259
34930000 3.8664648202
34940000 3.86591780639
34950000 3.86538372497
34960000 3.86483822178
34970000 3.86430432788
34980000 3.86375449302
34990000 3.86321683013
35000000 3.86267760523
35010000 3.86214459665
35020000 3.86162127587
35030000 3.86108009358
35040000 3.86054352317
35050000 3.86000418538
35060000 3.85946889031
35070000 3.85893860783
35080000 3.85840418938
35090000 3.85788012628
35100000 3.85734362027
35110000 3.85680425734
35120000 3.8562587259
35130000 3.85572561453
35140000 3.85518213222
35150000 3.85465216464
35160000 3.85411532357
35170000 3.85357963124
35180000 3.85303877945
35190000 3.85250532253
35200000 3.85197463875
35210000 3.85145157148
35220000 3.85092696982
35230000 3.85039754427
35240000 3.84987498438
35250000 3.84933909277
35260000 3.8488082255
35270000 3.84827529527
35280000 3.84775042688
35290000 3.84722215116
35300000 3.84670399647
35310000 3.84616546236
35320000 3.84563518728
35330000 3.84509911605
35340000 3.84456547739
35350000 3.84404533799
35360000 3.84351210214
35370000 3.84299127876
35380000 3.84244371372
35390000 3.84191912166
35400000 3.84140114946
35410000 3.8408643532
35420000 3.84034287526
35430000 3.83980997438
35440000 3.83929062733
35450000 3.83875189577
35460000 3.83823384547
35470000 3.83770122321
35480000 3.8371834091
35490000 3.83665775758
35500000 3.83613218551
35510000 3.83559501524
35520000 3.83506481264
35530000 3.8345434032
35540000 3.83401970267
35550000 3.83350001742
35560000 3.83297867586
35570000 3.83244774273
35580000 3.83192070001
35590000 3.83139338637
35600000 3.83086854709
35610000 3.83034221399
35620000 3.82981807675
35630000 3.82929592981
35640000 3.82877468609
35650000 3.82825295262
35660000 3.82772676331
35670000 3.82718627298
35680000 3.82666671666
35690000 3.82613488555
35700000 3.82560310631
35710000 3.82508596565
35720000 3.8245618189
35730000 3.82404066374
35740000 3.82352670079
35750000 3.82300703048
35760000 3.82248404146
35770000 3.82196350257
35780000 3.82144918702
35790000 3.82092983071
35800000 3.82041286177
35810000 3.81989842387
35820000 3.81938270323
35830000 3.81885750851
35840000 3.81834101188
35850000 3.81783121891
35860000 3.81732076781
35870000 3.81679558804
35880000 3.81627696719
35890000 3.81575901507
35900000 3.81524142999
35910000 3.81471820478
35920000 3.81420888559
35930000 3.8136875276
35940000 3.81317283954
35950000 3.8126482374
35960000 3.81213494328
35970000 3.81161519274
35980000 3.81109853825
35990000 3.81058479345
36000000 3.81006740834
36010000 3.80954941899
36020000 3.80902355024
36030000 3.80851215583
36040000 3.80800311079
36050000 3.80748654934
36060000 3.80696319772
36070000 3.80644689833
36080000 3.80593107977
36090000 3.80541664327
36100000 3.80491556698
36110000 3.80440268878
36120000 3.80388483238
36130000 3.8033762787
36140000 3.80287215317
36150000 3.80236616275
36160000 3.80184861696
36170000 3.80134247402
36180000 3.80082208547
36190000 3.80031976454
36200000 3.79981141625
36210000 3.79930603379
36220000 3.79878362233
36230000 3.79827244547
36240000 3.79776566099
36250000 3.79725693128
36260000 3.79676600829
36270000 3.79625742829
36280000 3.79574345582
36290000 3.79523985753
36300000 3.79472472827
36310000 3.79421303525
36320000 3.79371490891
36330000 3.79319791464
36340000 3.79268141201
36350000 3.79216606952
36360000 3.79166148583
36370000 3.79114916459
36380000 3.79064517486
36390000 3.790137339
36400000 3.78962492256
36410000 3.78912717272
36420000 3.78861168563
36430000 3.78811847917
36440000 3.7876137975
36450000 3.78711470127
36460000 3.78660946109
36470000 3.78609813691
36480000 3.78558667011
36490000 3.78508349886
36500000 3.78457040836
36510000 3.78406856096
36520000 3.78355781331
36530000 3.78306079248
36540000 3.78255040251
36550000 3.78206846669
36560000 3.78155972592
36570000 3.78106010755
36580000 3.78055934203
36590000 3.78005470101
36600000 3.77956068767
36610000 3.77905415865
36620000 3.77854671722
36630000 3.77803940205
36640000 3.77754456753
36650000 3.77704163663
36660000 3.77654922364
36670000 3.77604099143
36680000 3.77554407312
36690000 3.7750324794
36700000 3.77453559126
36710000 3.77403473973
36720000 3.77354213498
36730000 3.77303836932
36740000 3.77254641601
36750000 3.77204597971
36760000 3.77155021262
36770000 3.77104362027
36780000 3.7705439393
36790000 3.77004952895
36800000 3.76956244094
36810000 3.76907055101
36820000 3.76858083981
36830000 3.76807658972
36840000 3.76758604378
36850000 3.7670851594
36860000 3.7665907196
36870000 3.76609336187
36880000 3.76559192431
36890000 3.76509493973
36900000 3.76459051819
36910000 3.76409346423
36920000 3.76360949929
36930000 3.76310776797
36940000 3.76262562787
36950000 3.76212964502
36960000 3.76162578476
36970000 3.76112285608
36980000 3.76063087427
36990000 3.76012793959
37000000 3.75963525178
37010000 3.75914008682
37020000 3.75864051526
37030000 3.75814903093
37040000 3.757660334
37050000 3.75716186597
37060000 3.75667748236
37070000 3.75617924831
37080000 3.75567479553
37090000 3.75518152145
37100000 3.75468590963
37110000 3.75419122629
37120000 3.7536959546
37130000 3.75320941677
37140000 3.75271339729
37150000 3.75222803938
37160000 3.75174146789
37170000 3.75124669512
37180000 3.75075001538
37190000 3.75024731367
37200000 3.74974321726
37210000 3.7492578326
37220000 3.74877235801
37230000 3.748289708
37240000 3.74780185113
37250000 3.74732450061
37260000 3.74683103437
37270000 3.74635107386
37280000 3.74586224096
37290000 3.74536484593
37300000 3.74487548745
37310000 3.74439099431
37320000 3.74389816725
37330000 3.74341310032
37340000 3.74291955452
37350000 3.74243249703
37360000 3.74194469777
37370000 3.74146711476
37380000 3.74098208151
37390000 3.74049653855
37400000 3.73999926505
37410000 3.73951151243
37420000 3.73902721243
37430000 3.73853655902
37440000 3.73804311016
37450000 3.73756315681
37460000 3.73708090694
37470000 3.73659254324
37480000 3.73610872375
37490000 3.73561278013
37500000 3.73512595848
37510000 3.73464418802
37520000 3.73415413021
37530000 3.73368194691
37540000 3.7331900603
37550000 3.73271198081
37560000 3.7322384543
37570000 3.73175315507
37580000 3.73126753908
37590000 3.7307903627
37600000 3.73030570926
37610000 3.72982429023
37620000 3.72933402257
37630000 3.72884870318
37640000 3.72836790845
37650000 3.72788012613
37660000 3.72738777688
37670000 3.72689795239
37680000 3.72640665387
37690000 3.72592681814
37700000 3.72544034762
37710000 3.72496503722
37720000 3.72448647598
37730000 3.72401051591
37740000 3.7235300225
37750000 3.72304912121
37760000 3.7225657919
37770000 3.72207794947
37780000 3.7216043035
37790000 3.72112138221
37800000 3.7206397396
37810000 3.72016284432
37820000 3.71968828175
37830000 3.71920343026
37840000 3.71873302796
37850000 3.71824496258
37860000 3.71776585942
37870000 3.71728687675
37880000 3.71680286246
37890000 3.7163237826
37900000 3.71584669042
37910000 3.71536822468
37920000 3.71490025577
37930000 3.71441834568
37940000 3.71394386521
37950000 3.71347192124
37960000 3.71300047668
37970000 3.71251913288
37980000 3.71204630697
37990000 3.71157498303
38000000 3.71109573869
38010000 3.71061070357
38020000 3.71014463017
38030000 3.7096702208
38040000 3.70918412693
38050000 3.70869619541
38060000 3.70822527695
38070000 3.70774674923
38080000 3.7072729605
38090000 3.70679406331
38100000 3.70631415099
38110000 3.70583993684
38120000 3.7053725506
38130000 3.704899744
38140000 3.70441977259
38150000 3.70393781926
38160000 3.70346526641
38170000 3.7030077243
38180000 3.70253740298
38190000 3.70207044771
38200000 3.70159786948
38210000 3.70112634228
38220000 3.70065097871
38230000 3.70017459321
38240000 3.69970328007
38250000 3.69923750168
38260000 3.69876704783
38270000 3.69829516245
38280000 3.69783733916
38290000 3.69736408646
38300000 3.69689604954
38310000 3.69642092657
38320000 3.69595348719
38330000 3.69548183971
38340000 3.6950259351
38350000 3.69456055531
38360000 3.69408047853
38370000 3.69360964702
38380000 3.69314526703
38390000 3.69268402106
38400000 3.6922096434
38410000 3.69173787481
38420000 3.69128377767
38430000 3.6908250663
38440000 3.69036580424
38450000 3.68990286702
38460000 3.6894308234
38470000 3.68897210066
38480000 3.68849560551
38490000 3.68802129841
38500000 3.68755741739
38510000 3.68708811604
38520000 3.68662499082
38530000 3.68615744884
38540000 3.68569415357
38550000 3.68523043623
38560000 3.68476456186
38570000 3.68429911461
38580000 3.68382667902
38590000 3.68336307328
38600000 3.68289784152
38610000 3.68242796798
38620000 3.68195742311
38630000 3.68149373058
38640000 3.68102961689
38650000 3.68056761944
38660000 3.68011016927
38670000 3.67965687476
38680000 3.67919291529
38690000 3.67872639452
38700000 3.67825971322
38710000 3.6777955452
38720000 3.67733386204
38730000 3.67687656332
38740000 3.67641510486
38750000 3.67595165247
38760000 3.67548341244
38770000 3.67501125936
38780000 3.67454460163
38790000 3.67407991046
38800000 3.67362194378
38810000 3.67315404624
38820000 3.67269202317
38830000 3.67223004796
38840000 3.67176693707
38850000 3.67129933068
38860000 3.67083666736
38870000 3.67037690626
38880000 3.66991015171
38890000 3.66945619343
38900000 3.66900379247
38910000 3.66854539433
38920000 3.66807614566
38930000 3.66762220323
38940000 3.66717291787
38950000 3.66671263708
38960000 3.66625692163
38970000 3.665788834
38980000 3.66533313423
38990000 3.66487382102
39000000 3.6644272481
39010000 3.66396669816
39020000 3.66350530755
39030000 3.66304880686
39040000 3.66259393631
39050000 3.66213697096
39060000 3.66168038355
39070000 3.66122137171
39080000 3.6607682368
39090000 3.66030980317
39100000 3.6598464436
39110000 3.65939645873
39120000 3.65892836712
39130000 3.65847330139
39140000 3.65802219492
39150000 3.65756256196
39160000 3.65710213818
39170000 3.65662782861
39180000 3.65616814069
39190000 3.65570935828
39200000 3.65525974915
39210000 3.65480247098
39220000 3.65435129954
39230000 3.65389267866
39240000 3.65343403009
39250000 3.65298069097
39260000 3.65253704805
39270000 3.65208164459
39280000 3.6516338042
39290000 3.65117981341
39300000 3.65072493267
39310000 3.65026923986
39320000 3.64980952705
39330000 3.64935942706
39340000 3.64891095094
39350000 3.64845671652
39360000 3.64800481214
39370000 3.64755041538
39380000 3.64709618663
39390000 3.64664412578
39400000 3.64618220497
39410000 3.64571100577
39420000 3.64526359532
39430000 3.64481243413
39440000 3.64436597178
39450000 3.64392487299
39460000 3.64348467378
39470000 3.64302938684
39480000 3.64257928874
39490000 3.64212783008
39500000 3.64167085466
39510000 3.64121516451
39520000 3.64077163994
39530000 3.64033965857
39540000 3.63989458277
39550000 3.63943541097
39560000 3.63898148905
39570000 3.63852468758
39580000 3.63808274047
39590000 3.63762839851
39600000 3.63718289841
39610000 3.63672818569
39620000 3.63628232785
39630000 3.63583595038
39640000 3.63539053892
39650000 3.63494649382
39660000 3.63450142519
39670000 3.63405729149
39680000 3.63361101887
39690000 3.63316926363
39700000 3.63271719531
39710000 3.63226977319
39720000 3.63182047586
39730000 3.63137608329
39740000 3.63093049197
39750000 3.63048787535
39760000 3.6300472208
39770000 3.62960588829
39780000 3.62916377232
39790000 3.62872041717
39800000 3.62827309353
39810000 3.62782692453
39820000 3.6273811237
39830000 3.62693405259
39840000 3.62648788861
39850000 3.62604232164
39860000 3.62558810676
39870000 3.62515598746
39880000 3.62471384343
39890000 3.62426571204
39900000 3.62382667861
39910000 3.62339072348
39920000 3.62294429252
39930000 3.62249295639
39940000 3.62205218107
39950000 3.62161491647
39960000 3.62117017098
39970000 3.62072823619
39980000 3.62028793495
39990000 3.61984674392
40000000 3.61940027938
40010000 3.61896611236
40020000 3.6185219395
40030000 3.6180906649
40040000 3.61764844947
40050000 3.61721253997
40060000 3.61677097515
40070000 3.61633283561
40080000 3.61589284351
40090000 3.61546330162
40100000 3.61501896042
40110000 3.61458667616
40120000 3.61416205947
40130000 3.61372564192
40140000 3.61328613755
40150000 3.61285078815
40160000 3.61241033676
40170000 3.61196390005
40180000 3.61153458093
40190000 3.61108281941
40200000 3.61064937424
40210000 3.610194116
40220000 3.60976108875
40230000 3.60932884634
40240000 3.60889368938
40250000 3.60845250548
40260000 3.60801846806
40270000 3.60757385117
40280000 3.60712666033
40290000 3.60668493466
40300000 3.60625548982
40310000 3.60581454991
40320000 3.60538878473
40330000 3.60495724701
40340000 3.60452076107
40350000 3.60408100327
40360000 3.60364932772
40370000 3.60321192005
40380000 3.60278182613
