10000 69.81025508204435
20000 49.676312887542394
30000 39.97983642669016
40000 34.9648779935501
50000 31.75578724670343
60000 28.86369087867902
70000 26.56124471384452
80000 24.762533759291518
90000 23.246249739813255
100000 22.061488559149193
110000 21.077882111234594
120000 20.132197733132138
130000 19.34740713511054
140000 18.60913953217482
150000 17.932312334938324
160000 17.380850349727904
170000 16.846444390436776
180000 16.35659109373982
190000 15.926483592609411
200000 15.51270425915739
210000 15.160159142388943
220000 14.790548126245241
230000 14.459090281390331
240000 14.16511382728317
250000 13.873741715764869
260000 13.608704689334116
270000 13.347566669979344
280000 13.112947865067131
290000 12.899485993039619
300000 12.638399873844538
310000 12.447849118321713
320000 12.244303020236085
330000 12.056073569630533
340000 11.88080346175896
350000 11.719505510343922
360000 11.527706833307294
370000 11.361436347316266
380000 11.21273659913774
390000 11.083708596331364
400000 10.930439092381436
410000 10.79978769260837
420000 10.662020746941895
430000 10.532955245952564
440000 10.416626927701499
450000 10.305718838805742
460000 10.195630937240969
470000 10.086829712377865
480000 9.971818365900498
490000 9.871322341078013
500000 9.769639209895793
510000 9.681012158829805
520000 9.590053971023398
530000 9.509164130694124
540000 9.415466283667872
550000 9.33484730116841
560000 9.252199700899215
570000 9.171043869386702
580000 9.089247323026113
590000 9.02167888090992
600000 8.945783007158544
610000 8.874990589773223
620000 8.798374009129489
630000 8.729218731449347
640000 8.66425893310154
650000 8.585393953858748
660000 8.527239407265933
670000 8.45303027234174
680000 8.393642542498357
690000 8.333686913937983
700000 8.282444500001008
710000 8.215533934676944
720000 8.157148836272386
730000 8.087302434975895
740000 8.035741283026994
750000 7.974214241752932
760000 7.929199117443457
770000 7.878785376304204
780000 7.820245149253443
790000 7.76657833346025
800000 7.719558957262293
810000 7.658678393013511
820000 7.614200730579693
830000 7.566309517602906
840000 7.521051994043887
850000 7.478785037346562
860000 7.439097821948606
870000 7.386465087175326
880000 7.348040545900204
890000 7.306473446293178
900000 7.266425511725822
910000 7.222515646314094
920000 7.179422587384805
930000 7.1439252611845445
940000 7.108399193429594
950000 7.067839770143737
960000 7.026161133126043
970000 6.991710897994799
980000 6.975770651360764
990000 6.935899720687829
1000000 6.8884773609608745
1010000 6.8524051028995006
1020000 6.812057899601282
1030000 6.775791443064476
1040000 6.747651581078948
1050000 6.712600026220075
1060000 6.682005578636873
1070000 6.654151623529908
1080000 6.61926460899303
1090000 6.5892575307532955
1100000 6.560196387243488
1110000 6.532080317612235
1120000 6.504151416816672
1130000 6.478413503143352
1140000 6.445943702439046
1150000 6.415810785153314
1160000 6.3945827804025965
1170000 6.363944473270644
1180000 6.333102853049471
1190000 6.307423650881023
1200000 6.281912877057749
1210000 6.254526170420183
1220000 6.228546367630352
1230000 6.206444885333008
1240000 6.178529081763256
1250000 6.154476223338116
1260000 6.129019526665484
1270000 6.10566966215869
1280000 6.086653892898379
1290000 6.064124263483373
1300000 6.0392322434269
1310000 6.020246911354516
1320000 5.994977185875029
1330000 5.972273573361064
1340000 5.944744560013074
1350000 5.921102099890859
1360000 5.899319594153305
1370000 5.877469957678284
1380000 5.859072575952726
1390000 5.840924506271458
1400000 5.817059935556201
1410000 5.800049576871954
1420000 5.784539011556967
1430000 5.75982390483321
1440000 5.736528800880343
1450000 5.709819151738128
1460000 5.6917435012270925
1470000 5.672702781962296
1480000 5.655305124242903
1490000 5.632530095490939
1500000 5.614438234075883
1510000 5.599845183068465
1520000 5.586482194363844
1530000 5.570459608114584
1540000 5.553373189581444
1550000 5.529411008030921
1560000 5.512708223866871
1570000 5.492750554852101
1580000 5.471267355193794
1590000 5.451260899665627
1600000 5.436551483988048
1610000 5.422805749886731
1620000 5.408945879873342
1630000 5.386274546419588
1640000 5.370981487708139
1650000 5.354326571024581
1660000 5.339481485286869
1670000 5.3250533295319435
1680000 5.308238744724299
1690000 5.292423882265009
1700000 5.279801988690093
1710000 5.263438108776217
1720000 5.248084488107083
1730000 5.230815069414922
1740000 5.216639784734627
1750000 5.201705685719496
1760000 5.1893306611294
1770000 5.179194491697754
1780000 5.169863552529464
1790000 5.153638102571245
1800000 5.1478182695870744
1810000 5.126818624203014
1820000 5.112458951491525
1830000 5.102777335074685
1840000 5.0918131647120495
1850000 5.075792468704747
1860000 5.064433344942007
1870000 5.049788975090201
1880000 5.035506337483835
1890000 5.023223883391607
1900000 5.01424508588807
1910000 5.002646887877703
1920000 4.990907331644049
1930000 4.973990148289104
1940000 4.957931989514274
1950000 4.941875506302676
1960000 4.9332689378066155
1970000 4.921770140342404
1980000 4.906348108345384
1990000 4.8961485492560755
2000000 4.882872132734084
2010000 4.869899634640808
2020000 4.855765181118673
2030000 4.847199868436772
2040000 4.83570321656236
2050000 4.820190499995363
2060000 4.806517052182417
2070000 4.801376971878862
2080000 4.79043824485625
2090000 4.77531854127087
2100000 4.766921601538962
2110000 4.759096687976285
2120000 4.750754061405562
2130000 4.7374509086544405
2140000 4.726377219808275
2150000 4.713775027538056
2160000 4.7068981129834135
2170000 4.696017196023331
2180000 4.6846403181850205
2190000 4.676723579366747
2200000 4.6674403582427155
2210000 4.655716883162453
2220000 4.644430014397676
2230000 4.630156230303949
2240000 4.622673091917156
2250000 4.610674905408504
2260000 4.600608371625797
2270000 4.592140910611051
2280000 4.583695980624914
2290000 4.575016377260715
2300000 4.5694140346874885
2310000 4.560794302861217
2320000 4.554113966275498
2330000 4.544561931145039
2340000 4.536086806487906
2350000 4.526325699593688
2360000 4.515654823514809
2370000 4.509948910295833
2380000 4.499318212830709
2390000 4.489608481946032
2400000 4.479430780389337
2410000 4.471331659845412
2420000 4.467109950850973
2430000 4.455691126123015
2440000 4.446623507791039
2450000 4.4365778428384495
2460000 4.429276340934857
2470000 4.418144943858923
2480000 4.409990898112416
2490000 4.4025679921951495
2500000 4.396193698848745
2510000 4.389071666181755
2520000 4.382726579053129
2530000 4.378364087337581
2540000 4.371582260130639
2550000 4.3672617861544305
2560000 4.357968861060656
2570000 4.350825081216431
2580000 4.340713104170848
2590000 4.335574301014367
2600000 4.326288177498048
2610000 4.319984867862279
2620000 4.314904557765956
2630000 4.311981112303675
2640000 4.30833633307146
2650000 4.301235276413013
2660000 4.29323085749054
2670000 4.284937856499027
2680000 4.278174427836297
2690000 4.270658509767991
2700000 4.262724714420449
2710000 4.2545921858400355
2720000 4.2451880583428965
2730000 4.2360817212012485
2740000 4.229711568970841
2750000 4.224461999779768
2760000 4.216161830282512
2770000 4.2093474293438495
2780000 4.202646384464098
2790000 4.196785724663898
2800000 4.190406101855071
2810000 4.183810777194256
2820000 4.178728646122124
2830000 4.172430652868276
2840000 4.165586766884717
2850000 4.158407014427561
2860000 4.14949661801577
2870000 4.145406196370341
2880000 4.1431748506032715
2890000 4.138520237432741
2900000 4.1295954614878925
2910000 4.1202774835913285
2920000 4.114137029067803
2930000 4.109909562410322
2940000 4.106503553760887
2950000 4.100279467522616
2960000 4.09355465667916
2970000 4.085042389890103
2980000 4.080700356716574
2990000 4.075263694197799
3000000 4.073000500856632
3010000 4.065913434223534
3020000 4.059490861594673
3030000 4.0526992182858095
3040000 4.048258894918299
3050000 4.040448857343852
3060000 4.033184956245318
3070000 4.030348922175354
3080000 4.027323149149434
3090000 4.019835507140353
3100000 4.013134321904753
3110000 4.00881451161112
3120000 4.003223690040455
3130000 3.9989887023779778
3140000 3.9947749902192613
3150000 3.9900364187685717
3160000 3.982401037197928
3170000 3.975500512993843
3180000 3.970393995845728
3190000 3.9662224736035436
3200000 3.961237866804562
3210000 3.954038959855828
3220000 3.9480410802221866
3230000 3.942462317318441
3240000 3.939678750710194
3250000 3.9351219716028
3260000 3.9305544891452646
3270000 3.9269598922864892
3280000 3.920485049881062
3290000 3.91701655528769
3300000 3.9104350130506815
3310000 3.9067465164362667
3320000 3.9028756675417107
3330000 3.8970516082180384
3340000 3.8945210413668767
3350000 3.89018316362275
3360000 3.885507219111129
3370000 3.881091032893734
3380000 3.875697614749945
3390000 3.87101667170584
3400000 3.865410685265498
3410000 3.860679000972945
3420000 3.8561203563031152
3430000 3.8499317429033804
3440000 3.845277021159968
3450000 3.840751059570764
3460000 3.836764540002625
3470000 3.8329975198808954
3480000 3.8294017483753655
3490000 3.8241265968701366
3500000 3.820339158147333
3510000 3.817081793823122
3520000 3.8123642502315023
3530000 3.8075623273226773
3540000 3.805191247037562
3550000 3.7993369121664173
3560000 3.7946336479669824
3570000 3.7922102539982143
3580000 3.7883139526068144
3590000 3.787529982217778
3600000 3.784736529444936
3610000 3.783248467459893
3620000 3.7808094918367017
3630000 3.7772600253990154
3640000 3.7749027974832443
3650000 3.770266751730774
3660000 3.766609005282839
3670000 3.7613534472264627
3680000 3.7575463156598596
3690000 3.753897549281182
3700000 3.750825380269081
3710000 3.7470901799961664
3720000 3.744253727719503
3730000 3.743633178627121
3740000 3.7401871012152803
3750000 3.735788730338512
3760000 3.7315949549244034
3770000 3.7279662475943716
3780000 3.7263265529045593
3790000 3.721757356564631
3800000 3.7169126475251533
3810000 3.712692650910009
3820000 3.7085320315113868
3830000 3.7047401532915174
3840000 3.7014416763128843
3850000 3.6981731525985073
3860000 3.6939979764471427
3870000 3.6920562043237375
3880000 3.6873648138407114
3890000 3.680912620079908
3900000 3.6758699863471125
