10000 49.84457078936907
20000 35.82748829753688
30000 29.600417708361753
40000 25.866517885063384
50000 23.208905112646566
60000 21.279566105293036
70000 19.82266536729692
80000 18.678157723036122
90000 17.747621743445016
100000 16.902083175770514
110000 15.997019291818985
120000 15.311372214095856
130000 14.727153160757963
140000 14.215271559364936
150000 13.709717289160283
160000 13.246609524876668
170000 12.841536118206221
180000 12.487251811520107
190000 12.143973700449683
200000 11.808359931882308
210000 11.516612342137226
220000 11.246842221945524
230000 11.00803764714805
240000 10.754045755494769
250000 10.554889087165318
260000 10.319885214937365
270000 10.099103826687834
280000 9.901645511651342
290000 9.73198809844416
300000 9.555661555675213
310000 9.380421168408343
320000 9.229203377412274
330000 9.086223355374472
340000 8.965142717466982
350000 8.838297127697368
360000 8.709629817770526
370000 8.583009871425505
380000 8.444249212716903
390000 8.32368474194996
400000 8.208132266632667
410000 8.092684159775702
420000 7.990292109741928
430000 7.902672021280902
440000 7.813635229624603
450000 7.723917679628502
460000 7.625704429673582
470000 7.531016814622679
480000 7.4574213061926855
490000 7.3591637808671315
500000 7.2633192382367495
510000 7.174050279132989
520000 7.096632690129279
530000 7.026034805810875
540000 6.964921619137362
550000 6.892170222174676
560000 6.822128563248587
570000 6.756006422052799
580000 6.688526450888476
590000 6.637100862310717
600000 6.590789021276601
610000 6.532641035466613
620000 6.47632908290763
630000 6.416940289520022
640000 6.353236600116302
650000 6.307727857127555
660000 6.259993557151176
670000 6.208065739432775
680000 6.164517352214656
690000 6.119605153353386
700000 6.077281746980206
710000 6.027493201255273
720000 5.98060321155713
730000 5.9413117962383275
740000 5.903138144215349
750000 5.8579537070775345
760000 5.826122748890236
770000 5.786248004230995
780000 5.75380941763096
790000 5.710071971503325
800000 5.671191326258051
810000 5.633459952218279
820000 5.599723065709721
830000 5.557081798770759
840000 5.5088500429832665
850000 5.468004353355046
860000 5.435657183324132
870000 5.401335482680728
880000 5.360386812865318
890000 5.326061383046399
900000 5.298693600242833
910000 5.2689120527594495
920000 5.237417269042717
930000 5.212169024568217
940000 5.176421392408322
950000 5.1489666439117485
960000 5.116210607043835
970000 5.07726756211945
980000 5.034233227269212
990000 4.997169739657855
1000000 4.9749844945400685
1010000 4.940826230480355
1020000 4.917955723623304
1030000 4.887363683959121
1040000 4.8640006309553145
1050000 4.837942118212294
1060000 4.814147720057036
1070000 4.78973992970166
1080000 4.770607338832195
1090000 4.741098602130664
1100000 4.703215985199405
1110000 4.680825164323118
1120000 4.656813079893821
1130000 4.638479725453221
1140000 4.615197179665734
1150000 4.588020922782763
1160000 4.563762247790439
1170000 4.544660227752197
1180000 4.515047083714463
1190000 4.49319314616803
1200000 4.4719687872565705
1210000 4.448097395528799
1220000 4.424377773114128
1230000 4.4070726672810405
1240000 4.39073229141374
1250000 4.37002283736503
1260000 4.351688069016032
1270000 4.3281788171554325
1280000 4.308178852598557
1290000 4.290108901392938
1300000 4.270687807072867
1310000 4.249859526454322
1320000 4.228070704476612
1330000 4.21031720256857
1340000 4.194756115397443
1350000 4.177909615202479
1360000 4.162856264628814
1370000 4.1481471946007185
1380000 4.135776624975048
1390000 4.118708238634773
1400000 4.10233539619559
1410000 4.0745060023174
1420000 4.059861202181151
1430000 4.037398060250623
1440000 4.0223343429924885
1450000 4.007605696066851
1460000 3.993176041824542
1470000 3.9738527253146194
1480000 3.957572802075866
1490000 3.939203522697585
1500000 3.927772579858374
1510000 3.9106243527853777
1520000 3.89960539204471
1530000 3.884111845673427
1540000 3.8651892110204633
1550000 3.8502110161721617
1560000 3.838065443077673
1570000 3.8222374218133965
1580000 3.8078624236786753
1590000 3.7919475347936635
1600000 3.7788643954034353
1610000 3.7701562870977514
1620000 3.752719402671433
1630000 3.7421109650624738
1640000 3.7311849792864016
1650000 3.7104427592028406
1660000 3.69804326638044
1670000 3.685313878958022
1680000 3.6719729049273853
1690000 3.660696610716068
1700000 3.641885944754422
1710000 3.6307446306312547
1720000 3.62158877270161
1730000 3.608719212325557
1740000 3.5983005695622494
1750000 3.5898184822634054
1760000 3.575272137934647
1770000 3.5570367609138924
1780000 3.5484176061193913
1790000 3.5403276379225406
1800000 3.527635551021159
1810000 3.5100420472180027
1820000 3.4971305545077995
1830000 3.486130338750315
1840000 3.4781040654183233
1850000 3.466287069526623
1860000 3.454253020701368
1870000 3.4418640097364106
1880000 3.4337213697871865
1890000 3.4183304030410855
1900000 3.411730316144034
1910000 3.401746983983782
1920000 3.3929988091093093
1930000 3.382478062767865
1940000 3.374910820901127
1950000 3.3643533390790012
1960000 3.3557393596746112
1970000 3.3470070409853125
1980000 3.33636366641914
1990000 3.326219809070545
2000000 3.31844760501144
2010000 3.3106158904741343
2020000 3.3013751088434082
2030000 3.292422559536749
2040000 3.2807538149726994
2050000 3.273494827750666
2060000 3.262119981985914
2070000 3.252618110056958
2080000 3.2449603822823527
2090000 3.237501243263876
2100000 3.226846853958469
2110000 3.2179927737355483
2120000 3.2106100063094423
2130000 3.200392814506466
2140000 3.19215412231714
2150000 3.1811921540695924
2160000 3.171144241603299
2170000 3.1621126283980336
2180000 3.152438983924079
2190000 3.1456995905888583
2200000 3.1362319069555435
2210000 3.127112440923688
2220000 3.118189058567188
2230000 3.1077292019958698
2240000 3.0968308651966283
2250000 3.0860713384347704
2260000 3.0785327704662047
2270000 3.0657221123343175
2280000 3.0496808846884664
2290000 3.0425956794289677
2300000 3.034268745593579
2310000 3.023404320007141
2320000 3.015313944606727
2330000 3.0092084678798567
2340000 2.998087607397071
2350000 2.9912347113271274
2360000 2.9826088930840178
2370000 2.9741351579495743
2380000 2.965343749540814
2390000 2.9562766332338173
2400000 2.948768437294078
2410000 2.9427315620227343
2420000 2.9363818738094225
2430000 2.9299627689635424
2440000 2.923973032446819
2450000 2.9164304454138565
2460000 2.9085189575810175
2470000 2.8988642404657194
2480000 2.892075718796352
2490000 2.8854206692534947
2500000 2.8787245684697997
2510000 2.872798122635477
2520000 2.8666049330789574
2530000 2.8603639559848975
2540000 2.8540695172443926
2550000 2.8464460137496066
2560000 2.8424168715315656
2570000 2.838045847835275
2580000 2.8297508590729246
2590000 2.8235964803141202
2600000 2.816415721064832
2610000 2.810969939732089
2620000 2.803600495149282
2630000 2.795148238210824
2640000 2.7891328832471762
2650000 2.779190109708704
2660000 2.771869026481944
2670000 2.765175190777346
2680000 2.7545410001466073
2690000 2.750290427343678
2700000 2.7406226730830356
2710000 2.7336385522389453
2720000 2.7274895836681194
2730000 2.7204597658964653
2740000 2.7132849679490327
2750000 2.708687365468904
2760000 2.7027000827138234
2770000 2.6960517964776587
2780000 2.6901140813514957
2790000 2.6814249107721553
2800000 2.6760044656175577
2810000 2.666352332478613
2820000 2.662522856231853
2830000 2.6573798916404074
2840000 2.65015847177385
2850000 2.6464812137721987
2860000 2.639640143243554
2870000 2.633132365062726
2880000 2.6245840134020866
2890000 2.6158860165892377
2900000 2.609471638458465
2910000 2.6032521026965685
2920000 2.596327339280914
2930000 2.591553147591756
2940000 2.5860703842317627
2950000 2.579773831258569
2960000 2.5725796862000387
2970000 2.565409316086428
2980000 2.5616203637411896
2990000 2.5564213554499986
3000000 2.55306566415152
3010000 2.5473699180791183
3020000 2.54162201941052
3030000 2.5362877003904187
3040000 2.5312196546689854
3050000 2.5256468889664174
3060000 2.518815462280287
3070000 2.5126966611217285
3080000 2.507275430898939
3090000 2.5004059765928113
3100000 2.4948582530181627
3110000 2.490378845068345
3120000 2.485298572618196
3130000 2.4815002539934476
3140000 2.4760146128150287
3150000 2.470131879115469
3160000 2.4635830471017517
3170000 2.458556383138281
3180000 2.4546073435251947
3190000 2.451077498153526
3200000 2.4477136955292154
3210000 2.442781996578993
3220000 2.437412887988954
3230000 2.432198619977411
3240000 2.428191638073336
3250000 2.4227226766695815
3260000 2.4181830939981412
3270000 2.414227813204809
3280000 2.407609557953227
3290000 2.4044981361541367
3300000 2.3993411443692243
3310000 2.3937536367724195
3320000 2.3870664298404916
3330000 2.3823365095055595
3340000 2.3759261911643845
3350000 2.370326833355273
3360000 2.3667011520139924
3370000 2.3639519977651933
3380000 2.359666996040207
3390000 2.355338484770671
3400000 2.3512259302503637
3410000 2.3472902787139187
3420000 2.3431914623315104
3430000 2.337732164855845
3440000 2.332204014023154
3450000 2.327255207209368
3460000 2.3232886699673263
3470000 2.3175308050306516
3480000 2.313934985108253
3490000 2.3106676868020646
3500000 2.3075219918270085
3510000 2.302865172944868
3520000 2.2988761583036896
3530000 2.295419443163796
3540000 2.292661926139002
3550000 2.289486240656934
3560000 2.284455353570409
3570000 2.278268652694636
3580000 2.2736814207806804
3590000 2.2706673816657457
3600000 2.2668122164903632
3610000 2.2632895364128727
3620000 2.259887903673727
3630000 2.2557655626587323
3640000 2.2515529239668313
3650000 2.2475603737206775
3660000 2.243014220008144
3670000 2.239598486028214
3680000 2.234904379332508
3690000 2.228739370790007
3700000 2.224890408013622
3710000 2.220805778672513
3720000 2.213240801230031
3730000 2.2092971775582813
3740000 2.2051007952568242
3750000 2.2014887133177483
3760000 2.1989836507559377
3770000 2.19560172477612
3780000 2.193367273577151
3790000 2.189235687371558
3800000 2.1862001138736264
3810000 2.1829050960521164
3820000 2.17901827377491
3830000 2.1733618242907915
3840000 2.1681556873099526
3850000 2.165692322140106
3860000 2.1623362945612743
3870000 2.157340360360877
3880000 2.154133781324403
3890000 2.15090727806429
3900000 2.1481392970061566
3910000 2.1452820329552664
3920000 2.140023779457587
3930000 2.13665686326108
3940000 2.1338295079940344
3950000 2.1292835868673237
3960000 2.126894726676217
3970000 2.1235475525649288
3980000 2.120348906244676
3990000 2.1178838209735082
4000000 2.111627189777065
4010000 2.109204145165143
4020000 2.103002692203365
4030000 2.1001786017674244
4040000 2.0953485803325673
4050000 2.0923767473631925
4060000 2.08943665610182
4070000 2.086065609591829
4080000 2.081678291586448
4090000 2.079536781407143
4100000 2.074194232621378
4110000 2.07050444041963
4120000 2.0659484203916465
4130000 2.062397034004449
4140000 2.0589572995552112
4150000 2.0562817236356317
4160000 2.0538798431822136
4170000 2.050682733084298
4180000 2.04859443619613
4190000 2.0457508088493626
4200000 2.0428874522739644
4210000 2.0398102776795564
4220000 2.036636219194554
4230000 2.0345272687294806
4240000 2.0314891376205524
4250000 2.02781180315287
4260000 2.0237704860434524
4270000 2.019179113791096
4280000 2.0140442886537397
4290000 2.0089324475995953
4300000 2.0053946075996945
4310000 2.0029573234612625
4320000 1.9988169978951127
4330000 1.9936636285822644
4340000 1.9904200365053488
4350000 1.987160690051742
4360000 1.9852302048526274
4370000 1.9812022364942874
4380000 1.9784298578560533
4390000 1.975013036237898
4400000 1.9710654967406804
4410000 1.967219224764302
4420000 1.9641878530890373
4430000 1.9608501753639178
4440000 1.9585362868719296
4450000 1.9553654963988991
4460000 1.952847512689426
4470000 1.9499012179222432
4480000 1.9484522269990794
4490000 1.9460884476233244
4500000 1.944138040150516
4510000 1.9409892764361527
4520000 1.9368719914349986
4530000 1.9333048793923229
4540000 1.9316736482769095
4550000 1.9288598200311335
4560000 1.925944179385005
4570000 1.923831950471778
4580000 1.9202653413145978
4590000 1.9167096390312803
4600000 1.914765524330759
4610000 1.9109093708188314
4620000 1.9092982308699395
4630000 1.906865941083894
4640000 1.90390765321961
4650000 1.8992586025951013
4660000 1.8944018964486764
4670000 1.8911046412393768
4680000 1.8886905051268836
4690000 1.886126159088498
4700000 1.8841747863218512
4710000 1.8816012071105515
4720000 1.879028377140523
4730000 1.876719392544047
4740000 1.8746409411895713
4750000 1.8731471591243685
4760000 1.8703926213765982
4770000 1.8677663165701457
4780000 1.865569220910568
4790000 1.8631991812013065
4800000 1.8610572393712557
4810000 1.8571095090504914
4820000 1.8530160750332203
4830000 1.849578874772282
4840000 1.846792629970054
4850000 1.8454937664284776
4860000 1.8433283922115864
4870000 1.839339684650717
4880000 1.8374764422935237
4890000 1.8338535199619757
4900000 1.8313919824061466
4910000 1.8277914439924943
4920000 1.8256617475298667
4930000 1.8230897555334393
4940000 1.8200241429610244
4950000 1.8177442444791323
4960000 1.8160051265173398
4970000 1.8132139600562702
4980000 1.8104971400928611
4990000 1.8075033467059314
5000000 1.8050780728611822
5010000 1.8025705770670528
5020000 1.7997410557101543
5030000 1.796693354470243
5040000 1.79405401028918
5050000 1.7919566885011333
5060000 1.7902720628462643
5070000 1.7887924044789634
5080000 1.7867976154675735
5090000 1.784179210301046
5100000 1.7820417079164488
5110000 1.7802609979891044
5120000 1.7781584885343917
5130000 1.774616063706314
5140000 1.7712716331968759
5150000 1.7685966324931288
5160000 1.7666391086180668
5170000 1.7637829163548804
5180000 1.760535715379321
5190000 1.7581638955908732
5200000 1.7559619169387615
5210000 1.7535120942142561
5220000 1.7516832255524657
5230000 1.7478300612650093
5240000 1.745249063254325
5250000 1.742909212652466
5260000 1.7405569169925894
5270000 1.7392974895180129
5280000 1.7369973010648336
5290000 1.7341209011265588
5300000 1.7319395153591362
5310000 1.7296727430407943
5320000 1.7278633673349486
5330000 1.7263286523535601
5340000 1.7237791353251952
5350000 1.7214234825152384
5360000 1.7187919150943147
5370000 1.7158697335552944
5380000 1.7129482465756902
5390000 1.70999736059234
5400000 1.7077922297944887
5410000 1.7064786436660224
5420000 1.7054318296124655
5430000 1.7031911840805143
5440000 1.7014591656936873
5450000 1.6980586786853482
5460000 1.6949527367990005
5470000 1.6925450727941884
5480000 1.6904111686444188
5490000 1.6888262647975032
5500000 1.6862510787990193
5510000 1.6833942720760064
5520000 1.6811542900458594
5530000 1.6791892041844256
5540000 1.6766035330113027
5550000 1.6740926402165004
5560000 1.6724413504466287
5570000 1.6705127814639136
5580000 1.6683077058454359
5590000 1.6654055744254317
5600000 1.6619597509683854
5610000 1.6590131941728063
5620000 1.6571538818425575
5630000 1.6542228403484884
5640000 1.6529502118177124
5650000 1.65092512784369
5660000 1.6491981225516088
5670000 1.6473869311942502
5680000 1.645138268843017
5690000 1.643176755439153
5700000 1.6402797738369224
5710000 1.637806007098688
5720000 1.6363466476701254
5730000 1.635058037942119
5740000 1.6332412051212903
5750000 1.6319277718920142
5760000 1.6296643088207674
5770000 1.6281827534059548
5780000 1.6263200969534015
5790000 1.6244674159453902
5800000 1.6219500531875037
5810000 1.6203083449001858
5820000 1.6188396560080518
5830000 1.6165908954273076
5840000 1.6143675025509148
5850000 1.6118194089162583
5860000 1.6103514674031671
5870000 1.6090874262843966
5880000 1.6078281596576283
5890000 1.6065100222713666
5900000 1.6051618387726845
5910000 1.6034485775558733
5920000 1.6013558271854846
5930000 1.598848262667178
5940000 1.596474725499154
5950000 1.59465679549749
5960000 1.5928086291726602
5970000 1.5901602006203173
5980000 1.5880943040007407
5990000 1.586521965274349
6000000 1.5851950037399882
6010000 1.583149816113133
6020000 1.5808475954935828
6030000 1.57937374192438
6040000 1.5768810738623615
6050000 1.5750752525680818
6060000 1.5727637631650369
6070000 1.570924181941548
6080000 1.5681676926310875
6090000 1.5657269561055231
6100000 1.5631517749288777
6110000 1.5615527886609515
6120000 1.5598826737794262
6130000 1.5580498234451097
6140000 1.5569018924276246
6150000 1.5550240552277816
6160000 1.5532584931470834
6170000 1.5511447222342
6180000 1.5492227595165309
6190000 1.5473084549549487
6200000 1.5456975658031438
6210000 1.5434118192527508
6220000 1.5420504472849963
6230000 1.5402118385546366
6240000 1.5376465772048475
6250000 1.536153815230204
6260000 1.5347760118748484
6270000 1.532362833593522
6280000 1.530204098621633
6290000 1.5287559953197194
6300000 1.5273963130105306
6310000 1.5248858091486983
6320000 1.5224198088269822
6330000 1.5207305862161395
6340000 1.5192651335232177
6350000 1.5169848960934065
6360000 1.5148454643772402
6370000 1.513419945003521
6380000 1.5120135513311235
6390000 1.5094640121924152
6400000 1.507189108126667
6410000 1.506288589293367
6420000 1.5048179623168716
6430000 1.502709025225004
6440000 1.501623527593926
6450000 1.500376290554894
6460000 1.4982465341786402
6470000 1.49710087270109
6480000 1.4958692214489997
6490000 1.4943217882788387
6500000 1.493326118477563
6510000 1.4916345521274184
6520000 1.490191185072138
6530000 1.4885878172560287
6540000 1.4868168002007212
6550000 1.4848509867090445
6560000 1.4835741943804097
6570000 1.4821747155231175
6580000 1.4807352384412076
6590000 1.4788444045755968
6600000 1.4772190381842925
6610000 1.4756905440694126
6620000 1.473900377307568
6630000 1.4727679399109732
6640000 1.4709564443147563
6650000 1.4695818981280895
6660000 1.4674135195845868
6670000 1.4657493338447776
6680000 1.4639141431221165
6690000 1.4616892658249372
6700000 1.4596875459247396
6710000 1.4579710444903908
6720000 1.4565683675330294
6730000 1.4551785666526793
6740000 1.4532193622529888
6750000 1.4516588580073082
6760000 1.4504433089904534
6770000 1.4489485691199275
6780000 1.4471068761468773
