300	159.3782778890926
600	117.9910740952411
900	98.72606512429793
1200	86.89652361417198
1500	78.69155199758441
1800	72.5284902555934
2100	67.65834427283934
2400	63.71665521744607
2700	60.425345191279526
3000	57.65497968357679
3300	55.19707217077918
3600	53.068033216678266
3900	51.1818797040833
4200	49.49243623713373
4500	47.96875720423876
4800	46.584712924134735
5100	45.320345991376556
5400	44.160048185701136
5700	43.08844742110702
6000	42.09521146032523
6300	41.1715433549796
6600	40.309875935157066
6900	39.50210051227739
7200	38.74379485739254
7500	38.02941871871157
7800	37.35632006061701
8100	36.71895771952854
8400	36.11531848857596
8700	35.54190112613219
9000	34.995936239159775
9300	34.47629642094017
9600	33.97976614556362
9900	33.50565968893247
10200	33.05210959681307
10500	32.61718389928798
10800	32.19960678821852
11100	31.798598214400567
11400	31.413577488123227
11700	31.042542311423603
12000	30.684920119824405
12300	30.340287036796383
12600	30.007826351275597
12900	29.686383663106973
13200	29.375474843702165
13500	29.074954949704242
13800	28.783814023590615
14100	28.501829502023263
14400	28.22813538456907
14700	27.962916581242435
15000	27.705166330082513
15300	27.454961435214074
15600	27.211579041855572
15900	26.97502205504077
16200	26.744960940629234
16500	26.520991250111052
16800	26.302398471776904
17100	26.08983025217251
17400	25.88238938688533
17700	25.68017235098708
18000	25.482896002757933
18300	25.29018502767245
18600	25.102037629555568
18900	24.91818991337277
19200	24.738489210063264
19500	24.56288482671026
19800	24.39122263814763
20100	24.223119751109376
20400	24.058933827201734
20700	23.898067736327686
21000	23.740300372528143
21300	23.58618388533002
21600	23.434911303259256
21900	23.28666871616197
22200	23.14150014840036
22500	22.99921813053392
22800	22.859655692802285
23100	22.722436384229486
23400	22.588175937332835
23700	22.456045077195867
24000	22.326388215419335
24300	22.1989887640706
24600	22.07369420791261
24900	21.950756187529556
25200	21.83005842500164
25500	21.71146640321063
25800	21.594854985798733
26100	21.4801005470905
26400	21.367452410796627
26700	21.256342800907337
27000	21.14726753278453
27300	21.039988201305842
27600	20.93434499989962
27900	20.830411614662015
28200	20.72799611717386
28500	20.627327250603813
28800	20.528029603164605
29100	20.43024549806387
29400	20.334052222321702
29700	20.238977068011586
30000	20.145517077135125
30300	20.053380674143696
30600	19.962546313833826
30900	19.872984485267644
31200	19.784519104268107
31500	19.697422121220207
31800	19.61145574513872
32100	19.526743242232406
32400	19.443170765168066
32700	19.360568389784515
33000	19.278985784542098
33300	19.19864457877288
33600	19.11940810784049
33900	19.041184076935956
34200	18.963977406701787
34500	18.887760585293886
34800	18.812588024758472
35100	18.738301421576388
35400	18.664879691558966
35700	18.592336154153827
36000	18.520645683657012
36300	18.449682859598777
36600	18.37971108038107
36900	18.31050763770873
37200	18.242206762085253
37500	18.17473416354897
37800	18.107899343591782
38100	18.041923358698494
38400	17.976705424765647
38700	17.91213664143944
39000	17.848408591670545
39300	17.785368992148463
39600	17.72306235877518
39900	17.66132731920935
40200	17.60023730072694
40500	17.539872822070965
40800	17.480121245156134
41100	17.4210280165374
41400	17.36267465137668
41700	17.3047534027787
42000	17.24763720652445
42300	17.190993666957255
42600	17.134941553651657
42900	17.079484576296014
43200	17.024592643088006
43500	16.97018706445886
43800	16.91646790866814
44100	16.86316421934312
44400	16.81045242743577
44700	16.75823267072039
45000	16.706431470106764
45300	16.65519330156689
45600	16.60447172807358
45900	16.554299731843273
46200	16.504529594472302
46500	16.45515492686775
46800	16.406266456052556
47100	16.357900278271337
47400	16.30994687728773
47700	16.262483431920543
48000	16.21533072854094
48300	16.168643831544316
48600	16.1223915525579
48900	16.076690870807912
49200	16.031292523080612
49500	15.9862731831177
49800	15.941659259431464
50100	15.897383092448147
50400	15.853590073734054
50700	15.810105005832273
51000	15.767138216868535
51300	15.724403811055272
51600	15.68203397753595
51900	15.64004154509325
52200	15.59846410223006
52500	15.557156581244453
52800	15.516227473253602
53100	15.475622371088004
53400	15.435381392183995
53700	15.395506936566868
54000	15.355952133573956
54300	15.316629386581754
54600	15.277644694230695
54900	15.239008568479495
55200	15.20062762324357
55500	15.162424204143006
55800	15.124599286396819
56100	15.087219154303993
56400	15.05006411429424
56700	15.013145507706383
57000	14.976472526707763
57300	14.940058727454765
57600	14.904000811244607
57900	14.868236866513612
58200	14.832723941517816
58500	14.797467017938004
58800	14.762435825584657
59100	14.727695362016648
59400	14.6931554835599
59700	14.658904002813408
60000	14.62494159116981
60300	14.591236732415938
60600	14.5577688138397
60900	14.524448900364979
61200	14.491466486732323
61500	14.45871534059026
61800	14.426228676557468
62100	14.393890381477519
62400	14.361791374608206
62700	14.329880849117943
63000	14.298274658827893
63300	14.266872804121004
63600	14.23553081674291
63900	14.204525230541384
64200	14.173716494993078
64500	14.143220721486205
64800	14.112847119195388
65100	14.08268698036687
65400	14.052668936462453
65700	14.022914802828687
66000	13.993344299581583
66300	13.963974975797619
66600	13.934777709436094
66900	13.905769782861801
67200	13.876998394107888
67500	13.848362819645313
67800	13.819905354472771
68100	13.791687866335618
68400	13.763673512262514
68700	13.73578543279936
69000	13.708087496238363
69300	13.680516793278958
69600	13.65310366076578
69900	13.625900174651584
70200	13.59891984749746
70500	13.572042603620654
70800	13.545336434152029
71100	13.518855014417984
71400	13.49245712560434
71700	13.466305800994395
72000	13.440270220477796
72300	13.414399996839236
72600	13.388632095214088
72900	13.363070967717064
73200	13.337657378397203
73500	13.312459959116744
73800	13.287358107097674
74100	13.262420674732425
74400	13.237620268541491
74700	13.212892775777215
75000	13.188406830758161
75300	13.163987225109777
75600	13.139682017273799
75900	13.11556972809342
76200	13.091609970279425
76500	13.067734150581586
76800	13.04404839321921
77100	13.02046212621899
77400	12.99702512651623
77700	12.973707067113274
78000	12.950562261218412
78300	12.927520265960801
78600	12.904592224760451
78900	12.881783856864626
79200	12.859156651119457
79500	12.836626769279547
79800	12.814216302717025
80100	12.791921493681546
80400	12.769748121752835
80700	12.747750624449832
81000	12.725863897833843
81300	12.704028147596519
81600	12.68231969329229
81900	12.660750550581898
82200	12.639273855826746
82500	12.617899612842237
82800	12.596644297260863
83100	12.575499535470897
83400	12.554511115653789
83700	12.53366958775756
84000	12.512926230332098
84300	12.492197149979035
84600	12.471625001104767
84900	12.451166954940264
85200	12.430817812643808
85500	12.410543439784668
85800	12.390368760035006
86100	12.370308401526541
86400	12.350359092305439
86700	12.330511327473506
87000	12.310764977937303
87300	12.291094008422355
87600	12.27152440046915
87900	12.252072779511465
88200	12.232677900291353
88500	12.21338418071118
88800	12.194221606176896
89100	12.175178821462701
89400	12.156179852053342
89700	12.137273319469713
90000	12.118514042689734
90300	12.09976990921003
90600	12.08116421804353
90900	12.062674806828575
91200	12.044251469040994
91500	12.025886085517438
91800	12.007653066464993
92100	11.989439922759004
92400	11.971342573810045
92700	11.953297606656882
93000	11.935402669402755
93300	11.917596138654154
93600	11.899904235920056
93900	11.882255393959156
94200	11.86463102052844
94500	11.847145094702544
94800	11.829697076495753
95100	11.812300097155685
95400	11.79506223224174
95700	11.777851530604284
96000	11.760728309160296
96300	11.743665256941632
96600	11.7266842249146
96900	11.709824241241273
97200	11.692961412521587
97500	11.676240198563686
97800	11.65957608888819
98100	11.64296646471037
98400	11.626459844881438
98700	11.610026299767508
99000	11.593650485850251
99300	11.57734508185097
99600	11.561166320874944
99900	11.545005819311974
100200	11.528965032383766
100500	11.512997984707312
100800	11.497060076653304
101100	11.481206563525383
101400	11.46544083085858
101700	11.449706777673606
102000	11.43402570373715
102300	11.418428157978054
102600	11.402878471870388
102900	11.387410929686732
103200	11.3719993698307
103500	11.356655063160343
103800	11.341349482506672
104100	11.326145879870381
104400	11.311001191404667
104700	11.295964376182361
105000	11.280945051038774
105300	11.265999788125924
105600	11.251127644238217
105900	11.23634962324406
106200	11.221563859370598
106500	11.206861523915304
106800	11.192225007873075
107100	11.177662885762519
107400	11.163128009886094
107700	11.148678276272037
108000	11.1342567502119
108300	11.11991069825827
108600	11.105623236259447
108900	11.091374515618142
109200	11.077229798116932
109500	11.063116807801201
109800	11.0490665522743
110100	11.035054505361984
110400	11.021117637645672
110700	11.007176406852256
111000	10.993293204506767
111300	10.979464759420361
111600	10.965736957187069
111900	10.952058631596266
112200	10.938441420594035
112500	10.924856725791315
112800	10.911362874969907
113100	10.897858918039098
113400	10.884405841596175
113700	10.871020786716807
114000	10.85769117956584
114300	10.844457808045652
114600	10.831240761654497
114900	10.818103656597271
115200	10.805001401638394
115500	10.791955362839293
115800	10.778935356600208
116100	10.765949702624217
116400	10.75301443364382
116700	10.740159330090695
117000	10.72735629313522
117300	10.71456971911666
117600	10.701844651911344
117900	10.689157960734322
118200	10.676534682837406
118500	10.663933248495702
118800	10.651434090716917
119100	10.638935438143832
119400	10.626494142912062
119700	10.614094331317801
120000	10.601735896320617
120300	10.589436173788496
120600	10.57718759701747
120900	10.564954269015363
121200	10.552801194318628
121500	10.540683958509725
121800	10.528586888011542
122100	10.516535880928242
122400	10.50453009237103
122700	10.492575678312924
123000	10.480665372425268
123300	10.468824108521805
123600	10.456985732902512
123900	10.445196869892776
124200	10.433440908805125
124500	10.42178780410493
124800	10.410138451986494
125100	10.398542988407534
125400	10.386938022384548
125700	10.375401962131098
126000	10.36390892896707
126300	10.35243923218556
126600	10.341041712764785
126900	10.329686054069061
127200	10.318344027351696
127500	10.3070348231696
127800	10.2957696184123
128100	10.28457218652688
128400	10.273395546237648
128700	10.26222788898192
129000	10.251127868420589
129300	10.240100309356677
129600	10.229076273509378
129900	10.21807578505917
130200	10.207085547986987
130500	10.196151568355775
130800	10.185258790403614
131100	10.174403383257696
131400	10.163598482200962
131700	10.15282420633557
132000	10.142082776314574
132300	10.131365808613083
132600	10.120665337912904
132900	10.110033159754938
133200	10.099429213078732
133500	10.088861783603187
133800	10.078333136558737
134100	10.067842813430586
134400	10.05735923715188
134700	10.0469449780138
135000	10.03654725133611
135300	10.026167702254973
135600	10.015843188876557
135900	10.005544519708174
136200	9.995295714248275
136500	9.985073973688323
136800	9.97487397780211
137100	9.964702401607216
137400	9.954594263310488
137700	9.944475238816892
138000	9.934368659897714
138300	9.92433137148764
138600	9.914312823312084
138900	9.90435082283772
139200	9.894383662024453
139500	9.884477940963096
139800	9.874603184273578
140100	9.86473833887013
140400	9.854920890430094
140700	9.845151044923252
141000	9.83540114887752
141300	9.825676506332236
141600	9.81599490098884
141900	9.80633593877942
142200	9.796698937140038
142500	9.78710744088454
142800	9.77753941769833
143100	9.767979213513225
143400	9.758468996122675
143700	9.74900578849369
144000	9.739506887101324
144300	9.73007216550678
144600	9.7206772776715
144900	9.7112901184856
145200	9.701961130017564
145500	9.692607149628254
145800	9.683323132320282
146100	9.674046087901829
146400	9.664797344439837
146700	9.65558717117311
147000	9.646396284333296
147300	9.637248020649713
147600	9.628106698508178
147900	9.618989773630139
148200	9.609906482036267
148500	9.600875136944685
148800	9.591848459608487
149100	9.582879071450257
149400	9.57390294394462
149700	9.564938912065896
150000	9.556061170560064
150300	9.547151473601494
150600	9.538310929758726
150900	9.52947928765866
151200	9.520638859219815
151500	9.51190367022969
151800	9.503143428601579
152100	9.494400966112213
152400	9.485688001767695
152700	9.477036507975956
153000	9.468379090721834
153300	9.459739430910746
153600	9.451128714978768
153900	9.442533217640001
154200	9.433961076153988
154500	9.425433832981911
154800	9.416878801086014
155100	9.408384219649893
155400	9.399883750407746
155700	9.391428020686797
156000	9.38302151927704
156300	9.374651723457736
156600	9.366295856400603
156900	9.357947249674025
157200	9.349613181929598
157500	9.341306517859415
157800	9.333040941845978
158100	9.324791351358924
158400	9.316597245713062
158700	9.308383609212633
159000	9.300223929435393
159300	9.292093186803775
159600	9.283957376236195
159900	9.275842153049844
160200	9.267763503456916
160500	9.259701317978408
160800	9.251658932358641
161100	9.243623642036939
161400	9.235590415045536
161700	9.227608911665978
162000	9.21963937353645
162300	9.21169926956355
162600	9.203775896135195
162900	9.195887075926366
163200	9.187989583373788
163500	9.180139486169239
163800	9.172279690388102
164100	9.164465340262824
164400	9.156649765336793
164700	9.148876018081939
165000	9.141117563347269
165300	9.133373862307792
165600	9.125665678052613
165900	9.117975205752865
166200	9.110298432887774
166500	9.10263839674359
166800	9.095002162596858
167100	9.08738850795191
167400	9.079800264712398
167700	9.072242046078195
168000	9.064682152686187
168300	9.057143328828394
168600	9.049619879306782
168900	9.042099347630604
169200	9.034632911221824
169500	9.027173031415433
169800	9.019741414825766
170100	9.012350070325127
170400	9.004962049761376
170700	8.997590400138876
171000	8.990249775346399
171300	8.982914268632332
171600	8.975606343128707
171900	8.968321190373466
172200	8.961052749124999
172500	8.953814640427332
172800	8.946560700747673
173100	8.93931516489743
173400	8.932109684905225
173700	8.924906268555777
174000	8.917713005127066
174300	8.910572224628503
174600	8.903435129931172
174900	8.896311448094039
175200	8.889220335809025
175500	8.882150515032304
175800	8.875081565317803
176100	8.86804956977883
176400	8.861016981419997
176700	8.853992810869402
177000	8.846978855428269
177300	8.840011452363722
177600	8.833036730254939
177900	8.826074418703364
178200	8.819150556358037
178500	8.812242568697815
178800	8.805334374469266
179100	8.798448202655454
179400	8.791577483826678
179700	8.784726509649893
180000	8.777897248659187
180300	8.771077012741051
180600	8.764274892428613
180900	8.757500868270188
181200	8.75073600818185
181500	8.743981020134495
181800	8.737256549937523
182100	8.730552559564222
182400	8.723862946823047
182700	8.717184620894763
183000	8.710517598743483
183300	8.7038636531228
183600	8.697221470023417
183900	8.6906209383365
184200	8.68401076751018
184500	8.677411088881783
184800	8.670845146427313
185100	8.664293654892491
185400	8.65775771821227
185700	8.65123133068699
186000	8.64473134140444
186300	8.638244667627363
186600	8.631754714472054
186900	8.625278170328535
187200	8.61883807719223
187500	8.612388798328926
187800	8.605967684902058
188100	8.599589875687977
188400	8.593190823569472
188700	8.586826576509146
189000	8.580472034046442
189300	8.574129228171948
189600	8.567797837893266
189900	8.561508562629072
190200	8.555198326791022
190500	8.548898116007871
190800	8.542644438670468
191100	8.536412652175162
191400	8.530158108734827
191700	8.52391403118504
192000	8.517702402785286
192300	8.511496103517548
192600	8.50530873077906
192900	8.49912779325866
193200	8.49298826478778
193500	8.486851917288744
193800	8.480723049196808
194100	8.47460415802781
194400	8.46850096734095
194700	8.462415818168358
195000	8.45634992840328
195300	8.450276457162815
195600	8.44423203023481
195900	8.438203915918965
196200	8.432171180251984
196500	8.426168202028546
196800	8.42016673441227
197100	8.414179028867999
197400	8.408211921895372
197700	8.402257958997929
198000	8.396291283140647
198300	8.390357510897292
198600	8.38442903147063
198900	8.378549806617507
199200	8.372662839756515
199500	8.36680214329311
199800	8.360957169462008
200100	8.35512286159016
200400	8.349275510222022
200700	8.343451830748538
201000	8.337628610393573
201300	8.331815928491817
201600	8.326020571927705
201900	8.320237490186788
202200	8.314471653895804
202500	8.3087250420132
202800	8.302995990787874
203100	8.297268218191725
203400	8.291556925620633
203700	8.285856965298159
204000	8.280150046222799
204300	8.274467291187335
204600	8.268808510830418
204900	8.263158376709175
205200	8.25752518389625
205500	8.251895860711068
205800	8.246299454854913
206100	8.240693889526876
206400	8.235107953282666
206700	8.229549519411727
207000	8.223969027364932
207300	8.218404048678249
207600	8.212875733405596
207900	8.207324648695947
208200	8.20179624109705
208500	8.196300599911769
208800	8.190810369775253
209100	8.185327052346013
209400	8.179861131722038
209700	8.174406258147771
210000	8.168963993260121
210300	8.163517633640138
210600	8.158105892356105
210900	8.152698390707933
211200	8.147305230738931
211500	8.141909359586283
211800	8.136522036082273
212100	8.131143565377684
212400	8.125776810046325
212700	8.120406550382414
213000	8.115065327021654
213300	8.109714424302618
213600	8.104409042305647
213900	8.099091847573401
214200	8.093805387959897
214500	8.088524271006863
214800	8.083240896929862
215100	8.07797618532558
215400	8.072712636508996
215700	8.067474255358096
216000	8.062248266625968
216300	8.057016072493482
216600	8.051809745589456
216900	8.04660776074803
217200	8.041399870985824
217500	8.036227060225317
217800	8.031059359104871
218100	8.02589462895221
218400	8.020741448469488
218700	8.015604712480792
219000	8.010468785210241
219300	8.005367182843049
219600	8.00026083437887
219900	7.995172305840908
220200	7.990082689427904
220500	7.985032354872477
220800	7.979960480003891
221100	7.974900231455759
221400	7.969862797103419
221700	7.964823314066923
222000	7.959794734535311
222300	7.954792862121847
222600	7.949797306822163
222900	7.94479878467058
223200	7.939801578472819
223500	7.934841823900619
223800	7.929873583308305
224100	7.924926635624768
224400	7.9199841718778
224700	7.915027114220493
225000	7.910121247417663
225300	7.905204866774865
225600	7.900272785941764
225900	7.895382801608562
226200	7.890471652272884
226500	7.885573779367092
226800	7.880695562633674
227100	7.8758368351009285
227400	7.871006917659304
227700	7.866156644782735
228000	7.8612952242245004
228300	7.856459442999073
228600	7.851644589803692
228900	7.846838593437862
229200	7.842063612000796
229500	7.837292592125473
229800	7.832514560019442
230100	7.827744185607052
230400	7.822981825867853
230700	7.8182413455502004
231000	7.813514641443797
231300	7.808788609073769
231600	7.804076545184412
231900	7.799351708287033
232200	7.794659549345125
232500	7.789952071003773
232800	7.785257142662858
233100	7.780591944022429
233400	7.775908089576339
233700	7.771244273964881
234000	7.766575513087523
234300	7.761939660062351
234600	7.75731307420389
234900	7.752693121129392
235200	7.748057630402977
235500	7.743443314254376
235800	7.73883457513571
236100	7.7342371624255035
236400	7.729667351329931
236700	7.725094554005422
237000	7.7205275011333825
237300	7.715990943272307
237600	7.7114530344029175
237900	7.706909646297056
238200	7.702367150654464
238500	7.697850916252951
238800	7.693322510901788
239100	7.688832534003977
239400	7.6843416084369665
239700	7.679852912474585
240000	7.675356480124751
240300	7.670891424868707
240600	7.66640015376304
240900	7.661942008801677
241200	7.657500886860114
241500	7.653042154294884
241800	7.648623366012432
242100	7.644205736633735
242400	7.639798042335114
242700	7.635395271773262
243000	7.630989015938056
243300	7.626593179400083
243600	7.622202184686571
243900	7.617810505442334
244200	7.613440475085847
244500	7.609065198107325
244800	7.60471300986883
245100	7.600367701503816
245400	7.5960374468199845
245700	7.591691206073845
246000	7.587364799261858
246300	7.583054356461799
246600	7.578738890204701
246900	7.574427373445686
247200	7.5701388543082295
247500	7.565854803498835
247800	7.561567081924531
248100	7.557281580584189
248400	7.553010228460524
248700	7.5487533452389455
249000	7.54450396861145
249300	7.540270971671778
249600	7.536032209396232
249900	7.531800372544501
250200	7.527571607510184
250500	7.523356057510917
250800	7.519166730727451
251100	7.514965115291881
251400	7.510774980726794
251700	7.50659190534785
252000	7.502431106229625
252300	7.498260257555776
252600	7.494109063971066
252900	7.489955153722621
253200	7.48580211121759
253500	7.481668356610381
253800	7.477522381332287
254100	7.4733954678217245
254400	7.469272022512225
254700	7.465151068084348
255000	7.461037442788343
255300	7.456943932135342
255600	7.452839279210085
255900	7.448766192682565
256200	7.444695376277858
256500	7.4406376335439255
256800	7.436574144045889
257100	7.432508831925485
257400	7.42846632464415
257700	7.424413169285036
258000	7.420373442969208
258300	7.416349539245951
258600	7.412317196733008
258900	7.408305615267135
259200	7.404300299934409
259500	7.400287174459295
259800	7.396293132027209
260100	7.392310232401474
260400	7.388332322856095
260700	7.384372359530824
261000	7.380391698668717
261300	7.376426877214554
261600	7.372469589397461
261900	7.368536164070281
262200	7.364591935547974
262500	7.360654009359537
262800	7.3567172038251805
263100	7.35281128708794
263400	7.348887532739752
263700	7.344978391914544
264000	7.341069228892924
264300	7.3371584361921505
264600	7.3332762037675145
264900	7.3293917017738535
265200	7.325518901443487
265500	7.3216504754656535
265800	7.317797220975211
266100	7.3139419123261105
266400	7.310107343787922
266700	7.306257350747897
267000	7.302431505888844
267300	7.298594810493309
267600	7.294774307754952
267900	7.290942367902115
268200	7.287132868206568
268500	7.2833300188057315
268800	7.27951581765983
269100	7.275720744014663
269400	7.2719414218388465
269700	7.268167814815532
270000	7.26439808925695
270300	7.260636822121912
270600	7.256880139512813
270900	7.253127686249787
271200	7.249361695641319
271500	7.24560675746984
271800	7.241873291569318
272100	7.2381522009441825
272400	7.234411638130563
272700	7.230678869903668
273000	7.226968787005626
273300	7.223254222383577
273600	7.219540690789824
273900	7.215836184883611
274200	7.2121235936965995
274500	7.208452547811664
274800	7.204776079263209
275100	7.201105366582562
275400	7.197429520094382
275700	7.193765464692095
276000	7.190109857035872
276300	7.186463917090549
276600	7.182827611168026
276900	7.179196292877785
277200	7.175552165513947
277500	7.17192839230789
277800	7.168298833207048
278100	7.164692973111854
278400	7.1610759124321595
278700	7.157467662031663
279000	7.153881449497154
279300	7.1502945920991845
279600	7.146721976704243
279900	7.143150895351303
280200	7.1395674649486915
280500	7.135989985205118
280800	7.132429739233694
281100	7.128871303710884
281400	7.125325092102825
281700	7.121759743370474
282000	7.118206226225569
282300	7.114666903743395
282600	7.111129464383555
282900	7.107609282909028
283200	7.104101601003551
283500	7.1005844784432615
283800	7.097073229993796
284100	7.093554537892425
284400	7.090050002516159
284700	7.08656165716212
285000	7.083080367181932
285300	7.079600169230134
285600	7.076128070115283
285900	7.072663083799071
286200	7.069198852728171
286500	7.065736612612454
286800	7.062284097326452
287100	7.058838887772016
287400	7.055386978401858
287700	7.051943505943784
288000	7.0485024031182775
288300	7.045069389850388
288600	7.041649914264413
288900	7.038236442179146
289200	7.034820757032298
289500	7.031405102766055
289800	7.028009349266158
290100	7.024615363962447
290400	7.021226943461501
290700	7.017844753006
291000	7.014468022763019
291300	7.011095452778948
291600	7.0077232811752665
291900	7.004347351389451
292200	7.000999195210072
292500	6.997635811886161
292800	6.994278452212743
293100	6.990942833951056
293400	6.98760514611289
293700	6.984261877679208
294000	6.980940859733084
294300	6.977618455622608
294600	6.974302544667401
294900	6.970993913478792
295200	6.967662520128632
295500	6.964362985900453
295800	6.961054484767793
296100	6.957766334087539
296400	6.954466779184138
296700	6.951179339082522
297000	6.9478888689869125
297300	6.944606283962636
297600	6.941346107389489
297900	6.938073076421853
298200	6.934812572569108
298500	6.931560211043115
298800	6.928301266208074
299100	6.925042455102682
299400	6.921794404772471
299700	6.918558416076603
300000	6.915318278397926
300300	6.912081427754993
300600	6.9088537217508295
300900	6.90563921169409
301200	6.9024257487428375
301500	6.899206470960794
301800	6.89599385062602
302100	6.892775479872871
302400	6.8895707436133184
302700	6.88636698518269
303000	6.883148639484728
303300	6.8799484048222315
303600	6.876760871549124
303900	6.873576962059959
304200	6.870400549263856
304500	6.867242145855398
304800	6.864067258798418
305100	6.860915417553537
305400	6.857765528373109
305700	6.854628299186739
306000	6.851486080640298
306300	6.848340364572133
306600	6.845196621552274
306900	6.842070739437332
307200	6.838942907836632
307500	6.8358304056708405
307800	6.8327079221700755
308100	6.8296040821762105
308400	6.826499057107423
308700	6.823401833950615
309000	6.820305785713935
309300	6.817196897860226
309600	6.814109349495447
309900	6.811022197279309
310200	6.807944036845262
310500	6.804866261439135
310800	6.801792637433571
311100	6.798729486839408
311400	6.795664309950665
311700	6.792603954886825
312000	6.7895449842967714
312300	6.786508047101854
312600	6.783465213465192
312900	6.780416918942005
313200	6.7773742867926785
313500	6.774328517985728
313800	6.771292760883858
314100	6.768266668586061
314400	6.765231505453121
314700	6.76222356283237
315000	6.759194085329022
315300	6.756196483271349
315600	6.7531790835883845
315900	6.750185171367832
316200	6.747189182440506
316500	6.744196297023103
316800	6.74120607423316
317100	6.738229598293955
317400	6.735248430849195
317700	6.732275424318438
318000	6.729292056699134
318300	6.726303888310455
318600	6.7233558855352555
318900	6.720389472158782
319200	6.717429664029682
319500	6.714483764745363
319800	6.711538876709222
320100	6.708592386335496
320400	6.705660063448439
320700	6.702703575012066
321000	6.699783209240124
321300	6.6968472143781135
321600	6.6939143141739175
321900	6.690986170830712
322200	6.688054218827708
322500	6.685143699400633
322800	6.682230451669666
323100	6.679305264156555
323400	6.6764132585069484
323700	6.673504944119426
324000	6.670604234903648
324300	6.667717072740975
324600	6.664822203770539
324900	6.661945310161913
325200	6.659053451435865
325500	6.656188688976397
325800	6.6533134024175915
326100	6.650451017842014
326400	6.647581751694292
326700	6.644728122061713
327000	6.641880812662593
327300	6.639032884623768
327600	6.636186579038533
327900	6.633347870812997
328200	6.630512315482444
328500	6.627677922028168
328800	6.624850097511194
329100	6.622012901650647
329400	6.619179929669562
329700	6.616356422494471
330000	6.613540757355556
330300	6.610732221428361
330600	6.6079175942210915
330900	6.605110990110824
331200	6.602321182797645
331500	6.5995307756473895
331800	6.5967453007238905
332100	6.593960138910479
332400	6.591184072429525
332700	6.588396739845178
333000	6.5856096301065765
333300	6.582829310249165
333600	6.5800626282924775
333900	6.577288916514825
334200	6.574521026678121
334500	6.571757725407157
334800	6.568996555726422
335100	6.566231967806389
335400	6.563493002243142
335700	6.560750213232597
336000	6.558012882422139
336300	6.555270761133016
336600	6.552539680084072
336900	6.549805618760121
337200	6.5470690721641756
337500	6.544351072072569
337800	6.541618072472016
338100	6.538911174592881
338400	6.536207153662529
338700	6.5334968759154854
339000	6.530789882882672
339300	6.528076115605458
339600	6.525374401665292
339900	6.522697476622841
340200	6.52000254103867
340500	6.517309822849461
340800	6.514627373138923
341100	6.511952044650138
341400	6.509266757443435
341700	6.506587229706385
342000	6.503904983350101
342300	6.501219047883989
342600	6.4985501855642305
342900	6.49588161542187
343200	6.4932111686330565
343500	6.490543013019417
343800	6.487901210443558
344100	6.485258815294311
344400	6.48260479079141
344700	6.479956614942515
345000	6.477315726981738
345300	6.474675516103796
345600	6.472040923498842
345900	6.469415061348491
346200	6.466784605163084
346500	6.464170854233201
346800	6.461548961549282
347100	6.458934244832722
347400	6.456321147378246
347700	6.453706543167028
348000	6.451092000118221
348300	6.448501268383204
348600	6.445897372983122
348900	6.443300937292588
349200	6.440703557227736
349500	6.438113689116291
349800	6.4355321052225865
350100	6.43295029012455
350400	6.430385551761465
350700	6.427819844200826
351000	6.4252279622054616
351300	6.422666569504086
351600	6.420114757357732
351900	6.4175486947705815
352200	6.414986347959412
352500	6.412423900790818
352800	6.409861170934306
353100	6.407319821908686
353400	6.404763756364103
353700	6.402223120220702
354000	6.399685075272574
354300	6.3971539302542935
354600	6.3946221324395776
354900	6.392096475196924
355200	6.389556977312967
355500	6.387026762847168
355800	6.384503945567833
356100	6.381991467082489
356400	6.379484275503611
356700	6.376978318510511
357000	6.374464717439456
357300	6.371966394864449
357600	6.369446717366352
357900	6.366940308714915
358200	6.364438382020969
358500	6.361946977165896
358800	6.35946596753814
359100	6.356983408255017
359400	6.354499548863483
359700	6.35200842807563
360000	6.349532384803188
360300	6.34705761067203
360600	6.344589845299145
360900	6.342123416874804
361200	6.339659450326105
361500	6.337195558958074
361800	6.334743136933067
362100	6.332282338193934
362400	6.329830191052427
362700	6.327373561388985
363000	6.324927838406705
363300	6.3224782908193315
363600	6.320037975953326
363900	6.3175999751739935
364200	6.3151672085114665
364500	6.31272303649341
364800	6.31029551696405
365100	6.3078768953871105
365400	6.30544853089906
365700	6.303020588376702
366000	6.300605148466644
366300	6.298188121491114
366600	6.295767594440045
366900	6.293356561200072
367200	6.290949936884708
367500	6.288547361105083
367800	6.286134339380222
368100	6.283740607533673
368400	6.281345255536118
368700	6.27895940780148
369000	6.276573563624103
369300	6.274174208166777
369600	6.271788768072019
369900	6.269413152714428
370200	6.26701990441515
370500	6.264648754253997
370800	6.26227761557091
371100	6.259905991090363
371400	6.257537998114253
371700	6.255184171695765
372000	6.252825376511534
372300	6.250476542234103
372600	6.248115497180963
372900	6.245752113041615
373200	6.243407927689886
373500	6.2410527898216115
373800	6.238688541690068
374100	6.236343950643709
374400	6.234003374347617
374700	6.2316718072522495
375000	6.229334585906798
375300	6.227001213301811
375600	6.224681066404393
375900	6.222351190549313
376200	6.220025281650759
376500	6.217716905913491
376800	6.215392376088152
377100	6.213078766497723
377400	6.2107693624779685
377700	6.208453130420093
378000	6.206142485891233
378300	6.203832038488898
378600	6.201526545381746
378900	6.199219559931795
379200	6.196925060058415
379500	6.194609227960777
379800	6.192306901300297
380100	6.190020813969751
380400	6.18772898126609
380700	6.185433515258823
381000	6.183142928922427
381300	6.180866371910317
381600	6.1785823346606215
381900	6.176306935004436
382200	6.174044350889414
382500	6.171780156727646
382800	6.169525157073005
383100	6.167260680649734
383400	6.165003630441749
383700	6.162748799565373
384000	6.160486893822347
384300	6.158231400987809
384600	6.1559754202752694
384900	6.153726506812009
385200	6.151470740873844
385500	6.149216841972368
385800	6.146974567800455
386100	6.144729510094143
386400	6.142489289104014
386700	6.140264399238761
387000	6.138030896570438
387300	6.135802702600516
387600	6.133577747293664
387900	6.1313543160457264
388200	6.12913983094494
388500	6.126923072641656
388800	6.12470242706191
389100	6.122494986743893
389400	6.120275169324798
389700	6.118062199018631
390000	6.115849721620604
390300	6.113651466972108
390600	6.1114525593938644
390900	6.109256821344127
391200	6.107069349573918
391500	6.1048755167462385
391800	6.102688457866111
392100	6.100495667835569
392400	6.098320212774798
392700	6.096134657462966
393000	6.093958038200708
393300	6.091778714144109
393600	6.0896051883472575
393900	6.087424598136915
394200	6.085244671028762
394500	6.083085678905404
394800	6.080916911381124
395100	6.0787548077124
395400	6.076600960030998
395700	6.074441319861508
396000	6.072291198561928
396300	6.0701394607766135
396600	6.0679812762850425
396900	6.065830230552276
397200	6.063687683212947
397500	6.061552543876201
397800	6.05940338347336
398100	6.057266591363543
398400	6.05511880910923
398700	6.052986468034797
399000	6.050853720554443
399300	6.0487146592693115
399600	6.046583069516884
399900	6.044457314955689
400200	6.042326310402389
400500	6.040202880993203
400800	6.038090794942047
401100	6.0359718511857965
401400	6.033869248898913
401700	6.031760042385072
402000	6.029647011667088
402300	6.027550667339046
402600	6.025451532217816
402900	6.023356122647542
403200	6.021263719212511
403500	6.019166411108208
403800	6.017069512371951
404100	6.014978875811607
404400	6.012895121131573
404700	6.010806073363192
405000	6.008717405177498
405300	6.006642796343021
405600	6.004563158532136
405900	6.002474384847334
406200	6.0003885979320986
406500	5.99832112963416
406800	5.996254349153659
407100	5.994175384796591
407400	5.992100734683758
407700	5.990038969937883
408000	5.987983522369053
408300	5.985927389393763
408600	5.983868597013648
408900	5.981819015290574
409200	5.979771819162499
409500	5.977733742921707
409800	5.975690167237242
410100	5.973644085955109
410400	5.971602991522515
410700	5.969567588935922
411000	5.967527580386918
411300	5.965487100496819
411600	5.963456187722274
411900	5.961425292204946
412200	5.959389371242138
412500	5.957360911918504
412800	5.955334123940029
413100	5.95330945434055
413400	5.951293811815505
413700	5.949267418546428
414000	5.947246463803292
414300	5.945225317838273
414600	5.943209474661739
414900	5.941202341221142
415200	5.939192109002498
415500	5.937179909220552
415800	5.935173367163707
416100	5.933169496375672
416400	5.931172802390692
416700	5.929182152669158
417000	5.927180018039228
417300	5.925182494407764
417600	5.923189946596505
417900	5.921190016021038
418200	5.919208574579732
418500	5.917222819709814
418800	5.915235866225284
419100	5.913253566132952
419400	5.911272032151275
419700	5.909289678476896
420000	5.907303493610874
420300	5.9053335986478315
420600	5.903362021592675
420900	5.901386971831242
421200	5.899416265060478
421500	5.897452271184244
421800	5.895493055330638
422100	5.893528616761274
422400	5.891570662517783
422700	5.889608434635775
423000	5.887644891628511
423300	5.885690356546007
423600	5.883735964965146
423900	5.881783258913685
424200	5.879829452158658
424500	5.877875461858711
424800	5.87593634536397
425100	5.873998836655707
425400	5.872060877318761
425700	5.870118422509819
426000	5.868177950557185
426300	5.8662402976664785
426600	5.864302279424651
426900	5.8623795111624375
427200	5.860450807661268
427500	5.858530534342307
427800	5.856596207457059
428100	5.854673081948147
428400	5.852746704032706
428700	5.850825720796244
429000	5.848904173026034
429300	5.846986037592448
429600	5.845070773234059
429900	5.843152553435679
430200	5.841248668317167
430500	5.83934419307899
430800	5.837436329593704
431100	5.8355342254141345
431400	5.833636149404214
431700	5.831732797756394
432000	5.8298344003885685
432300	5.827944363441054
432600	5.8260469694830155
432900	5.824161649421109
433200	5.822280004624682
433500	5.820387429988894
433800	5.818507766427194
434100	5.8166289510358435
434400	5.814743708523004
434700	5.8128601868430305
435000	5.810977952671655
435300	5.809102694992404
435600	5.80722831539401
435900	5.805348556108667
436200	5.803467545308434
436500	5.801598953424344
436800	5.799725892205146
437100	5.797862686075932
437400	5.7960002965598
437700	5.794138018809509
438000	5.792281054248159
438300	5.790431719725356
438600	5.78857317049097
438900	5.786717742122574
439200	5.784861855314885
439500	5.783009945605807
439800	5.781169366450234
440100	5.779321201500843
440400	5.777473889560818
440700	5.775618970644388
441000	5.773779567814627
441300	5.771933296109907
441600	5.770103979822367
441900	5.768268067070581
442200	5.7664302841638
442500	5.76459381648282
442800	5.762760960553109
443100	5.760934816583729
443400	5.759112101762428
443700	5.757283740911923
444000	5.75545167105981
444300	5.753627402347453
444600	5.751814801874094
444900	5.749994853622695
445200	5.7481778154260015
445500	5.746359607922919
445800	5.744548168651541
446100	5.742736716927174
446400	5.740927289664744
446700	5.739115078611964
447000	5.737314388369224
447300	5.735509946648257
447600	5.733702806938847
447900	5.731917558284238
448200	5.73011066676552
448500	5.7283080534173925
448800	5.726519419556633
449100	5.724720162707087
449400	5.722930709730955
449700	5.721142405230495
450000	5.719355088529742
450300	5.717572078563759
450600	5.715782959989781
450900	5.713992928309044
451200	5.712215379721633
451500	5.710426430446974
451800	5.708654682666856
452100	5.706869349276433
452400	5.705104572758032
452700	5.7033261801842645
453000	5.701548063998162
453300	5.69977217081847
453600	5.69800885521787
453900	5.696252931486637
454200	5.694487077425027
454500	5.69272008927855
454800	5.690950881730503
455100	5.689184372711877
455400	5.687428673541815
455700	5.685672951058526
456000	5.6839218574323125
456300	5.682162511020291
456600	5.68040719396984
456900	5.678666303229427
457200	5.676916745437239
457500	5.675169709715135
457800	5.673416259979631
458100	5.6716751481178145
458400	5.669929786790906
458700	5.668181467770978
459000	5.666447707108869
459300	5.664714443894601
459600	5.662978475637851
459900	5.661240386804952
460200	5.659515284405547
460500	5.65779302431676
460800	5.656065706171082
461100	5.654344855933511
461400	5.652607498055596
461700	5.65089021452318
462000	5.64916427835607
462300	5.6474441532810555
462600	5.64572249642048
462900	5.644004685353863
463200	5.642285247513458
463500	5.6405729833107925
463800	5.638857568702473
464100	5.637148708612374
464400	5.63542752454523
464700	5.633712106794046
465000	5.632002633973054
465300	5.630303027842187
465600	5.6286033780593545
465900	5.626901634179618
466200	5.625199173811708
466500	5.62350553117234
466800	5.62180701518243
467100	5.6201231876234266
467400	5.618429669331993
467700	5.616734458042565
468000	5.61504786893285
468300	5.613355949630921
468600	5.611671856343277
468900	5.609994160010983
469200	5.608315026338702
469500	5.606628164547384
469800	5.60495911160236
470100	5.603278622804678
470400	5.601602217275108
470700	5.599926719473875
471000	5.59825569867605
471300	5.596583189623692
471600	5.594921334306547
471900	5.593261128418323
472200	5.591585878398782
472500	5.589922650373612
472800	5.588263421157863
473100	5.586599264989098
473400	5.584948559843297
473700	5.583288417210758
474000	5.5816227208968465
474300	5.579972447224341
474600	5.578312040426661
474900	5.576662072618823
475200	5.575000807941821
475500	5.573351690948963
475800	5.571702748330734
476100	5.570059238853464
476400	5.568427440059927
476700	5.566777100435051
477000	5.565135613618964
477300	5.563488362327998
477600	5.561844102024615
477900	5.560210314325624
478200	5.558577549078125
478500	5.556943878810658
478800	5.555325371399907
479100	5.553698612367399
479400	5.55207185011333
479700	5.550440524456171
480000	5.548809379085668
480300	5.547185296211661
480600	5.5455578115865665
480900	5.543936688832186
481200	5.542310155833207
481500	5.5406920214913455
481800	5.539079257944187
482100	5.537457898469857
482400	5.535834317981376
482700	5.534230212590861
483000	5.53261719411052
483300	5.5310105853837594
483600	5.529405709383475
483900	5.527796133935737
484200	5.526189123917273
484500	5.524580583932871
484800	5.522983413586334
485100	5.5213832604156545
485400	5.519784311728772
485700	5.518180060999686
486000	5.516584331304153
486300	5.514986382620856
486600	5.513399299281936
486900	5.511800226144439
487200	5.510202630197645
487500	5.50861577151826
487800	5.507032481136745
488100	5.505454395645094
488400	5.503875494024917
488700	5.502293268105024
489000	5.500696214450344
489300	5.499112870120568
489600	5.497540617118164
489900	5.495959490331622
490200	5.494374410715968
490500	5.492793888633008
490800	5.49121883305402
491100	5.489634099525911
491400	5.488064706596452
491700	5.486495378005001
492000	5.484927423344047
492300	5.483359106814004
492600	5.481792359771504
492900	5.480231839539726
493200	5.47867730017615
493500	5.4771231213965255
493800	5.475561941161599
494100	5.474003226893856
494400	5.472437263619911
494700	5.4708853206312416
495000	5.469339707150028
495300	5.467787447650626
495600	5.466230993528431
495900	5.46468498770208
496200	5.463130605018645
496500	5.4615740223309395
496800	5.460029822204119
497100	5.458484025246115
497400	5.456931920132014
497700	5.455382864844529
498000	5.453838342456475
498300	5.452298263028753
498600	5.450760895185697
498900	5.4492209863890295
499200	5.447680514828805
499500	5.4461441551669
499800	5.444604657708686
500100	5.443066385404483
500400	5.44153614236133
500700	5.44000829789265
501000	5.438473139107671
501300	5.436938806151218
501600	5.435410981046306
501900	5.43388780374127
502200	5.4323656390890935
502500	5.430840861885457
502800	5.4293192888406345
503100	5.427796830101438
503400	5.426284310854902
503700	5.4247664236182365
504000	5.423246250088414
504300	5.42172805449964
504600	5.420216226877029
504900	5.4187026139889864
505200	5.417186889189502
505500	5.415675972092081
505800	5.414169309806385
506100	5.412666727624229
506400	5.411163424006615
506700	5.409661628513216
507000	5.408152817557306
507300	5.406647807626818
507600	5.405151062527665
507900	5.403645686155997
508200	5.402150262934371
508500	5.400654440494094
508800	5.399153748617686
509100	5.397657659717385
509400	5.396167248030274
509700	5.394684716155233
510000	5.393187098062082
510300	5.39170457812815
510600	5.390215757197584
510900	5.3887365227666795
511200	5.3872433684422685
511500	5.38575183119352
511800	5.384266863725548
512100	5.382781913717524
512400	5.381307997960091
512700	5.379830428444153
513000	5.378353748263503
513300	5.376877867882865
513600	5.375409801344281
513900	5.3739379400074565
514200	5.372464374228762
514500	5.3709925884562795
514800	5.369531225891125
515100	5.36805905196423
515400	5.366597089113608
515700	5.365129083124247
516000	5.363666566694722
516300	5.362213279102939
516600	5.360754572568513
516900	5.359295674134648
517200	5.357832712535325
517500	5.356372775833301
517800	5.3549130498755515
518100	5.353447973279158
518400	5.351991648472966
518700	5.350538586926669
519000	5.349093495950854
519300	5.347645751854271
519600	5.346203033556854
519900	5.344762507050641
520200	5.343314233123185
520500	5.3418767757404755
520800	5.340429605151836
521100	5.338997530440015
521400	5.3375525398133465
521700	5.336117458874282
522000	5.334686731278408
522300	5.333250859544219
522600	5.331820218536999
522900	5.330387190191782
523200	5.3289450586217
523500	5.32750815579325
523800	5.3260808787526015
524100	5.324653421351345
524400	5.32323035679161
524700	5.321805019738386
525000	5.320380310352402
525300	5.3189604262125485
525600	5.317538497661276
525900	5.316114020568964
526200	5.314691489222296
526500	5.313264580024467
526800	5.311840424991821
527100	5.310422227654547
527400	5.309002970966196
527700	5.307596409450512
528000	5.306173751397317
528300	5.304763018610506
528600	5.30335652873117
528900	5.3019469563963035
529200	5.300534225067189
529500	5.299124771630012
529800	5.297725065113441
530100	5.296319120561158
530400	5.294907733496568
530700	5.293503236143473
531000	5.292096030448866
531300	5.290695105738198
531600	5.28929445545476
531900	5.2878858198812555
532200	5.2864770999932285
532500	5.285076090895194
532800	5.283683384145331
533100	5.2822968448321435
533400	5.28090323340998
533700	5.2795086767067465
534000	5.278111612352321
534300	5.276717240182768
534600	5.275327423593137
534900	5.273932257029139
535200	5.272541773611817
535500	5.271149211011602
535800	5.269771282511784
536100	5.2683929550775925
536400	5.267017232697043
536700	5.2656276331427
537000	5.264255511604725
537300	5.262873083472229
537600	5.261485521835965
537900	5.260109447843334
538200	5.258727434030491
538500	5.257346900746642
538800	5.255978895786057
539100	5.254606544491731
539400	5.253231949049409
539700	5.25186419102287
540000	5.250496647015059
540300	5.2491311012301916
540600	5.247771798560134
540900	5.246405005457412
541200	5.245046607528369
541500	5.243684329747445
541800	5.242324678383005
542100	5.240964885119595
542400	5.239600426613364
542700	5.238238088890158
543000	5.23687869288862
543300	5.235520272968465
543600	5.23417232224741
543900	5.232819401177695
544200	5.231463804027097
544500	5.230110921351111
544800	5.228756105761062
545100	5.227398535867486
545400	5.226050992974445
545700	5.224697130290805
546000	5.223347775440204
546300	5.221998982640892
546600	5.220652919630612
546900	5.219313655779505
547200	5.217969053159276
547500	5.21662881878737
547800	5.2152916507276
548100	5.2139573220718525
548400	5.212618172738658
548700	5.211275520528616
549000	5.209940450987559
549300	5.208600638870855
549600	5.207263599722108
549900	5.2059279818638355
550200	5.204591948780321
550500	5.203258978637523
550800	5.201932483255334
551100	5.20060976868934
551400	5.199282318489059
551700	5.197957446795346
552000	5.1966314627640395
552300	5.195304165253883
552600	5.1939811760361145
552900	5.192661986882025
553200	5.191337244526384
553500	5.190016721552398
553800	5.188692840529258
554100	5.187374166448038
554400	5.186063102466599
554700	5.184744916616362
555000	5.183424514782626
555300	5.182111431818333
555600	5.180804635861301
555900	5.179486821878445
556200	5.178176016245921
556500	5.176864864280508
556800	5.17555445841537
557100	5.174245663470285
557400	5.172939217086903
557700	5.171635962634497
558000	5.17033250994409
558300	5.169028883200106
558600	5.167720088802217
558900	5.166413363249479
559200	5.165111472004892
559500	5.163811054463535
559800	5.1625188036784575
560100	5.161215271623553
560400	5.159917153591121
560700	5.158613424320948
561000	5.15732197950335
561300	5.156021273765418
561600	5.154723342465402
561900	5.1534388929630595
562200	5.152148508766338
562500	5.150862607624349
562800	5.14958028625648
563100	5.148284791019812
563400	5.147006326727672
563700	5.145718396291306
564000	5.144436078384784
564300	5.143152557899594
564600	5.141876514771252
564900	5.140594381809514
565200	5.139317625553409
565500	5.138042019859016
565800	5.136762190520035
566100	5.135486190329297
566400	5.134208084434488
566700	5.132926825928224
567000	5.13165735175763
567300	5.130382641180024
567600	5.1291030544211145
567900	5.1278315916812485
568200	5.126553587338934
568500	5.125281491325721
568800	5.124012266320236
569100	5.122742425140249
569400	5.121475260717176
569700	5.120207820073686
570000	5.118951739469542
570300	5.117684977664531
570600	5.1164267092958156
570900	5.1151602935556
571200	5.113900820904391
571500	5.112641175540962
571800	5.111372090073235
572100	5.110118390799302
572400	5.108861437751894
572700	5.107610368578946
573000	5.106354708008234
573300	5.105092978590119
573600	5.103845584357761
573900	5.102589945401956
574200	5.101343460536833
574500	5.100097462904641
574800	5.098857966369621
575100	5.097604745235291
575400	5.09634861117711
575700	5.095097823821626
576000	5.09385625007264
576300	5.09261375816542
576600	5.091370264751511
576900	5.090119366056935
577200	5.088875223517535
577500	5.087628667764539
577800	5.08639506421499
578100	5.085154994944087
578400	5.083922495433836
578700	5.082678576316775
579000	5.081449274468361
579300	5.080214488056836
579600	5.078977919068917
579900	5.077747772979393
580200	5.0765154098678895
580500	5.075282284719837
580800	5.0740593767920394
581100	5.072829006569899
581400	5.071605590282533
581700	5.070373652900693
582000	5.069148329056196
582300	5.06791404273195
582600	5.066690291198122
582900	5.065463139555637
583200	5.064237171880064
583500	5.063020773473831
583800	5.0617938986863695
584100	5.060574585209228
584400	5.0593583918227685
584700	5.058141955910129
585000	5.056918367346066
585300	5.055700770686574
585600	5.054480708154864
585900	5.05326721735521
586200	5.052044625995616
586500	5.050834184757017
586800	5.049615978441336
587100	5.048405267049233
587400	5.047200406819668
587700	5.045988257521834
588000	5.044777070932635
588300	5.043572739301147
588600	5.042359848260929
588900	5.041159753090406
589200	5.03995215335828
589500	5.03875071877877
589800	5.037551348615251
590100	5.036345587819854
590400	5.035142954744794
590700	5.033943105554048
591000	5.032742503838993
591300	5.031548773143145
591600	5.030354893831527
591900	5.029158905289824
592200	5.027968366045068
592500	5.026772943968801
592800	5.0255734413215345
593100	5.0243746123199955
593400	5.023175154528227
593700	5.021988957306506
594000	5.020806027752364
594300	5.019625121346263
594600	5.018438312274675
594900	5.017248389128017
595200	5.016061026959144
595500	5.014873713781436
595800	5.013688421788727
596100	5.012507086461051
596400	5.011325960586317
596700	5.010142557694584
597000	5.008961619576178
597300	5.007781695340224
597600	5.006606770228057
597900	5.005429995826445
598200	5.004248947995828
598500	5.00307389587827
598800	5.001906027806351
599100	5.000722242423079
599400	4.9995483032031
599700	4.998375487142459
600000	4.997203375996457
600300	4.996029678648673
600600	4.994862916702219
600900	4.99369381568412
601200	4.992526698572517
601500	4.991349980427684
601800	4.99018472619708
602100	4.989012165064285
602400	4.987838216089571
602700	4.986673432096957
603000	4.98550355848902
603300	4.984335861629582
603600	4.983169903708831
603900	4.982005783606187
604200	4.98084524895456
604500	4.979686997911362
604800	4.978524069313755
605100	4.9773652664692145
605400	4.976205295682725
605700	4.97504189395002
606000	4.973886463193262
606300	4.972732619518636
606600	4.971581473208561
606900	4.970426047451838
607200	4.969271364874428
607500	4.968117774979467
607800	4.966967170191184
608100	4.965815072223942
608400	4.9646627106580175
608700	4.9635094755994995
609000	4.962360335866009
609300	4.961208385619104
609600	4.960064724101754
609900	4.958923574965517
610200	4.957785439540057
610500	4.9566412553628485
610800	4.9554977173595445
611100	4.9543549541816585
611400	4.953212843549245
611700	4.952067320956866
612000	4.950927541879135
612300	4.949794290797099
612600	4.948650171631583
612900	4.947508935421523
613200	4.946372832299491
613500	4.945232114832187
613800	4.944105452308456
614100	4.942970515375756
614400	4.941832379587479
614700	4.940703521588517
615000	4.939573288337355
615300	4.938438820670669
615600	4.937308740693576
615900	4.936178500726048
616200	4.935043423827053
616500	4.93391833211099
616800	4.932796418275865
617100	4.93166614059203
617400	4.930536953949419
617700	4.92941605419867
618000	4.928293063025388
618300	4.927173527691837
618600	4.92604901332072
618900	4.92493025133639
619200	4.923815723605326
619500	4.922698979786068
619800	4.921579431932767
620100	4.920466067261906
620400	4.919345252314059
620700	4.918225946756039
621000	4.917104291297116
621300	4.915992696964828
621600	4.9148754646872606
621900	4.913764426675526
622200	4.912645652159064
622500	4.911532890587928
622800	4.910416478127648
623100	4.909307996181328
623400	4.908197972766358
623700	4.907085750233474
624000	4.9059773560235564
624300	4.904872386341761
624600	4.903759021247291
624900	4.9026574577172095
625200	4.901550339682777
625500	4.900446490921879
625800	4.899348606655575
626100	4.898245760958699
626400	4.897143143593912
626700	4.89604401666275
627000	4.894944499534429
627300	4.893847461406336
627600	4.892748975132059
627900	4.891641966410052
628200	4.890546028882807
628500	4.889447838055025
628800	4.888356678506609
629100	4.887263085304692
629400	4.886171531236732
629700	4.885072704249859
630000	4.8839729796474725
630300	4.8828738020187075
630600	4.881785789540298
630900	4.880698895075117
631200	4.879612313176007
631500	4.878516924240396
631800	4.8774222572227774
632100	4.87633924697256
632400	4.875256284644015
632700	4.874177240163053
633000	4.873094978845868
633300	4.872004335430763
633600	4.870924284296956
633900	4.869841463430628
634200	4.868764919562872
634500	4.867685792648647
634800	4.866603848592181
635100	4.865520506475031
635400	4.86444223004632
635700	4.863363073936302
636000	4.862289171157115
636300	4.861213930088825
636600	4.860136313587694
636900	4.859059846673534
637200	4.857990840611668
637500	4.856914507332208
637800	4.855839703135877
638100	4.854762286845196
638400	4.853683747730063
638700	4.852605311419527
639000	4.851539980122167
639300	4.850477534263678
639600	4.849407410275202
639900	4.848333646243137
640200	4.847269494030851
640500	4.846202895746284
640800	4.845144019768211
641100	4.844088730395183
641400	4.8430241760018236
641700	4.841954313131291
642000	4.84088350846162
642300	4.8398179619883965
642600	4.838750767968589
642900	4.837684822171367
643200	4.836619548044087
643500	4.835560962966638
643800	4.8344988786178655
644100	4.833440475925302
644400	4.832385988070621
644700	4.831333475034331
645000	4.830276857007616
645300	4.829223350608768
645600	4.828169192269622
645900	4.8271175022707045
646200	4.826073470483185
646500	4.825021598801692
646800	4.823966646931405
647100	4.822919388834261
647400	4.821878324183343
647700	4.820827544055082
648000	4.819780242335472
648300	4.818734249283675
648600	4.817682660599134
648900	4.816636655298119
649200	4.8155909494409865
649500	4.814543141410997
649800	4.81349330691028
650100	4.812451063230089
650400	4.811404727903414
650700	4.810362356558384
651000	4.80931468861143
651300	4.808276908038948
651600	4.807241425140111
651900	4.806200284969629
652200	4.805159063242556
652500	4.804121224670348
652800	4.803086471425843
653100	4.802051217048579
653400	4.801018421759961
653700	4.79997897174047
654000	4.798945728072844
654300	4.797904531070007
654600	4.7968760341664085
654900	4.79584395766682
655200	4.794806403819777
655500	4.793778433864583
655800	4.792744522724882
656100	4.791718130179984
656400	4.790686799273452
656700	4.78966438621919
657000	4.78863496719204
657300	4.7876089466214395
657600	4.786578717688467
657900	4.785551664522611
658200	4.784535495751657
658500	4.783509561816737
658800	4.782482062834543
659100	4.781460850995194
659400	4.780432704073664
659700	4.779410658841977
660000	4.778392420752719
660300	4.777369841095666
660600	4.7763589795271235
660900	4.775341716420369
661200	4.774322057192472
661500	4.7733068071985185
661800	4.772292711521848
662100	4.7712725132798575
662400	4.7702630427093
662700	4.769245244625016
663000	4.768233956139708
663300	4.7672183512568065
663600	4.766204941164135
663900	4.765195204953676
664200	4.764188017977991
664500	4.763176009041015
664800	4.762163612557152
665100	4.761150302892889
665400	4.760133617169867
665700	4.759120007894488
666000	4.758111771775943
666300	4.757096262564959
666600	4.756092076937062
666900	4.755085574480557
667200	4.754080767748242
667500	4.753072157027321
667800	4.7520661651597536
668100	4.751067321217148
668400	4.750072938465079
668700	4.749065537118217
669000	4.748066618052643
669300	4.747066337478311
669600	4.7460699261111206
669900	4.745066676546938
670200	4.7440688271323435
670500	4.743069426709727
670800	4.742075620104355
671100	4.741069303915549
671400	4.740077706364701
671700	4.7390901075345635
672000	4.738089133130359
672300	4.7370890995989265
672600	4.736093683755794
672900	4.7351068191560834
673200	4.734114402197644
673500	4.733127000363312
673800	4.732134667877818
674100	4.731139730490032
674400	4.730155839858632
674700	4.729166565104189
675000	4.728180120841769
675300	4.727195971687713
675600	4.726210781120974
675900	4.7252265603709915
676200	4.724241050400848
676500	4.723262891030378
676800	4.722281166219455
677100	4.72129783433413
677400	4.720312559728322
677700	4.719327660823078
678000	4.718339277288749
678300	4.717355972669828
678600	4.716372008169001
678900	4.7153932220892365
679200	4.714413502201655
679500	4.713429254244077
679800	4.712451413042455
680100	4.711466071651305
680400	4.710490102116069
680700	4.70951876219851
681000	4.708552394730521
681300	4.707581551514558
681600	4.706617987175577
681900	4.7056446638796015
682200	4.704672189474358
682500	4.703696205961764
682800	4.702725009626873
683100	4.701754588411426
683400	4.7007916020866105
683700	4.6998249699066985
684000	4.698857816936449
684300	4.697891653397868
684600	4.6969205365139635
684900	4.695956867019787
685200	4.694991653103894
685500	4.694026912973672
685800	4.693068308420969
686100	4.692100539373785
686400	4.691135141935368
686700	4.6901733402145505
687000	4.689210086612071
687300	4.688253140585947
687600	4.6872921553200015
687900	4.686326642116607
688200	4.685367844038838
688500	4.684410690328937
688800	4.683457494905415
689100	4.6825017612549855
689400	4.681544067485104
689700	4.68058691140576
690000	4.679633924824007
690300	4.67867641859535
690600	4.677717061760328
690900	4.676762352987302
691200	4.675805586358803
691500	4.674847685634765
691800	4.673889077169736
692100	4.6729387447991275
692400	4.671987217361678
692700	4.67103182566591
693000	4.670087969124084
693300	4.669136076878619
693600	4.668189919151084
693900	4.667235404918658
694200	4.666290924753637
694500	4.665335264148819
694800	4.664381387062548
695100	4.663436976285131
695400	4.662492517316656
695700	4.661543899963251
696000	4.660595831860938
696300	4.65965148863315
696600	4.658711215319622
696900	4.657769008830941
697200	4.656826071976224
697500	4.655879284083197
697800	4.6549374362473
698100	4.6539952043282655
698400	4.653053567257688
698700	4.652112773817476
699000	4.651178521616751
699300	4.650243789178452
699600	4.649314255660612
699900	4.6483796520432055
700200	4.647437913996502
700500	4.646505682342103
700800	4.645570362213984
701100	4.644637368774436
701400	4.643701960463716
701700	4.642771325208074
702000	4.641839283723223
702300	4.640907074378519
702600	4.63997537809469
702900	4.6390466994920985
703200	4.638109370884361
703500	4.637171815466665
703800	4.636249925065987
704100	4.6353206264534546
704400	4.634388451555868
704700	4.633456062349507
705000	4.632529932396881
705300	4.631600021708794
705600	4.630678455526899
705900	4.629750478898018
706200	4.628827932321494
706500	4.627906465810419
706800	4.6269773370576335
707100	4.626055743820752
707400	4.625134848405541
707700	4.624213092617365
708000	4.623294129960833
708300	4.622370054722337
708600	4.62144426816856
708900	4.620525475360992
709200	4.619603961614842
709500	4.618689640314592
709800	4.617768982373672
710100	4.616854656548023
710400	4.615939215432205
710700	4.615025020920425
711000	4.614109648496881
711300	4.613192140004021
711600	4.612272839630846
711900	4.611365702830504
712200	4.610452410802994
712500	4.609534991439229
712800	4.608620496279293
713100	4.607708601228795
713400	4.60679880540269
713700	4.605886268655361
714000	4.604978844733809
714300	4.604070976737397
714600	4.6031661240433674
714900	4.602259895272555
